21 0.8203125 0.8104166666666667 0.1 0.17083333333333334
21 0.92109375 0.7229166666666667 0.1046875 0.14166666666666666
36 0.96015625 0.659375 0.0734375 0.08958333333333333
26 0.846875 0.6760416666666667 0.043750000000000004 0.035416666666666666
5 0.84765625 0.6072916666666667 0.0703125 0.07291666666666667
2 0.6765625000000001 0.671875 0.11875000000000001 0.07291666666666667
29 0.85078125 0.5364583333333334 0.0765625 0.05625
11 0.9437500000000001 0.5114583333333333 0.109375 0.12708333333333333
32 0.8984375 0.42916666666666664 0.07187500000000001 0.05
5 0.88046875 0.403125 0.0578125 0.035416666666666666
30 0.74921875 0.453125 0.1296875 0.11041666666666666
34 0.7890625 0.30104166666666665 0.10312500000000001 0.19375
35 0.94140625 0.384375 0.0328125 0.03958333333333333
