20 0.775 0.6302083333333334 0.240625 0.48125
21 0.48203125 0.7645833333333333 0.0859375 0.15833333333333333
21 0.5632812500000001 0.653125 0.0765625 0.12708333333333333
36 0.59140625 0.5916666666666667 0.0578125 0.075
26 0.5 0.6302083333333334 0.034375 0.035416666666666666
5 0.49296875 0.5677083333333334 0.06406250000000001 0.05625
2 0.34375 0.671875 0.115625 0.08958333333333333
13 0.6484375 0.5583333333333333 0.053125000000000006 0.03333333333333333
29 0.49062500000000003 0.5020833333333333 0.065625 0.05
11 0.59609375 0.4739583333333333 0.1640625 0.12708333333333333
8 0.61640625 0.36666666666666664 0.0328125 0.04583333333333333
27 0.6101562500000001 0.403125 0.06406250000000001 0.03125
32 0.51953125 0.4 0.0578125 0.05
5 0.5 0.37604166666666666 0.046875 0.03958333333333333
30 0.39140625 0.44166666666666665 0.1265625 0.11666666666666667
34 0.40937500000000004 0.2916666666666667 0.08750000000000001 0.19166666666666665
33 0.58984375 0.31979166666666664 0.029687500000000002 0.10208333333333333
35 0.55078125 0.35104166666666664 0.029687500000000002 0.03958333333333333
