20 0.9453125 0.68125 0.109375 0.5
21 0.7015625000000001 0.7802083333333333 0.09062500000000001 0.16041666666666665
21 0.79453125 0.6854166666666667 0.0890625 0.1375
36 0.82734375 0.628125 0.0703125 0.08958333333333333
26 0.72421875 0.65 0.0390625 0.03333333333333333
5 0.7210937500000001 0.584375 0.0671875 0.06458333333333333
2 0.5632812500000001 0.6583333333333333 0.1171875 0.07916666666666666
13 0.89609375 0.6 0.06406250000000001 0.04583333333333333
29 0.721875 0.5166666666666666 0.06875 0.05416666666666667
11 0.8500000000000001 0.5041666666666667 0.1875 0.15416666666666667
8 0.875 0.3875 0.034375 0.05
27 0.8679687500000001 0.42916666666666664 0.0765625 0.03333333333333333
32 0.7625000000000001 0.41041666666666665 0.065625 0.05
5 0.74375 0.3885416666666667 0.053125000000000006 0.03958333333333333
30 0.6273437500000001 0.440625 0.1203125 0.11041666666666666
34 0.6585937500000001 0.2916666666666667 0.0921875 0.19166666666666665
33 0.8484375000000001 0.3385416666666667 0.040625 0.10625
35 0.80078125 0.365625 0.029687500000000002 0.03958333333333333
