20 0.61484375 0.6104166666666666 0.20468750000000002 0.45416666666666666
21 0.3375 0.7802083333333333 0.09062500000000001 0.16458333333333333
21 0.41953125 0.65625 0.0765625 0.13333333333333333
36 0.44375000000000003 0.5916666666666667 0.059375000000000004 0.07916666666666666
26 0.35234375 0.6427083333333333 0.0390625 0.04375
5 0.34218750000000003 0.5802083333333333 0.07500000000000001 0.05625
2 0.18906250000000002 0.7052083333333333 0.125 0.11041666666666666
13 0.49609375 0.5520833333333334 0.051562500000000004 0.029166666666666667
29 0.33437500000000003 0.5135416666666667 0.06875 0.05625
11 0.43984375000000003 0.4666666666666667 0.16718750000000002 0.12083333333333333
8 0.45625000000000004 0.3677083333333333 0.03125 0.04375
27 0.4546875 0.403125 0.065625 0.03125
32 0.359375 0.4041666666666667 0.059375000000000004 0.05416666666666667
5 0.340625 0.38229166666666664 0.046875 0.04375
30 0.22578125000000002 0.459375 0.1390625 0.12291666666666666
34 0.23984375000000002 0.3052083333333333 0.09531250000000001 0.19791666666666666
33 0.42812500000000003 0.31979166666666664 0.028125 0.10208333333333333
35 0.390625 0.3541666666666667 0.028125 0.0375
