21 0.7390625000000001 0.7885416666666667 0.09062500000000001 0.16458333333333333
21 0.8359375 0.69375 0.09375 0.1375
36 0.8718750000000001 0.6364583333333333 0.06875 0.08541666666666667
26 0.7640625000000001 0.65625 0.040625 0.03333333333333333
5 0.7625000000000001 0.590625 0.06875 0.06875
2 0.60078125 0.6625 0.1171875 0.075
13 0.9437500000000001 0.6125 0.065625 0.04583333333333333
29 0.7640625000000001 0.521875 0.07500000000000001 0.05625
11 0.89609375 0.5125 0.1953125 0.15833333333333333
8 0.9226562500000001 0.39375 0.035937500000000004 0.05
27 0.9070312500000001 0.4375 0.0765625 0.03333333333333333
32 0.80625 0.4166666666666667 0.06875 0.05
5 0.7875000000000001 0.390625 0.053125000000000006 0.035416666666666666
30 0.66796875 0.4427083333333333 0.1234375 0.11041666666666666
34 0.69921875 0.2947916666666667 0.0921875 0.18958333333333333
33 0.89453125 0.34270833333333334 0.0421875 0.11041666666666666
35 0.8460937500000001 0.3697916666666667 0.0328125 0.03958333333333333
