20 0.6921875000000001 0.6145833333333334 0.21250000000000002 0.4583333333333333
21 0.41171875 0.7708333333333334 0.0859375 0.15833333333333333
21 0.4921875 0.6520833333333333 0.07187500000000001 0.125
36 0.51796875 0.5885416666666666 0.0578125 0.07708333333333334
26 0.42812500000000003 0.6333333333333333 0.037500000000000006 0.0375
5 0.41718750000000004 0.5708333333333333 0.065625 0.05416666666666667
2 0.26796875000000003 0.6854166666666667 0.1203125 0.10416666666666667
13 0.56875 0.5510416666666667 0.05 0.027083333333333334
29 0.41484375 0.50625 0.06406250000000001 0.05
11 0.51875 0.46458333333333335 0.16562500000000002 0.12083333333333333
8 0.534375 0.3677083333333333 0.03125 0.04375
27 0.5320312500000001 0.403125 0.06406250000000001 0.03125
32 0.4375 0.4 0.059375000000000004 0.05416666666666667
5 0.42031250000000003 0.3770833333333333 0.046875 0.041666666666666664
30 0.309375 0.45 0.13125 0.11666666666666667
34 0.325 0.2989583333333333 0.09375 0.19375
33 0.509375 0.31979166666666664 0.028125 0.10208333333333333
35 0.4703125 0.3520833333333333 0.028125 0.0375
