20 0.7351562500000001 0.625 0.22968750000000002 0.4708333333333333
21 0.44765625000000003 0.7666666666666666 0.0859375 0.15833333333333333
21 0.5281250000000001 0.6520833333333333 0.07187500000000001 0.125
36 0.5554687500000001 0.590625 0.0578125 0.07291666666666667
26 0.465625 0.63125 0.037500000000000006 0.0375
5 0.45625000000000004 0.5708333333333333 0.065625 0.05416666666666667
2 0.30546875 0.6791666666666667 0.1203125 0.10416666666666667
13 0.60703125 0.5520833333333334 0.0484375 0.029166666666666667
29 0.45234375000000004 0.5041666666666667 0.0671875 0.05
11 0.55859375 0.471875 0.1640625 0.12708333333333333
8 0.5734375 0.3697916666666667 0.03125 0.04375
27 0.5710937500000001 0.403125 0.06406250000000001 0.03125
32 0.47968750000000004 0.3989583333333333 0.059375000000000004 0.052083333333333336
5 0.4609375 0.37604166666666666 0.046875 0.04375
30 0.35234375 0.44479166666666664 0.1265625 0.11875
34 0.36953125000000003 0.296875 0.0890625 0.19375
33 0.5484375 0.31979166666666664 0.028125 0.10208333333333333
35 0.51015625 0.35104166666666664 0.029687500000000002 0.03958333333333333
