50 0.5328125 0.5333333333333333 0.07500000000000001 0.1875
49 0.41875 0.6239583333333333 0.0625 0.17291666666666666
9 0.40156250000000004 0.44687499999999997 0.14375000000000002 0.21458333333333332
0 0.3140625 0.45208333333333334 0.1 0.10416666666666667
12 0.34218750000000003 0.5927083333333333 0.125 0.10208333333333333
29 0.25546875 0.5635416666666666 0.0765625 0.05625
33 0.265625 0.39479166666666665 0.07187500000000001 0.052083333333333336
17 0.21250000000000002 0.490625 0.05625 0.07291666666666667
7 0.19921875 0.7041666666666666 0.22968750000000002 0.25
46 0.184375 0.4114583333333333 0.046875 0.07291666666666667
24 0.08515625 0.540625 0.0671875 0.052083333333333336
14 0.0421875 0.4 0.084375 0.0875
18 0.1390625 0.378125 0.0625 0.027083333333333334
44 0.1078125 0.46979166666666666 0.034375 0.03125
29 0.04453125 0.46979166666666666 0.0734375 0.035416666666666666
43 0.11796875000000001 0.42291666666666666 0.045312500000000006 0.0375
