50 0.6156250000000001 0.5385416666666667 0.07500000000000001 0.18958333333333333
49 0.49609375 0.621875 0.0546875 0.16458333333333333
9 0.484375 0.44375 0.134375 0.20833333333333334
0 0.3953125 0.44687499999999997 0.096875 0.10208333333333333
12 0.42578125 0.5833333333333334 0.1203125 0.0875
29 0.34687500000000004 0.5520833333333334 0.06875 0.05416666666666667
33 0.35078125000000004 0.3875 0.0703125 0.05
17 0.29921875000000003 0.4791666666666667 0.051562500000000004 0.07083333333333333
7 0.2859375 0.6854166666666667 0.21250000000000002 0.22916666666666666
46 0.27265625 0.4010416666666667 0.045312500000000006 0.07291666666666667
24 0.17734375000000002 0.5208333333333334 0.06406250000000001 0.05
14 0.13203125000000002 0.38229166666666664 0.09531250000000001 0.08541666666666667
18 0.22968750000000002 0.3677083333333333 0.059375000000000004 0.027083333333333334
44 0.20078125000000002 0.45416666666666666 0.029687500000000002 0.029166666666666667
29 0.1421875 0.4510416666666667 0.06875 0.03125
43 0.21015625000000002 0.41041666666666665 0.045312500000000006 0.0375
48 0.15937500000000002 0.49166666666666664 0.034375 0.020833333333333332
