50 0.65625 0.5395833333333333 0.078125 0.1875
49 0.53515625 0.621875 0.0546875 0.16458333333333333
9 0.5234375 0.44375 0.134375 0.20833333333333334
0 0.43593750000000003 0.4458333333333333 0.096875 0.1
12 0.46484375 0.5822916666666667 0.1203125 0.08541666666666667
29 0.38671875 0.546875 0.0671875 0.05625
33 0.39375000000000004 0.3854166666666667 0.06875 0.05
17 0.34218750000000003 0.4739583333333333 0.053125000000000006 0.07291666666666667
7 0.325 0.678125 0.209375 0.22708333333333333
46 0.3171875 0.3958333333333333 0.043750000000000004 0.075
24 0.2234375 0.5135416666666667 0.0625 0.04791666666666666
14 0.17890625000000002 0.3770833333333333 0.0921875 0.08333333333333333
18 0.275 0.36354166666666665 0.05625 0.027083333333333334
44 0.24531250000000002 0.4458333333333333 0.03125 0.029166666666666667
29 0.1875 0.44479166666666664 0.065625 0.027083333333333334
43 0.25625000000000003 0.4041666666666667 0.043750000000000004 0.03333333333333333
48 0.2109375 0.48541666666666666 0.03125 0.020833333333333332
