50 0.4546875 0.5333333333333333 0.07500000000000001 0.1875
49 0.340625 0.6322916666666667 0.0625 0.17291666666666666
9 0.3171875 0.45208333333333334 0.146875 0.21666666666666667
0 0.22109375 0.46458333333333335 0.1078125 0.10833333333333334
12 0.26328125 0.603125 0.1265625 0.10208333333333333
29 0.17734375000000002 0.5760416666666667 0.0765625 0.05625
33 0.17421875 0.4041666666666667 0.0734375 0.05416666666666667
17 0.1203125 0.50625 0.05625 0.075
7 0.1171875 0.7302083333333333 0.234375 0.25625
46 0.08750000000000001 0.4270833333333333 0.046875 0.07083333333333333
