50 0.925 0.5854166666666667 0.10625000000000001 0.20833333333333334
49 0.7742187500000001 0.6510416666666666 0.0671875 0.17708333333333334
9 0.78671875 0.46041666666666664 0.1421875 0.22083333333333333
0 0.6820312500000001 0.4510416666666667 0.1046875 0.10208333333333333
12 0.70625 0.5947916666666666 0.13125 0.10208333333333333
29 0.6234375000000001 0.5479166666666666 0.06875 0.058333333333333334
33 0.64375 0.38645833333333335 0.07187500000000001 0.04791666666666666
17 0.5867187500000001 0.46875 0.051562500000000004 0.07083333333333333
7 0.5578125 0.6604166666666667 0.2 0.21666666666666667
46 0.56796875 0.38958333333333334 0.0390625 0.06666666666666667
24 0.4703125 0.4875 0.059375000000000004 0.04583333333333333
14 0.4421875 0.35625 0.084375 0.07916666666666666
18 0.53359375 0.353125 0.06406250000000001 0.027083333333333334
44 0.496875 0.4322916666666667 0.028125 0.027083333333333334
29 0.4453125 0.421875 0.059375000000000004 0.022916666666666665
43 0.509375 0.39166666666666666 0.040625 0.03333333333333333
48 0.4625 0.4614583333333333 0.028125 0.01875
