50 0.74140625 0.5489583333333333 0.0859375 0.19375
49 0.6117187500000001 0.6260416666666666 0.0578125 0.16458333333333333
9 0.60859375 0.44687499999999997 0.1328125 0.21041666666666667
0 0.5171875 0.44375 0.09375 0.1
12 0.54453125 0.5802083333333333 0.1234375 0.09375
29 0.46640625 0.5427083333333333 0.0671875 0.05625
33 0.47578125000000004 0.384375 0.0671875 0.04791666666666666
17 0.42265625 0.4708333333333333 0.051562500000000004 0.07083333333333333
7 0.403125 0.665625 0.203125 0.21875
46 0.40156250000000004 0.38958333333333334 0.040625 0.07083333333333333
24 0.30859375 0.5 0.06406250000000001 0.04583333333333333
14 0.2703125 0.36666666666666664 0.08750000000000001 0.08333333333333333
18 0.3671875 0.35625 0.065625 0.029166666666666667
44 0.33125000000000004 0.4375 0.028125 0.03333333333333333
29 0.2765625 0.434375 0.065625 0.027083333333333334
43 0.34140625 0.3958333333333333 0.0421875 0.03333333333333333
48 0.2984375 0.47291666666666665 0.03125 0.020833333333333332
