2 0.53359375 0.7541666666666667 0.1390625 0.10416666666666667
5 0.4609375 0.6166666666666667 0.10312500000000001 0.058333333333333334
5 0.36484375 0.7114583333333333 0.11093750000000001 0.035416666666666666
37 0.28359375000000003 0.8312499999999999 0.07968750000000001 0.10416666666666667
37 0.37109375 0.37604166666666666 0.029687500000000002 0.04375
26 0.353125 0.41041666666666665 0.025 0.020833333333333332
34 0.259375 0.296875 0.065625 0.19791666666666666
27 0.27890625 0.4375 0.051562500000000004 0.05
33 0.30781250000000004 0.509375 0.043750000000000004 0.15625
13 0.31562500000000004 0.6291666666666667 0.096875 0.020833333333333332
41 0.17421875 0.6645833333333333 0.1546875 0.10833333333333334
8 0.1390625 0.559375 0.05 0.07291666666666667
36 0.24765625000000002 0.5135416666666667 0.0484375 0.06875
29 0.04453125 0.8947916666666667 0.0890625 0.14791666666666667
20 0.1265625 0.4197916666666667 0.17500000000000002 0.13125
27 0.19062500000000002 0.49895833333333334 0.06875 0.027083333333333334
11 0.38125000000000003 0.47812499999999997 0.15000000000000002 0.13125
