2 0.81796875 0.8083333333333333 0.15156250000000002 0.12916666666666665
5 0.7507812500000001 0.6385416666666667 0.11406250000000001 0.07708333333333334
5 0.64375 0.7114583333333333 0.10625000000000001 0.03958333333333333
37 0.5546875 0.8010416666666667 0.07187500000000001 0.09791666666666667
37 0.6796875 0.378125 0.03125 0.04375
26 0.6570312500000001 0.41041666666666665 0.0234375 0.016666666666666666
34 0.578125 0.28854166666666664 0.059375000000000004 0.18958333333333333
27 0.58359375 0.42604166666666665 0.051562500000000004 0.04375
33 0.6046875 0.5010416666666666 0.043750000000000004 0.15625
13 0.6015625 0.61875 0.096875 0.041666666666666664
41 0.47265625 0.621875 0.13593750000000002 0.09791666666666667
8 0.44921875 0.5166666666666666 0.0421875 0.07083333333333333
36 0.5484375 0.49374999999999997 0.046875 0.0625
29 0.32734375000000004 0.79375 0.1171875 0.12083333333333333
20 0.45078125 0.390625 0.1484375 0.11875
27 0.49765625 0.4739583333333333 0.060937500000000006 0.027083333333333334
11 0.6828125 0.48125 0.146875 0.12916666666666665
30 0.325 0.5729166666666666 0.109375 0.275
