37 0.890625 0.8781249999999999 0.08750000000000001 0.11041666666666666
27 0.9695312500000001 0.475 0.0578125 0.05
13 0.9554687500000001 0.6885416666666666 0.0859375 0.06041666666666667
41 0.81953125 0.6604166666666667 0.1546875 0.10833333333333334
8 0.80078125 0.5416666666666666 0.045312500000000006 0.07083333333333333
36 0.921875 0.5416666666666666 0.05625 0.07083333333333333
29 0.64609375 0.784375 0.1234375 0.11875
20 0.8265625000000001 0.409375 0.171875 0.12291666666666666
27 0.8640625000000001 0.5072916666666667 0.07187500000000001 0.035416666666666666
30 0.6726562500000001 0.5677083333333334 0.09843750000000001 0.26458333333333334
