2 0.59296875 0.7572916666666667 0.1421875 0.11041666666666666
5 0.5234375 0.615625 0.10625000000000001 0.06041666666666667
5 0.4265625 0.7041666666666666 0.109375 0.03333333333333333
37 0.34296875000000004 0.8177083333333334 0.0765625 0.10208333333333333
37 0.43828125 0.3729166666666667 0.0328125 0.041666666666666664
26 0.41953125 0.40520833333333334 0.0234375 0.01875
34 0.3296875 0.290625 0.0625 0.19375
27 0.34687500000000004 0.4302083333333333 0.05 0.04791666666666666
33 0.375 0.5020833333333333 0.043750000000000004 0.15416666666666667
13 0.3796875 0.6208333333333333 0.1 0.029166666666666667
41 0.24296875 0.6479166666666667 0.1484375 0.10416666666666667
8 0.21015625000000002 0.54375 0.0484375 0.07083333333333333
36 0.31484375000000003 0.503125 0.0484375 0.06458333333333333
29 0.09140625000000001 0.8635416666666667 0.1328125 0.13541666666666666
20 0.2015625 0.40729166666666666 0.16562500000000002 0.13125
27 0.26015625000000003 0.4895833333333333 0.0671875 0.029166666666666667
11 0.44609375 0.47291666666666665 0.1453125 0.12916666666666665
30 0.07265625 0.625 0.1453125 0.3
