2 0.9015625 0.8354166666666667 0.1625 0.14583333333333334
5 0.83359375 0.6572916666666666 0.1171875 0.08541666666666667
5 0.71875 0.7239583333333334 0.115625 0.052083333333333336
37 0.625 0.8072916666666666 0.07500000000000001 0.10208333333333333
37 0.76328125 0.3854166666666667 0.0328125 0.041666666666666664
26 0.7406250000000001 0.4166666666666667 0.025 0.016666666666666666
34 0.6609375000000001 0.2895833333333333 0.06875 0.19166666666666665
27 0.66171875 0.4302083333333333 0.051562500000000004 0.04375
33 0.68359375 0.5072916666666667 0.0421875 0.15625
13 0.6781250000000001 0.628125 0.096875 0.04791666666666666
41 0.546875 0.621875 0.134375 0.09375
8 0.5242187500000001 0.5166666666666666 0.0421875 0.07083333333333333
36 0.625 0.49583333333333335 0.046875 0.0625
29 0.39765625000000004 0.7833333333333333 0.1171875 0.12083333333333333
20 0.53046875 0.3875 0.15156250000000002 0.12083333333333333
27 0.57265625 0.4739583333333333 0.060937500000000006 0.027083333333333334
11 0.765625 0.48854166666666665 0.153125 0.13125
30 0.40234375 0.5625 0.09843750000000001 0.2708333333333333
