5 0.9484375 0.6885416666666666 0.1 0.09375
5 0.8367187500000001 0.75 0.1296875 0.07083333333333333
37 0.734375 0.8291666666666666 0.078125 0.10416666666666667
37 0.8992187500000001 0.403125 0.035937500000000004 0.04791666666666666
26 0.87265625 0.43333333333333335 0.026562500000000003 0.016666666666666666
34 0.7921875 0.29583333333333334 0.078125 0.19583333333333333
27 0.78828125 0.44375 0.0578125 0.041666666666666664
33 0.8054687500000001 0.5229166666666667 0.051562500000000004 0.15833333333333333
13 0.79453125 0.6479166666666667 0.1046875 0.0625
41 0.6609375000000001 0.6270833333333333 0.146875 0.10416666666666667
8 0.63984375 0.5229166666666667 0.0421875 0.06666666666666667
36 0.7429687500000001 0.509375 0.0484375 0.06458333333333333
29 0.50234375 0.7770833333333333 0.1203125 0.125
20 0.6507812500000001 0.39479166666666665 0.1546875 0.11875
27 0.69140625 0.484375 0.06406250000000001 0.027083333333333334
11 0.8914062500000001 0.5041666666666667 0.1609375 0.1375
30 0.5164062500000001 0.5583333333333333 0.0890625 0.26666666666666666
