5 0.87890625 0.7635416666666667 0.1296875 0.07291666666666667
37 0.7718750000000001 0.8375 0.078125 0.10416666666666667
37 0.9460937500000001 0.4114583333333333 0.035937500000000004 0.04791666666666666
26 0.91953125 0.4395833333333333 0.026562500000000003 0.016666666666666666
34 0.8375 0.30104166666666665 0.084375 0.20208333333333334
27 0.8328125000000001 0.45 0.0625 0.05
33 0.8445312500000001 0.5291666666666667 0.051562500000000004 0.15833333333333333
13 0.8367187500000001 0.6572916666666666 0.1078125 0.06041666666666667
41 0.70078125 0.6333333333333333 0.1453125 0.10416666666666667
8 0.67890625 0.525 0.0421875 0.06666666666666667
36 0.7875000000000001 0.5145833333333333 0.053125000000000006 0.06666666666666667
29 0.53671875 0.778125 0.1203125 0.12291666666666666
20 0.69296875 0.396875 0.15781250000000002 0.12291666666666666
27 0.734375 0.48854166666666665 0.065625 0.03125
11 0.9281250000000001 0.5229166666666667 0.140625 0.15416666666666667
30 0.5554687500000001 0.559375 0.0890625 0.26458333333333334
