2 0.55703125 0.753125 0.1390625 0.10208333333333333
5 0.48750000000000004 0.6177083333333333 0.10312500000000001 0.05625
5 0.390625 0.7083333333333334 0.109375 0.03333333333333333
37 0.30859375 0.8239583333333333 0.07968750000000001 0.10208333333333333
37 0.39921875 0.375 0.029687500000000002 0.041666666666666664
26 0.37890625 0.409375 0.0234375 0.01875
34 0.2890625 0.29791666666666666 0.065625 0.19583333333333333
27 0.30781250000000004 0.434375 0.05 0.04791666666666666
33 0.3359375 0.50625 0.043750000000000004 0.15416666666666667
13 0.34218750000000003 0.6270833333333333 0.096875 0.020833333333333332
41 0.20390625 0.6572916666666666 0.1546875 0.11041666666666666
8 0.16875 0.5520833333333334 0.046875 0.07083333333333333
36 0.27578125000000003 0.509375 0.0484375 0.06458333333333333
29 0.059375000000000004 0.884375 0.115625 0.14791666666666667
20 0.15859375 0.4166666666666667 0.17343750000000002 0.12916666666666665
27 0.21953125 0.4947916666666667 0.0671875 0.027083333333333334
11 0.4078125 0.47604166666666664 0.146875 0.13125
30 0.051562500000000004 0.6333333333333333 0.10312500000000001 0.3125
