42 0.15937500000000002 0.7291666666666666 0.06875 0.075
1 0.21015625000000002 0.615625 0.06406250000000001 0.15208333333333332
44 0.3484375 0.5958333333333333 0.03125 0.10416666666666667
45 0.46328125000000003 0.65 0.0484375 0.0625
43 0.63203125 0.6020833333333333 0.06406250000000001 0.075
32 0.60078125 0.7322916666666667 0.0390625 0.11458333333333333
47 0.7351562500000001 0.6947916666666667 0.060937500000000006 0.05625
38 0.7781250000000001 0.80625 0.05 0.07083333333333333
6 0.69921875 0.896875 0.1078125 0.10625
23 0.50703125 0.9270833333333334 0.15781250000000002 0.125
11 0.35000000000000003 0.809375 0.375 0.23958333333333334
31 0.3125 0.9583333333333334 0.053125000000000006 0.07916666666666666
43 0.05625 0.9010416666666666 0.03125 0.10625
