42 0.36171875000000003 0.684375 0.060937500000000006 0.06875
1 0.4140625 0.5875 0.046875 0.14166666666666666
44 0.5453125 0.5854166666666667 0.025 0.1
45 0.65546875 0.6583333333333333 0.0484375 0.06666666666666667
43 0.8406250000000001 0.6354166666666666 0.06875 0.0875
32 0.79453125 0.7677083333333333 0.0484375 0.11875
47 0.95234375 0.75625 0.0734375 0.058333333333333334
6 0.8984375 0.9458333333333333 0.12812500000000002 0.10416666666666667
23 0.6843750000000001 0.9333333333333333 0.16875 0.12916666666666665
11 0.540625 0.7895833333333333 0.36875 0.18333333333333332
31 0.48828125 0.9333333333333333 0.051562500000000004 0.075
43 0.2609375 0.8260416666666667 0.03125 0.09375
23 0.23750000000000002 0.6989583333333333 0.109375 0.08958333333333333
27 0.17109375000000002 0.5989583333333334 0.1171875 0.052083333333333336
31 0.12890625 0.8520833333333333 0.0421875 0.05416666666666667
15 0.07500000000000001 0.7052083333333333 0.12187500000000001 0.12708333333333333
4 0.059375000000000004 0.5583333333333333 0.06875 0.0375
