42 0.28359375000000003 0.696875 0.06406250000000001 0.06875
1 0.33515625000000004 0.5927083333333333 0.051562500000000004 0.14375
44 0.46718750000000003 0.5854166666666667 0.025 0.1
45 0.57734375 0.65 0.0484375 0.0625
43 0.7546875000000001 0.6177083333333333 0.06875 0.08125
32 0.71484375 0.75 0.045312500000000006 0.11666666666666667
47 0.8617187500000001 0.7270833333333333 0.0703125 0.058333333333333334
38 0.90390625 0.8447916666666666 0.0546875 0.07708333333333334
6 0.815625 0.9322916666666666 0.115625 0.12708333333333333
23 0.6125 0.93125 0.1625 0.1375
11 0.46484375 0.7947916666666667 0.3640625 0.19791666666666666
31 0.41796875 0.9375 0.051562500000000004 0.075
43 0.18125000000000002 0.85 0.034375 0.09583333333333333
23 0.15234375 0.7208333333333333 0.11406250000000001 0.09583333333333333
27 0.07968750000000001 0.621875 0.12187500000000001 0.05625
31 0.040625 0.8885416666666667 0.05 0.05625
