42 0.40078125000000003 0.6802083333333333 0.060937500000000006 0.06875
1 0.453125 0.584375 0.046875 0.13958333333333334
44 0.5828125000000001 0.584375 0.025 0.10208333333333333
45 0.6953125 0.6645833333333333 0.05 0.06666666666666667
43 0.884375 0.6458333333333334 0.07500000000000001 0.09166666666666666
32 0.8375 0.7791666666666667 0.053125000000000006 0.125
6 0.9281250000000001 0.9552083333333333 0.10625000000000001 0.08958333333333333
23 0.721875 0.9375 0.171875 0.125
11 0.57734375 0.7916666666666666 0.3671875 0.18333333333333332
31 0.52265625 0.9333333333333333 0.051562500000000004 0.075
43 0.29921875000000003 0.8145833333333333 0.029687500000000002 0.09166666666666666
23 0.278125 0.6895833333333333 0.10625000000000001 0.09166666666666666
27 0.21484375 0.5885416666666666 0.11093750000000001 0.04791666666666666
31 0.16875 0.8385416666666666 0.040625 0.052083333333333336
15 0.11484375000000001 0.6916666666666667 0.1203125 0.125
4 0.10703125000000001 0.5458333333333333 0.0671875 0.03333333333333333
39 0.02890625 0.6145833333333334 0.0578125 0.0625
