42 0.6179687500000001 0.68125 0.0578125 0.07083333333333333
1 0.6796875 0.5947916666666666 0.05 0.14375
44 0.8210937500000001 0.621875 0.029687500000000002 0.10625
45 0.94453125 0.7260416666666667 0.0578125 0.07291666666666667
11 0.8 0.8302083333333333 0.4 0.13958333333333334
31 0.72265625 0.9625 0.0484375 0.07083333333333333
43 0.5125000000000001 0.7927083333333333 0.028125 0.08958333333333333
23 0.5 0.6677083333333333 0.10312500000000001 0.08125
27 0.44921875 0.565625 0.09843750000000001 0.04375
31 0.3921875 0.7854166666666667 0.037500000000000006 0.05
15 0.36328125 0.6427083333333333 0.1078125 0.11041666666666666
4 0.35859375000000004 0.5083333333333333 0.0546875 0.03333333333333333
39 0.28359375000000003 0.5572916666666666 0.0578125 0.04791666666666666
19 0.16562500000000002 0.6479166666666667 0.215625 0.15
