42 0.32343750000000004 0.6885416666666666 0.0625 0.07291666666666667
1 0.37343750000000003 0.5885416666666666 0.05 0.14375
44 0.50625 0.5854166666666667 0.025 0.1
45 0.6156250000000001 0.653125 0.05 0.06875
43 0.796875 0.6239583333333333 0.07187500000000001 0.08541666666666667
32 0.7546875000000001 0.7572916666666667 0.046875 0.12291666666666666
47 0.9070312500000001 0.7395833333333334 0.0703125 0.058333333333333334
38 0.9476562500000001 0.8624999999999999 0.0578125 0.07916666666666666
6 0.8546875 0.9406249999999999 0.12187500000000001 0.11875
23 0.64765625 0.9291666666666667 0.1640625 0.1375
11 0.5007812500000001 0.7947916666666667 0.3640625 0.19791666666666666
31 0.453125 0.934375 0.053125000000000006 0.07708333333333334
43 0.22187500000000002 0.8354166666666667 0.034375 0.09583333333333333
23 0.1953125 0.7083333333333334 0.1125 0.09583333333333333
27 0.12578125 0.6083333333333333 0.1171875 0.05416666666666667
31 0.08359375000000001 0.86875 0.0484375 0.05416666666666667
15 0.045312500000000006 0.721875 0.09062500000000001 0.13541666666666666
4 0.0234375 0.5697916666666667 0.043750000000000004 0.03958333333333333
