32 0.3828125 0.628125 0.084375 0.06458333333333333
44 0.26875 0.7395833333333334 0.065625 0.05
29 0.19296875000000002 0.6729166666666666 0.09843750000000001 0.07916666666666666
50 0.275 0.5479166666666666 0.065625 0.10833333333333334
30 0.21015625000000002 0.4979166666666667 0.1390625 0.09583333333333333
33 0.13203125000000002 0.5197916666666667 0.0578125 0.13541666666666666
33 0.11640625 0.39791666666666664 0.0484375 0.1125
43 0.1234375 0.6239583333333333 0.046875 0.06041666666666667
17 0.084375 0.475 0.053125000000000006 0.06666666666666667
25 0.041406250000000006 0.5364583333333334 0.0390625 0.04791666666666666
47 0.039843750000000004 0.66875 0.07968750000000001 0.058333333333333334
0 0.07734375 0.8375 0.15156250000000002 0.225
46 0.051562500000000004 0.46041666666666664 0.046875 0.058333333333333334
