32 0.6515625 0.63125 0.08125 0.07916666666666666
44 0.53671875 0.709375 0.060937500000000006 0.05625
29 0.47109375000000003 0.6302083333333334 0.0859375 0.07291666666666667
50 0.5593750000000001 0.534375 0.0625 0.10208333333333333
30 0.5046875000000001 0.47812499999999997 0.12187500000000001 0.07708333333333334
33 0.4296875 0.48541666666666666 0.040625 0.12916666666666665
33 0.42578125 0.37083333333333335 0.0328125 0.10416666666666667
43 0.41718750000000004 0.578125 0.040625 0.06041666666666667
17 0.39375000000000004 0.434375 0.040625 0.06458333333333333
25 0.353125 0.484375 0.034375 0.04375
47 0.31328125 0.5979166666666667 0.1296875 0.05
0 0.31953125000000004 0.7520833333333333 0.2171875 0.2
46 0.36953125000000003 0.41562499999999997 0.0484375 0.05625
40 0.3140625 0.38229166666666664 0.037500000000000006 0.03958333333333333
29 0.29921875000000003 0.4635416666666667 0.0703125 0.022916666666666665
48 0.30000000000000004 0.49583333333333335 0.034375 0.016666666666666666
18 0.2609375 0.39791666666666664 0.025 0.09583333333333333
24 0.2671875 0.5333333333333333 0.037500000000000006 0.05416666666666667
18 0.2421875 0.48854166666666665 0.05625 0.05625
49 0.22265625 0.3729166666666667 0.0390625 0.09166666666666666
