32 0.49765625 0.6229166666666667 0.08281250000000001 0.075
44 0.38671875 0.7197916666666666 0.060937500000000006 0.052083333333333336
29 0.3171875 0.646875 0.09062500000000001 0.07708333333333334
50 0.3984375 0.5354166666666667 0.0625 0.10416666666666667
30 0.34140625 0.484375 0.1265625 0.08541666666666667
33 0.26640625 0.496875 0.0484375 0.13125
33 0.2546875 0.38229166666666664 0.040625 0.11041666666666666
43 0.2546875 0.5958333333333333 0.043750000000000004 0.0625
17 0.22187500000000002 0.4510416666666667 0.046875 0.06458333333333333
25 0.18125000000000002 0.50625 0.037500000000000006 0.05
47 0.13984375000000002 0.63125 0.1421875 0.0625
0 0.15781250000000002 0.790625 0.234375 0.21041666666666667
46 0.19375 0.43124999999999997 0.046875 0.058333333333333334
40 0.134375 0.40208333333333335 0.046875 0.04583333333333333
29 0.11796875000000001 0.4875 0.0734375 0.029166666666666667
48 0.11328125 0.5291666666666667 0.0328125 0.016666666666666666
18 0.07578125000000001 0.42604166666666665 0.0328125 0.10208333333333333
24 0.08828125 0.5677083333333334 0.0390625 0.06041666666666667
18 0.055468750000000004 0.521875 0.06406250000000001 0.052083333333333336
49 0.0328125 0.4010416666666667 0.043750000000000004 0.09791666666666667
