32 0.7757812500000001 0.6489583333333333 0.0921875 0.08958333333333333
44 0.6484375 0.7166666666666667 0.0625 0.058333333333333334
29 0.5890625 0.6354166666666666 0.084375 0.075
50 0.6804687500000001 0.54375 0.06406250000000001 0.10416666666666667
30 0.625 0.4791666666666667 0.12187500000000001 0.07083333333333333
33 0.5484375 0.4864583333333333 0.037500000000000006 0.13125
33 0.55078125 0.37083333333333335 0.029687500000000002 0.10416666666666667
43 0.534375 0.5760416666666667 0.040625 0.06041666666666667
17 0.5140625 0.43124999999999997 0.040625 0.0625
25 0.4703125 0.475 0.034375 0.041666666666666664
47 0.43125 0.5875 0.12812500000000002 0.05
0 0.43671875000000004 0.7375 0.2078125 0.2
46 0.49140625000000004 0.409375 0.0484375 0.05625
40 0.4390625 0.37604166666666666 0.037500000000000006 0.03958333333333333
29 0.42109375000000004 0.453125 0.0671875 0.022916666666666665
48 0.41796875 0.48541666666666666 0.0328125 0.016666666666666666
24 0.390625 0.5208333333333334 0.037500000000000006 0.05416666666666667
18 0.36640625000000004 0.47291666666666665 0.0484375 0.05
49 0.35390625000000003 0.3625 0.035937500000000004 0.0875
