32 0.81796875 0.6604166666666667 0.0921875 0.09583333333333333
44 0.6882812500000001 0.7260416666666667 0.06406250000000001 0.06458333333333333
29 0.628125 0.6395833333333333 0.084375 0.075
50 0.721875 0.5489583333333333 0.06875 0.10625
30 0.66796875 0.4822916666666667 0.1296875 0.06875
33 0.5921875 0.4875 0.037500000000000006 0.13333333333333333
33 0.59296875 0.3729166666666667 0.0328125 0.10833333333333334
43 0.571875 0.5770833333333333 0.037500000000000006 0.058333333333333334
17 0.55703125 0.43333333333333335 0.0421875 0.0625
25 0.509375 0.475 0.034375 0.041666666666666664
47 0.4703125 0.5802083333333333 0.125 0.06041666666666667
0 0.4734375 0.7354166666666666 0.2 0.19583333333333333
46 0.53671875 0.4114583333333333 0.045312500000000006 0.052083333333333336
40 0.48125 0.37604166666666666 0.037500000000000006 0.03958333333333333
29 0.4625 0.4510416666666667 0.065625 0.022916666666666665
48 0.45703125 0.48333333333333334 0.0328125 0.016666666666666666
24 0.43046875 0.5197916666666667 0.035937500000000004 0.052083333333333336
18 0.4078125 0.4708333333333333 0.05 0.05
49 0.39921875 0.359375 0.035937500000000004 0.08541666666666667
