32 0.53515625 0.6229166666666667 0.08281250000000001 0.075
44 0.42421875000000003 0.7145833333333333 0.060937500000000006 0.05
29 0.35625 0.64375 0.09062500000000001 0.075
50 0.4390625 0.534375 0.0625 0.10208333333333333
30 0.38359375 0.4770833333333333 0.1265625 0.08333333333333333
33 0.30859375 0.4927083333333333 0.045312500000000006 0.13125
33 0.29765625 0.3802083333333333 0.035937500000000004 0.11041666666666666
43 0.29375 0.5885416666666666 0.043750000000000004 0.06041666666666667
17 0.2671875 0.44479166666666664 0.046875 0.06458333333333333
25 0.2265625 0.5010416666666666 0.037500000000000006 0.04791666666666666
47 0.18515625000000002 0.6208333333333333 0.1421875 0.0625
0 0.19609375 0.778125 0.2328125 0.21041666666666667
46 0.23828125 0.425 0.0484375 0.058333333333333334
40 0.17343750000000002 0.39479166666666665 0.046875 0.04375
29 0.1640625 0.4791666666666667 0.07500000000000001 0.029166666666666667
48 0.16718750000000002 0.5166666666666666 0.034375 0.016666666666666666
18 0.12421875 0.41562499999999997 0.0328125 0.10208333333333333
24 0.13359375 0.5572916666666666 0.0390625 0.06041666666666667
18 0.10703125000000001 0.5125 0.06406250000000001 0.058333333333333334
49 0.08125 0.3927083333333333 0.043750000000000004 0.09791666666666667
