34 0.9007812500000001 0.809375 0.19843750000000002 0.27291666666666664
32 0.94921875 0.634375 0.1015625 0.07291666666666667
37 0.7429687500000001 0.6229166666666667 0.051562500000000004 0.07083333333333333
37 0.9046875000000001 0.5145833333333333 0.05 0.0625
26 0.92890625 0.46041666666666664 0.0171875 0.029166666666666667
13 0.784375 0.55 0.07500000000000001 0.03333333333333333
33 0.78671875 0.4354166666666667 0.045312500000000006 0.1375
27 0.753125 0.7572916666666667 0.1 0.06041666666666667
27 0.8359375 0.459375 0.078125 0.03958333333333333
41 0.8328125000000001 0.42083333333333334 0.07187500000000001 0.04583333333333333
11 0.86875 0.3729166666666667 0.15000000000000002 0.09166666666666666
26 0.6312500000000001 0.5666666666666667 0.025 0.03333333333333333
36 0.59375 0.6364583333333333 0.059375000000000004 0.07708333333333334
20 0.6507812500000001 0.3697916666666667 0.1046875 0.2604166666666667
29 0.71484375 0.42916666666666664 0.051562500000000004 0.0375
8 0.7523437500000001 0.3677083333333333 0.0328125 0.03958333333333333
5 0.48671875000000003 0.709375 0.08281250000000001 0.07291666666666667
