34 0.534375 0.7052083333333333 0.259375 0.2520833333333333
32 0.5140625 0.56875 0.096875 0.0625
37 0.328125 0.6145833333333334 0.05 0.07083333333333333
37 0.4546875 0.471875 0.040625 0.05625
26 0.4703125 0.41875 0.0125 0.025
13 0.35625 0.5322916666666666 0.065625 0.04375
33 0.3484375 0.4239583333333333 0.034375 0.13125
27 0.35390625000000003 0.7364583333333333 0.09531250000000001 0.07708333333333334
27 0.3953125 0.43645833333333334 0.07187500000000001 0.027083333333333334
41 0.384375 0.4010416666666667 0.0625 0.04375
11 0.4078125 0.35104166666666664 0.1375 0.07708333333333334
26 0.20625000000000002 0.59375 0.025 0.0375
36 0.17578125 0.6791666666666667 0.0671875 0.0875
20 0.1953125 0.384375 0.12187500000000001 0.27708333333333335
29 0.27578125000000003 0.4322916666666667 0.0546875 0.035416666666666666
8 0.30546875 0.365625 0.029687500000000002 0.03958333333333333
