34 0.84296875 0.7822916666666666 0.30781250000000004 0.27708333333333335
32 0.8265625000000001 0.6041666666666666 0.1125 0.07083333333333333
37 0.6265625 0.6083333333333333 0.05 0.07083333333333333
37 0.7718750000000001 0.49166666666666664 0.043750000000000004 0.058333333333333334
26 0.79296875 0.4375 0.0140625 0.029166666666666667
13 0.6609375000000001 0.5333333333333333 0.06875 0.0375
33 0.66171875 0.42291666666666666 0.0328125 0.12916666666666665
27 0.6421875 0.7364583333333333 0.09375 0.06041666666666667
27 0.7093750000000001 0.44687499999999997 0.07187500000000001 0.03125
41 0.7015625000000001 0.40729166666666666 0.05625 0.04375
11 0.734375 0.3572916666666667 0.140625 0.08541666666666667
26 0.51875 0.5625 0.025 0.03333333333333333
36 0.48203125 0.6322916666666667 0.0578125 0.08125
20 0.5281250000000001 0.3645833333333333 0.09375 0.2583333333333333
29 0.5945312500000001 0.421875 0.0484375 0.035416666666666666
8 0.6273437500000001 0.36041666666666666 0.029687500000000002 0.0375
5 0.37812500000000004 0.7177083333333333 0.084375 0.06875
