37 0.78515625 0.63125 0.0546875 0.075
37 0.9515625000000001 0.525 0.05 0.0625
26 0.9773437500000001 0.4708333333333333 0.0171875 0.029166666666666667
13 0.8265625000000001 0.5572916666666666 0.078125 0.035416666666666666
33 0.83125 0.44166666666666665 0.046875 0.1375
27 0.79453125 0.7666666666666666 0.1046875 0.0625
27 0.88671875 0.46979166666666666 0.08281250000000001 0.04375
41 0.8812500000000001 0.4239583333333333 0.06875 0.052083333333333336
11 0.91796875 0.378125 0.1546875 0.09375
26 0.6703125000000001 0.5708333333333333 0.025 0.03333333333333333
36 0.6312500000000001 0.6385416666666667 0.059375000000000004 0.07708333333333334
20 0.69296875 0.37083333333333335 0.11093750000000001 0.2625
29 0.7578125 0.4322916666666667 0.053125000000000006 0.03958333333333333
8 0.7976562500000001 0.371875 0.0328125 0.03958333333333333
5 0.5234375 0.7104166666666667 0.08125 0.07083333333333333
