34 0.64609375 0.7270833333333333 0.2734375 0.25416666666666665
32 0.6265625 0.5708333333333333 0.096875 0.0625
37 0.44140625 0.6020833333333333 0.0484375 0.07083333333333333
37 0.56875 0.4739583333333333 0.040625 0.05625
26 0.5875 0.41875 0.0125 0.025
13 0.46875 0.5260416666666666 0.065625 0.04375
33 0.465625 0.41770833333333335 0.034375 0.13125
27 0.4625 0.7270833333333333 0.09375 0.075
27 0.5125000000000001 0.4375 0.07187500000000001 0.025
41 0.5015625 0.4010416666666667 0.0625 0.04375
11 0.52578125 0.3520833333333333 0.13593750000000002 0.075
26 0.3296875 0.5729166666666666 0.025 0.0375
36 0.29609375 0.653125 0.06406250000000001 0.08541666666666667
20 0.31953125000000004 0.37604166666666666 0.1171875 0.26875
29 0.39609375 0.42083333333333334 0.051562500000000004 0.03333333333333333
8 0.421875 0.3572916666666667 0.028125 0.03958333333333333
5 0.18828125 0.7572916666666667 0.09843750000000001 0.06041666666666667
