34 0.80078125 0.7697916666666667 0.3015625 0.27708333333333335
32 0.7835937500000001 0.5916666666666667 0.1015625 0.0625
37 0.58828125 0.603125 0.0484375 0.06875
37 0.7265625 0.4864583333333333 0.040625 0.05625
26 0.74609375 0.43645833333333334 0.0140625 0.027083333333333334
13 0.6218750000000001 0.53125 0.065625 0.0375
33 0.62265625 0.42083333333333334 0.0328125 0.12916666666666665
27 0.6062500000000001 0.7302083333333333 0.09062500000000001 0.06458333333333333
27 0.6703125000000001 0.4427083333333333 0.07187500000000001 0.03125
41 0.6625000000000001 0.40520833333333334 0.05625 0.04375
11 0.690625 0.35520833333333335 0.134375 0.08125
26 0.48125 0.5625 0.025 0.03333333333333333
36 0.44765625000000003 0.6333333333333333 0.060937500000000006 0.08333333333333333
20 0.48671875000000003 0.36875 0.09843750000000001 0.26666666666666666
29 0.5554687500000001 0.42083333333333334 0.0484375 0.03333333333333333
8 0.5859375 0.35833333333333334 0.028125 0.0375
5 0.34218750000000003 0.7239583333333334 0.09062500000000001 0.06458333333333333
