37 0.86875 0.6510416666666666 0.05625 0.07708333333333334
13 0.9164062500000001 0.5770833333333333 0.08281250000000001 0.029166666666666667
33 0.925 0.45729166666666665 0.053125000000000006 0.14375
27 0.87265625 0.790625 0.1046875 0.06041666666666667
41 0.9632812500000001 0.440625 0.0734375 0.052083333333333336
26 0.74921875 0.5822916666666667 0.026562500000000003 0.03125
36 0.70703125 0.6489583333333333 0.060937500000000006 0.08125
20 0.78125 0.37604166666666666 0.125 0.27708333333333335
29 0.8390625 0.44479166666666664 0.059375000000000004 0.04375
8 0.88828125 0.384375 0.035937500000000004 0.03958333333333333
5 0.5953125 0.7135416666666666 0.08125 0.08125
