28 0.88046875 0.6875 0.06406250000000001 0.07916666666666666
28 0.7093750000000001 0.6125 0.046875 0.075
8 0.66171875 0.6802083333333333 0.060937500000000006 0.09791666666666667
34 0.690625 0.421875 0.084375 0.2895833333333333
32 0.58125 0.5739583333333333 0.084375 0.08125
30 0.55234375 0.44895833333333335 0.1015625 0.18541666666666667
27 0.48281250000000003 0.790625 0.109375 0.13958333333333334
33 0.48281250000000003 0.6010416666666667 0.053125000000000006 0.18958333333333333
20 0.53359375 0.3385416666666667 0.08281250000000001 0.21875
5 0.42421875000000003 0.6104166666666666 0.08281250000000001 0.05416666666666667
31 0.4453125 0.4322916666666667 0.034375 0.035416666666666666
5 0.4078125 0.5 0.07500000000000001 0.041666666666666664
13 0.41328125000000004 0.5479166666666666 0.051562500000000004 0.058333333333333334
26 0.39921875 0.6875 0.0421875 0.04583333333333333
11 0.43281250000000004 0.38645833333333335 0.13125 0.07291666666666667
21 0.3640625 0.434375 0.059375000000000004 0.07291666666666667
36 0.33125000000000004 0.40625 0.040625 0.05416666666666667
29 0.3296875 0.503125 0.059375000000000004 0.05625
