28 0.91796875 0.6552083333333333 0.0546875 0.07291666666666667
8 0.8625 0.725 0.06875 0.10416666666666667
34 0.91328125 0.453125 0.1203125 0.3145833333333333
32 0.77890625 0.5916666666666667 0.09843750000000001 0.07916666666666666
30 0.7578125 0.46041666666666664 0.115625 0.19583333333333333
27 0.6625000000000001 0.8020833333333334 0.12187500000000001 0.11666666666666667
33 0.67109375 0.615625 0.0546875 0.19375
20 0.7453125 0.3458333333333333 0.10312500000000001 0.22916666666666666
5 0.6109375 0.6114583333333333 0.084375 0.04791666666666666
31 0.6421875 0.4354166666666667 0.040625 0.041666666666666664
5 0.6039062500000001 0.4979166666666667 0.0734375 0.041666666666666664
13 0.6039062500000001 0.55 0.051562500000000004 0.05
26 0.58046875 0.6854166666666667 0.0421875 0.04583333333333333
11 0.6328125 0.390625 0.13125 0.08125
21 0.5625 0.4302083333333333 0.059375000000000004 0.07291666666666667
36 0.53359375 0.4010416666666667 0.0390625 0.052083333333333336
29 0.52578125 0.4927083333333333 0.0578125 0.04791666666666666
