28 0.753125 0.6583333333333333 0.0625 0.07916666666666666
28 0.5921875 0.6 0.046875 0.075
8 0.55078125 0.6729166666666666 0.0703125 0.1
34 0.5671875000000001 0.41562499999999997 0.078125 0.28541666666666665
32 0.46796875000000004 0.5697916666666667 0.0859375 0.08125
30 0.43359375 0.4479166666666667 0.11093750000000001 0.1875
27 0.375 0.7989583333333333 0.115625 0.14375
33 0.371875 0.6125 0.059375000000000004 0.19166666666666665
20 0.40937500000000004 0.3385416666666667 0.08750000000000001 0.22291666666666665
5 0.31093750000000003 0.6208333333333333 0.084375 0.05416666666666667
31 0.32578125 0.4375 0.035937500000000004 0.041666666666666664
5 0.29140625000000003 0.5114583333333333 0.0765625 0.04791666666666666
13 0.2984375 0.5635416666666666 0.05625 0.06041666666666667
26 0.28359375000000003 0.7052083333333333 0.0421875 0.04791666666666666
11 0.31171875000000004 0.39375 0.1390625 0.075
21 0.2421875 0.44895833333333335 0.065625 0.08125
36 0.20703125 0.421875 0.045312500000000006 0.05625
29 0.21015625000000002 0.5197916666666667 0.06406250000000001 0.06458333333333333
