28 0.49296875 0.6354166666666666 0.0578125 0.07083333333333333
28 0.33437500000000003 0.6083333333333333 0.046875 0.075
8 0.29453125 0.6947916666666667 0.0703125 0.10625
34 0.2890625 0.42604166666666665 0.1 0.29375
32 0.1953125 0.6072916666666667 0.09062500000000001 0.09791666666666667
30 0.14375000000000002 0.4791666666666667 0.14375000000000002 0.2
27 0.11171875 0.8697916666666666 0.1234375 0.18125
33 0.08828125 0.6770833333333334 0.0890625 0.2125
20 0.10859375 0.3677083333333333 0.1203125 0.2520833333333333
5 0.03515625 0.6916666666666667 0.0671875 0.07083333333333333
31 0.021875000000000002 0.484375 0.043750000000000004 0.052083333333333336
