28 0.9671875000000001 0.7145833333333333 0.065625 0.08333333333333333
28 0.7898437500000001 0.625 0.0484375 0.075
8 0.73984375 0.6927083333333334 0.06406250000000001 0.09791666666666667
34 0.775 0.43333333333333335 0.096875 0.29583333333333334
32 0.6570312500000001 0.5770833333333333 0.0890625 0.07916666666666666
30 0.6328125 0.45208333333333334 0.10312500000000001 0.18333333333333332
27 0.5515625000000001 0.790625 0.11875000000000001 0.13125
33 0.55625 0.6052083333333333 0.053125000000000006 0.18958333333333333
20 0.61484375 0.33958333333333335 0.0859375 0.22083333333333333
5 0.49921875000000004 0.60625 0.08281250000000001 0.04583333333333333
31 0.52265625 0.4302083333333333 0.035937500000000004 0.03958333333333333
5 0.48515625 0.4979166666666667 0.0734375 0.041666666666666664
13 0.49062500000000003 0.5479166666666666 0.053125000000000006 0.05416666666666667
26 0.47109375000000003 0.68125 0.0421875 0.04583333333333333
11 0.5140625 0.38645833333333335 0.13125 0.07291666666666667
21 0.44609375 0.4302083333333333 0.060937500000000006 0.07291666666666667
36 0.41484375 0.403125 0.0390625 0.052083333333333336
29 0.41171875 0.49583333333333335 0.0578125 0.05416666666666667
