28 0.87421875 0.6447916666666667 0.0546875 0.07291666666666667
8 0.821875 0.7104166666666667 0.06875 0.1
34 0.8578125000000001 0.44166666666666665 0.10312500000000001 0.29583333333333334
32 0.7351562500000001 0.584375 0.0890625 0.07708333333333334
30 0.7156250000000001 0.45625 0.109375 0.19583333333333333
27 0.62421875 0.7958333333333333 0.1234375 0.11666666666666667
33 0.63203125 0.6114583333333333 0.0546875 0.19375
20 0.70234375 0.3375 0.09531250000000001 0.225
5 0.571875 0.6072916666666667 0.09062500000000001 0.04791666666666666
31 0.60078125 0.4322916666666667 0.035937500000000004 0.03958333333333333
5 0.565625 0.4947916666666667 0.07500000000000001 0.04375
13 0.5640625 0.5489583333333333 0.05 0.052083333333333336
26 0.54296875 0.6833333333333333 0.0421875 0.04583333333333333
11 0.59296875 0.390625 0.1328125 0.08125
21 0.5242187500000001 0.4302083333333333 0.060937500000000006 0.07291666666666667
36 0.49375 0.4 0.040625 0.05416666666666667
29 0.48671875000000003 0.49374999999999997 0.0578125 0.05
