28 0.6390625000000001 0.6416666666666666 0.059375000000000004 0.07083333333333333
28 0.48281250000000003 0.6 0.046875 0.075
8 0.44296875 0.671875 0.0703125 0.09375
34 0.44921875 0.41770833333333335 0.0890625 0.2895833333333333
32 0.35546875 0.5770833333333333 0.0859375 0.0875
30 0.31484375000000003 0.45416666666666666 0.1203125 0.19166666666666665
27 0.2671875 0.8197916666666667 0.125 0.16041666666666665
33 0.25625000000000003 0.6302083333333334 0.06875 0.20625
20 0.27968750000000003 0.34375 0.1 0.23333333333333334
5 0.18828125 0.6447916666666667 0.09531250000000001 0.06875
31 0.2 0.453125 0.040625 0.04375
5 0.16796875 0.53125 0.0859375 0.05416666666666667
13 0.17578125 0.58125 0.0546875 0.07083333333333333
26 0.16562500000000002 0.7354166666666666 0.046875 0.05
11 0.18671875000000002 0.40625 0.15156250000000002 0.075
21 0.11171875 0.465625 0.0703125 0.08541666666666667
36 0.07187500000000001 0.44375 0.046875 0.0625
29 0.078125 0.5427083333333333 0.0625 0.06458333333333333
