28 0.5632812500000001 0.6375 0.060937500000000006 0.07083333333333333
28 0.40703125 0.6020833333333333 0.0484375 0.075
8 0.36953125000000003 0.684375 0.0703125 0.10625
34 0.36796875 0.421875 0.09531250000000001 0.2895833333333333
32 0.27734375 0.590625 0.0921875 0.09791666666666667
30 0.2328125 0.46458333333333335 0.12812500000000002 0.19583333333333333
27 0.19140625 0.8395833333333333 0.1234375 0.175
33 0.17343750000000002 0.646875 0.06875 0.20625
20 0.19765625 0.35625 0.1078125 0.24166666666666667
5 0.10625000000000001 0.66875 0.096875 0.07083333333333333
31 0.11171875 0.46770833333333334 0.045312500000000006 0.04791666666666666
5 0.0765625 0.55 0.08750000000000001 0.058333333333333334
13 0.0890625 0.6041666666666666 0.05625 0.07083333333333333
26 0.08203125 0.7625 0.051562500000000004 0.05416666666666667
11 0.0921875 0.4197916666666667 0.15625 0.07291666666666667
21 0.02890625 0.4864583333333333 0.0578125 0.08958333333333333
