35 0.77265625 0.6572916666666666 0.0578125 0.07291666666666667
8 0.76328125 0.746875 0.0671875 0.10208333333333333
26 0.8695312500000001 0.9770833333333333 0.0421875 0.04583333333333333
33 0.5921875 0.6927083333333334 0.059375000000000004 0.21458333333333332
28 0.54296875 0.6239583333333333 0.0765625 0.05625
32 0.415625 0.753125 0.134375 0.10208333333333333
5 0.6703125000000001 0.9291666666666667 0.1125 0.14166666666666666
34 0.3875 0.5177083333333333 0.15625 0.38125
5 0.2765625 0.803125 0.065625 0.12708333333333333
30 0.1765625 0.60625 0.16562500000000002 0.2833333333333333
21 0.11171875 0.784375 0.1046875 0.16041666666666665
13 0.16015625 0.9604166666666667 0.11406250000000001 0.075
