35 0.8992187500000001 0.6885416666666666 0.06406250000000001 0.07708333333333334
8 0.8835937500000001 0.7822916666666666 0.0703125 0.10208333333333333
33 0.703125 0.7052083333333333 0.0625 0.21875
28 0.65390625 0.6322916666666667 0.0765625 0.05625
32 0.521875 0.7479166666666667 0.12812500000000002 0.09166666666666666
5 0.76171875 0.9385416666666666 0.08281250000000001 0.11458333333333333
34 0.50390625 0.5104166666666666 0.1390625 0.37083333333333335
5 0.38593750000000004 0.7822916666666666 0.065625 0.12708333333333333
30 0.30000000000000004 0.5822916666666667 0.15000000000000002 0.27291666666666664
21 0.234375 0.7489583333333333 0.10312500000000001 0.15208333333333332
13 0.27187500000000003 0.9395833333333333 0.1125 0.1125
31 0.09531250000000001 0.7375 0.07187500000000001 0.07083333333333333
20 0.08359375000000001 0.49374999999999997 0.1390625 0.35833333333333334
