33 0.971875 0.7947916666666667 0.05625 0.23541666666666666
28 0.9453125 0.6947916666666667 0.08750000000000001 0.07291666666666667
32 0.7796875000000001 0.778125 0.14375000000000002 0.09375
34 0.790625 0.5322916666666666 0.178125 0.3729166666666667
5 0.6335937500000001 0.7822916666666666 0.0734375 0.11458333333333333
30 0.5710937500000001 0.56875 0.1234375 0.2708333333333333
21 0.49609375 0.709375 0.0921875 0.14375
13 0.515625 0.9041666666666667 0.096875 0.1375
31 0.37421875000000004 0.6729166666666666 0.06406250000000001 0.06666666666666667
20 0.38359375 0.45416666666666666 0.1046875 0.325
29 0.278125 0.9083333333333333 0.13125 0.15416666666666667
2 0.27968750000000003 0.5114583333333333 0.09062500000000001 0.04791666666666666
36 0.234375 0.7239583333333334 0.08125 0.10208333333333333
11 0.14765625000000002 0.6333333333333333 0.29531250000000003 0.1625
21 0.1703125 0.5 0.07187500000000001 0.09583333333333333
