35 0.94140625 0.7 0.0671875 0.07916666666666666
8 0.9265625000000001 0.796875 0.07187500000000001 0.10625
33 0.7421875 0.7114583333333333 0.0625 0.21875
28 0.69296875 0.6364583333333333 0.0765625 0.05625
32 0.5578125 0.7479166666666667 0.12812500000000002 0.09166666666666666
5 0.7953125000000001 0.9416666666666667 0.078125 0.1125
34 0.54453125 0.509375 0.1390625 0.36875
5 0.42109375000000004 0.7791666666666667 0.06406250000000001 0.125
30 0.33906250000000004 0.5770833333333333 0.140625 0.275
21 0.27421875 0.7385416666666667 0.1015625 0.15208333333333332
13 0.30781250000000004 0.9291666666666667 0.10625000000000001 0.125
31 0.1375 0.7239583333333334 0.06875 0.06875
20 0.12890625 0.4875 0.1328125 0.35
29 0.060937500000000006 0.9572916666666667 0.12187500000000001 0.08541666666666667
2 0.03359375 0.559375 0.0671875 0.052083333333333336
