28 0.97265625 0.709375 0.0546875 0.07291666666666667
32 0.821875 0.7927083333333333 0.15000000000000002 0.10208333333333333
34 0.8296875 0.5385416666666667 0.178125 0.3729166666666667
5 0.67109375 0.7864583333333334 0.0734375 0.11458333333333333
30 0.6117187500000001 0.5708333333333333 0.1265625 0.2708333333333333
21 0.53125 0.709375 0.09062500000000001 0.14375
13 0.55 0.9041666666666667 0.096875 0.1375
31 0.41171875 0.66875 0.06406250000000001 0.06666666666666667
20 0.42421875000000003 0.45625 0.0921875 0.3208333333333333
29 0.3140625 0.9 0.13125 0.15416666666666667
2 0.3203125 0.5083333333333333 0.09062500000000001 0.04583333333333333
36 0.27421875 0.7135416666666666 0.0734375 0.10208333333333333
11 0.17500000000000002 0.6229166666666667 0.325 0.15416666666666667
21 0.21406250000000002 0.4927083333333333 0.06875 0.09375
