35 0.8132812500000001 0.6666666666666666 0.060937500000000006 0.075
8 0.80234375 0.7572916666666667 0.0671875 0.10625
26 0.909375 0.984375 0.043750000000000004 0.03125
33 0.628125 0.6979166666666666 0.0625 0.22083333333333333
28 0.5789062500000001 0.6270833333333333 0.0734375 0.05416666666666667
32 0.45156250000000003 0.753125 0.134375 0.10208333333333333
5 0.7039062500000001 0.93125 0.11093750000000001 0.13333333333333333
34 0.4265625 0.515625 0.15625 0.38125
5 0.3140625 0.7947916666666667 0.065625 0.12708333333333333
30 0.21953125 0.596875 0.1609375 0.28125
21 0.15000000000000002 0.7697916666666667 0.10312500000000001 0.16041666666666665
13 0.20078125000000002 0.953125 0.1171875 0.08958333333333333
31 0.0203125 0.771875 0.040625 0.07708333333333334
