33 0.8203125 0.734375 0.078125 0.23541666666666666
28 0.77265625 0.6510416666666666 0.08281250000000001 0.06875
32 0.63046875 0.7520833333333333 0.13593750000000002 0.09583333333333333
5 0.8625 0.9562499999999999 0.065625 0.08333333333333333
34 0.62265625 0.5166666666666666 0.1453125 0.36666666666666664
5 0.49062500000000003 0.7760416666666666 0.065625 0.11458333333333333
30 0.415625 0.571875 0.134375 0.26875
21 0.34921875 0.7239583333333334 0.09531250000000001 0.14791666666666667
13 0.37890625 0.9125 0.1046875 0.125
31 0.21796875000000002 0.7010416666666667 0.06406250000000001 0.06875
20 0.21875 0.47291666666666665 0.11875000000000001 0.3375
29 0.1265625 0.9375 0.146875 0.12083333333333333
2 0.10703125000000001 0.54375 0.09531250000000001 0.058333333333333334
36 0.0671875 0.7729166666666667 0.08125 0.10833333333333334
11 0.06796875000000001 0.659375 0.13593750000000002 0.14375
