33 0.9476562500000001 0.7739583333333333 0.0890625 0.23958333333333334
28 0.9007812500000001 0.6802083333333333 0.0859375 0.07291666666666667
32 0.7421875 0.7697916666666667 0.14375000000000002 0.09375
34 0.7468750000000001 0.5260416666666666 0.16875 0.3729166666666667
5 0.59765625 0.7770833333333333 0.0734375 0.11666666666666667
30 0.53359375 0.5666666666666667 0.1234375 0.2708333333333333
21 0.4609375 0.709375 0.09375 0.14791666666666667
13 0.48203125 0.903125 0.09843750000000001 0.13958333333333334
31 0.33671875 0.6770833333333334 0.06406250000000001 0.06666666666666667
20 0.34453125 0.45729166666666665 0.1046875 0.32708333333333334
29 0.24140625000000002 0.9177083333333333 0.1328125 0.15625
2 0.23828125 0.5166666666666666 0.0921875 0.058333333333333334
36 0.1953125 0.7322916666666667 0.08125 0.10208333333333333
11 0.12812500000000002 0.6427083333333333 0.25625000000000003 0.16458333333333333
21 0.12421875 0.5083333333333333 0.0734375 0.1
