34 0.7718750000000001 0.5885416666666666 0.096875 0.4395833333333333
28 0.6507812500000001 0.59375 0.0703125 0.058333333333333334
26 0.56171875 0.7739583333333333 0.0328125 0.052083333333333336
5 0.5625 0.6979166666666666 0.059375000000000004 0.1125
30 0.60546875 0.49583333333333335 0.15781250000000002 0.13333333333333333
35 0.4859375 0.7739583333333333 0.06875 0.08958333333333333
32 0.496875 0.6229166666666667 0.08125 0.09583333333333333
2 0.50625 0.403125 0.046875 0.035416666666666666
29 0.47421875 0.490625 0.051562500000000004 0.05625
5 0.45390625 0.44895833333333335 0.060937500000000006 0.027083333333333334
33 0.39453125 0.7291666666666666 0.06406250000000001 0.21666666666666667
21 0.41796875 0.3572916666666667 0.035937500000000004 0.06041666666666667
26 0.43515625 0.42291666666666666 0.0234375 0.020833333333333332
8 0.33984375 0.7145833333333333 0.060937500000000006 0.09583333333333333
27 0.353125 0.6552083333333333 0.109375 0.08541666666666667
11 0.36875 0.5364583333333334 0.22812500000000002 0.11875
36 0.37890625 0.4197916666666667 0.0390625 0.052083333333333336
21 0.38906250000000003 0.390625 0.040625 0.06458333333333333
13 0.32578125 0.475 0.06406250000000001 0.025
31 0.30390625000000004 0.434375 0.035937500000000004 0.03958333333333333
20 0.29921875000000003 0.3208333333333333 0.09843750000000001 0.19583333333333333
