34 0.571875 0.5645833333333333 0.078125 0.4125
28 0.4625 0.5875 0.06875 0.058333333333333334
26 0.38515625000000003 0.7822916666666666 0.0328125 0.052083333333333336
5 0.38046875 0.70625 0.0578125 0.11666666666666667
30 0.41250000000000003 0.49374999999999997 0.1625 0.12916666666666665
35 0.30781250000000004 0.7979166666666666 0.07500000000000001 0.09166666666666666
32 0.30703125000000003 0.6354166666666666 0.0859375 0.1
2 0.30625 0.4114583333333333 0.053125000000000006 0.03958333333333333
29 0.27578125000000003 0.5052083333333334 0.051562500000000004 0.05625
5 0.2484375 0.46249999999999997 0.065625 0.025
33 0.20468750000000002 0.7708333333333334 0.096875 0.23333333333333334
21 0.20625000000000002 0.37083333333333335 0.040625 0.0625
26 0.2328125 0.43854166666666666 0.028125 0.022916666666666665
8 0.1421875 0.7635416666666667 0.06875 0.11041666666666666
27 0.15234375 0.6958333333333333 0.1171875 0.10416666666666667
11 0.15859375 0.5677083333333334 0.2515625 0.11458333333333333
36 0.16796875 0.440625 0.045312500000000006 0.06041666666666667
21 0.1796875 0.4083333333333333 0.05 0.06666666666666667
13 0.11171875 0.5072916666666667 0.0734375 0.01875
31 0.08359375000000001 0.46458333333333335 0.0421875 0.041666666666666664
20 0.07187500000000001 0.34270833333333334 0.125 0.20625
