34 0.534375 0.5645833333333333 0.078125 0.4125
28 0.42500000000000004 0.5895833333333333 0.06875 0.058333333333333334
26 0.3484375 0.7885416666666667 0.034375 0.052083333333333336
5 0.34375 0.7114583333333333 0.059375000000000004 0.11875
30 0.371875 0.4979166666666667 0.1625 0.12916666666666665
35 0.2703125 0.8083333333333333 0.07500000000000001 0.09166666666666666
32 0.2671875 0.64375 0.08750000000000001 0.10833333333333334
2 0.26484375 0.4125 0.0546875 0.041666666666666664
29 0.23671875 0.5114583333333333 0.051562500000000004 0.05625
5 0.209375 0.46979166666666666 0.065625 0.027083333333333334
33 0.16562500000000002 0.7833333333333333 0.096875 0.23333333333333334
21 0.16328125000000002 0.3770833333333333 0.045312500000000006 0.06666666666666667
26 0.18906250000000002 0.4458333333333333 0.028125 0.020833333333333332
8 0.10234375000000001 0.7760416666666666 0.0703125 0.11041666666666666
27 0.11328125 0.7083333333333334 0.1171875 0.10416666666666667
11 0.12187500000000001 0.578125 0.24375000000000002 0.11041666666666666
36 0.12265625000000001 0.4479166666666667 0.0484375 0.0625
21 0.134375 0.41354166666666664 0.053125000000000006 0.06875
13 0.065625 0.51875 0.078125 0.025
31 0.035937500000000004 0.47604166666666664 0.043750000000000004 0.04791666666666666
20 0.04453125 0.35104166666666664 0.0890625 0.21458333333333332
