34 0.6101562500000001 0.56875 0.07968750000000001 0.4166666666666667
28 0.5 0.5875 0.06875 0.058333333333333334
26 0.42109375000000004 0.778125 0.0328125 0.052083333333333336
5 0.41796875 0.7020833333333333 0.0578125 0.11666666666666667
30 0.45156250000000003 0.49166666666666664 0.1625 0.12916666666666665
35 0.3453125 0.7895833333333333 0.07500000000000001 0.09166666666666666
32 0.3453125 0.63125 0.084375 0.1
2 0.34687500000000004 0.409375 0.053125000000000006 0.03958333333333333
29 0.3203125 0.5 0.053125000000000006 0.058333333333333334
5 0.29453125 0.46041666666666664 0.060937500000000006 0.029166666666666667
33 0.24453125 0.7583333333333333 0.08281250000000001 0.225
21 0.25234375000000003 0.3677083333333333 0.0390625 0.06458333333333333
26 0.2734375 0.4354166666666667 0.028125 0.020833333333333332
8 0.18515625000000002 0.75 0.06406250000000001 0.10416666666666667
27 0.19687500000000002 0.684375 0.115625 0.09375
11 0.20234375000000002 0.559375 0.24531250000000002 0.11041666666666666
36 0.21250000000000002 0.434375 0.043750000000000004 0.06041666666666667
21 0.22421875000000002 0.40208333333333335 0.0484375 0.06666666666666667
13 0.15703125 0.49895833333333334 0.0734375 0.01875
31 0.12890625 0.4583333333333333 0.0421875 0.041666666666666664
20 0.12109375 0.3364583333333333 0.1171875 0.20208333333333334
