34 0.6898437500000001 0.575 0.08281250000000001 0.42083333333333334
28 0.5750000000000001 0.5875 0.06875 0.058333333333333334
26 0.48984375 0.7739583333333333 0.0328125 0.052083333333333336
5 0.49062500000000003 0.6958333333333333 0.059375000000000004 0.1125
30 0.52734375 0.49374999999999997 0.15781250000000002 0.13333333333333333
35 0.41718750000000004 0.7802083333333333 0.06875 0.08958333333333333
32 0.421875 0.6229166666666667 0.08125 0.1
2 0.42812500000000003 0.403125 0.046875 0.035416666666666666
29 0.39765625000000004 0.4927083333333333 0.051562500000000004 0.05625
5 0.375 0.45208333333333334 0.0625 0.029166666666666667
33 0.32343750000000004 0.7416666666666667 0.08125 0.225
21 0.33671875 0.3614583333333333 0.0390625 0.06458333333333333
26 0.35546875 0.4270833333333333 0.026562500000000003 0.020833333333333332
8 0.26328125 0.7302083333333333 0.06406250000000001 0.10208333333333333
27 0.27578125000000003 0.6666666666666666 0.11093750000000001 0.0875
11 0.28671875 0.546875 0.23593750000000002 0.11875
36 0.296875 0.42604166666666665 0.040625 0.05625
21 0.30781250000000004 0.39375 0.043750000000000004 0.06666666666666667
13 0.24375000000000002 0.484375 0.06875 0.01875
31 0.21875 0.44375 0.037500000000000006 0.0375
20 0.20859375000000002 0.3260416666666667 0.11406250000000001 0.19791666666666666
