34 0.8601562500000001 0.78125 0.27968750000000003 0.30416666666666664
37 0.66171875 0.746875 0.06406250000000001 0.08541666666666667
48 0.42500000000000004 0.7927083333333333 0.053125000000000006 0.03958333333333333
36 0.5265625 0.6010416666666667 0.07187500000000001 0.09791666666666667
41 0.5710937500000001 0.5541666666666667 0.1421875 0.0875
19 0.74609375 0.60625 0.2234375 0.12916666666666665
9 0.70234375 0.48020833333333335 0.1046875 0.13125
15 0.7671875 0.45 0.09375 0.08333333333333333
13 0.63203125 0.4947916666666667 0.0546875 0.04791666666666666
0 0.628125 0.42291666666666666 0.096875 0.08333333333333333
50 0.6218750000000001 0.3958333333333333 0.059375000000000004 0.03333333333333333
42 0.72578125 0.36041666666666666 0.026562500000000003 0.0375
28 0.74921875 0.3958333333333333 0.026562500000000003 0.03333333333333333
34 0.56953125 0.3625 0.1390625 0.06666666666666667
30 0.49296875 0.440625 0.0578125 0.13125
47 0.54453125 0.39791666666666664 0.060937500000000006 0.03333333333333333
