34 0.80078125 0.753125 0.3296875 0.29791666666666666
37 0.58515625 0.7375 0.060937500000000006 0.08333333333333333
48 0.3515625 0.803125 0.053125000000000006 0.03958333333333333
36 0.45 0.6052083333333333 0.07187500000000001 0.09791666666666667
41 0.48828125 0.55625 0.1421875 0.0875
19 0.659375 0.5989583333333334 0.20625000000000002 0.13541666666666666
9 0.61484375 0.471875 0.1046875 0.13125
15 0.67734375 0.4395833333333333 0.0890625 0.08333333333333333
13 0.55390625 0.48854166666666665 0.0546875 0.04791666666666666
0 0.5437500000000001 0.41875 0.096875 0.08333333333333333
50 0.596875 0.378125 0.059375000000000004 0.035416666666666666
42 0.6296875000000001 0.35104166666666664 0.025 0.035416666666666666
28 0.6546875000000001 0.3885416666666667 0.025 0.03125
34 0.47968750000000004 0.3625 0.14375000000000002 0.06666666666666667
30 0.40468750000000003 0.440625 0.065625 0.13541666666666666
47 0.45390625 0.4 0.060937500000000006 0.03333333333333333
