34 0.83984375 0.765625 0.3171875 0.29375
37 0.62421875 0.7427083333333333 0.06406250000000001 0.08541666666666667
48 0.38906250000000003 0.796875 0.053125000000000006 0.03958333333333333
36 0.4890625 0.603125 0.07187500000000001 0.09791666666666667
41 0.53046875 0.5520833333333334 0.1421875 0.0875
19 0.7039062500000001 0.603125 0.2171875 0.14375
9 0.6640625 0.47604166666666664 0.10625000000000001 0.13125
15 0.7273437500000001 0.4458333333333333 0.09531250000000001 0.08333333333333333
13 0.59296875 0.490625 0.0546875 0.04791666666666666
0 0.5890625 0.42083333333333334 0.096875 0.08333333333333333
50 0.6375000000000001 0.37395833333333334 0.059375000000000004 0.035416666666666666
42 0.6820312500000001 0.35833333333333334 0.026562500000000003 0.0375
28 0.7054687500000001 0.38958333333333334 0.026562500000000003 0.03333333333333333
34 0.53125 0.3614583333333333 0.140625 0.06875
30 0.453125 0.4395833333333333 0.059375000000000004 0.13333333333333333
47 0.5046875000000001 0.3958333333333333 0.0625 0.03333333333333333
