37 0.78125 0.771875 0.06875 0.08541666666666667
48 0.53515625 0.790625 0.0484375 0.04375
36 0.64609375 0.615625 0.0734375 0.09791666666666667
41 0.690625 0.565625 0.146875 0.08958333333333333
19 0.875 0.634375 0.24375000000000002 0.13125
9 0.8328125000000001 0.4947916666666667 0.115625 0.13541666666666666
15 0.9148437500000001 0.4739583333333333 0.1046875 0.09375
13 0.76328125 0.5052083333333334 0.06406250000000001 0.04375
0 0.7585937500000001 0.434375 0.11093750000000001 0.08958333333333333
50 0.8148437500000001 0.390625 0.0671875 0.04375
42 0.86328125 0.375 0.029687500000000002 0.0375
28 0.8890625000000001 0.4114583333333333 0.028125 0.03125
34 0.7015625000000001 0.3677083333333333 0.15000000000000002 0.07291666666666667
30 0.6171875 0.44375 0.05625 0.1375
47 0.6687500000000001 0.403125 0.0625 0.035416666666666666
