37 0.8226562500000001 0.7833333333333333 0.0703125 0.0875
48 0.57265625 0.7927083333333333 0.0484375 0.04375
36 0.68515625 0.61875 0.0734375 0.1
41 0.7328125000000001 0.56875 0.153125 0.09583333333333333
19 0.8984375 0.64375 0.203125 0.12916666666666665
9 0.8718750000000001 0.5010416666666666 0.115625 0.13541666666666666
15 0.9539062500000001 0.4822916666666667 0.0921875 0.09375
13 0.8078125 0.5135416666666667 0.06875 0.04375
0 0.80390625 0.43854166666666666 0.11093750000000001 0.08958333333333333
50 0.8625 0.39479166666666665 0.06875 0.03958333333333333
42 0.91328125 0.38125 0.029687500000000002 0.0375
28 0.9390625 0.42083333333333334 0.028125 0.03333333333333333
34 0.74609375 0.371875 0.15781250000000002 0.07291666666666667
30 0.6578125 0.4458333333333333 0.05625 0.1375
47 0.7132812500000001 0.40625 0.060937500000000006 0.03333333333333333
