15 0.7820312500000001 0.6395833333333333 0.1421875 0.14166666666666666
41 0.6609375000000001 0.75 0.2 0.15833333333333333
19 0.4109375 0.7520833333333333 0.23125 0.23333333333333334
30 0.51015625 0.5979166666666667 0.11093750000000001 0.11666666666666667
9 0.6257812500000001 0.58125 0.0890625 0.17083333333333334
34 0.6453125000000001 0.4583333333333333 0.20625000000000002 0.14166666666666666
0 0.5109375 0.5104166666666666 0.134375 0.10833333333333334
36 0.58515625 0.38958333333333334 0.045312500000000006 0.0625
34 0.63203125 0.29375 0.11406250000000001 0.175
42 0.4453125 0.37083333333333335 0.034375 0.0375
47 0.45625000000000004 0.40520833333333334 0.07187500000000001 0.03958333333333333
12 0.446875 0.4614583333333333 0.078125 0.07708333333333334
13 0.5242187500000001 0.4395833333333333 0.0671875 0.03333333333333333
