15 0.87109375 0.6583333333333333 0.1484375 0.14583333333333334
41 0.7390625000000001 0.7645833333333333 0.21250000000000002 0.1625
19 0.48671875000000003 0.7447916666666666 0.22968750000000002 0.23124999999999998
30 0.5867187500000001 0.6010416666666667 0.1171875 0.11875
9 0.70703125 0.5854166666666667 0.09531250000000001 0.17083333333333334
34 0.7312500000000001 0.46770833333333334 0.215625 0.14375
0 0.58828125 0.5104166666666666 0.1328125 0.10416666666666667
36 0.6703125000000001 0.3927083333333333 0.043750000000000004 0.05625
34 0.7210937500000001 0.2947916666666667 0.1265625 0.17708333333333334
42 0.52734375 0.371875 0.0328125 0.035416666666666666
47 0.540625 0.40729166666666666 0.06875 0.03958333333333333
12 0.53046875 0.4552083333333333 0.07968750000000001 0.07708333333333334
13 0.6046875 0.44166666666666665 0.06875 0.03333333333333333
