15 0.8265625000000001 0.6489583333333333 0.146875 0.14375
41 0.70078125 0.75625 0.2015625 0.1625
19 0.44921875 0.746875 0.22968750000000002 0.23124999999999998
30 0.546875 0.6 0.115625 0.12083333333333333
9 0.66796875 0.5833333333333334 0.09531250000000001 0.17083333333333334
34 0.6890625 0.46249999999999997 0.209375 0.14166666666666666
0 0.54921875 0.5083333333333333 0.1328125 0.10416666666666667
36 0.6265625 0.39166666666666666 0.043750000000000004 0.058333333333333334
34 0.6765625000000001 0.29375 0.11875000000000001 0.175
42 0.48515625 0.37083333333333335 0.0328125 0.0375
47 0.5015625 0.40625 0.06875 0.041666666666666664
12 0.49140625000000004 0.45729166666666665 0.07968750000000001 0.07708333333333334
13 0.5632812500000001 0.44166666666666665 0.0671875 0.03333333333333333
