15 0.73984375 0.6291666666666667 0.1390625 0.1375
41 0.625 0.7479166666666667 0.19375 0.15416666666666667
19 0.37343750000000003 0.7572916666666667 0.234375 0.24375
30 0.47109375000000003 0.6 0.11093750000000001 0.11666666666666667
9 0.5875 0.578125 0.08750000000000001 0.16458333333333333
34 0.603125 0.45729166666666665 0.2 0.14375
0 0.47187500000000004 0.5104166666666666 0.134375 0.10833333333333334
36 0.5437500000000001 0.3927083333333333 0.043750000000000004 0.06041666666666667
34 0.5828125000000001 0.2916666666666667 0.109375 0.17083333333333334
42 0.40156250000000004 0.37395833333333334 0.03125 0.035416666666666666
47 0.41718750000000004 0.40729166666666666 0.07187500000000001 0.03958333333333333
12 0.4078125 0.4614583333333333 0.078125 0.07708333333333334
13 0.48359375000000004 0.44166666666666665 0.0671875 0.03333333333333333
