15 0.9171875 0.6729166666666666 0.15937500000000002 0.15416666666666667
41 0.78046875 0.7760416666666666 0.2078125 0.16458333333333333
19 0.5242187500000001 0.7447916666666666 0.22968750000000002 0.23124999999999998
30 0.6257812500000001 0.603125 0.1171875 0.11875
9 0.74609375 0.5895833333333333 0.09531250000000001 0.17083333333333334
34 0.7703125000000001 0.471875 0.215625 0.14375
0 0.6273437500000001 0.5145833333333333 0.1328125 0.10416666666666667
36 0.7109375 0.3927083333333333 0.043750000000000004 0.05625
34 0.76328125 0.29791666666666666 0.1328125 0.175
42 0.5671875000000001 0.371875 0.03125 0.035416666666666666
47 0.5796875 0.40729166666666666 0.06875 0.03958333333333333
12 0.56953125 0.4583333333333333 0.07968750000000001 0.075
13 0.64453125 0.4479166666666667 0.0671875 0.03333333333333333
