41 0.8679687500000001 0.7979166666666666 0.2265625 0.18333333333333332
30 0.7054687500000001 0.6125 0.1203125 0.11666666666666667
9 0.8343750000000001 0.6083333333333333 0.10312500000000001 0.17916666666666667
34 0.86640625 0.48854166666666665 0.23593750000000002 0.14791666666666667
0 0.7109375 0.51875 0.1375 0.1
36 0.796875 0.403125 0.043750000000000004 0.05625
34 0.8609375 0.3052083333333333 0.140625 0.18541666666666667
42 0.65390625 0.375 0.0328125 0.0375
47 0.6671875 0.4114583333333333 0.07187500000000001 0.04375
12 0.65234375 0.4635416666666667 0.08281250000000001 0.07291666666666667
13 0.7273437500000001 0.45416666666666666 0.0671875 0.03333333333333333
