41 0.8968750000000001 0.8135416666666666 0.20625000000000002 0.18541666666666667
30 0.7484375000000001 0.6229166666666667 0.12812500000000002 0.12916666666666665
9 0.8859375 0.6239583333333333 0.1125 0.18125
34 0.8968750000000001 0.4979166666666667 0.203125 0.15833333333333333
0 0.75 0.525 0.1375 0.1
36 0.85078125 0.41354166666666664 0.0546875 0.06041666666666667
34 0.91328125 0.31145833333333334 0.15156250000000002 0.19791666666666666
42 0.696875 0.3770833333333333 0.03125 0.0375
47 0.7109375 0.4145833333333333 0.07500000000000001 0.04583333333333333
12 0.6937500000000001 0.465625 0.08750000000000001 0.07291666666666667
13 0.7664062500000001 0.46041666666666664 0.0671875 0.03333333333333333
