7 0.68671875 0.37083333333333335 0.2078125 0.24166666666666667
38 0.8015625000000001 0.73125 0.059375000000000004 0.07916666666666666
38 0.6703125000000001 0.8458333333333333 0.059375000000000004 0.0875
39 0.9109375000000001 0.6729166666666666 0.07500000000000001 0.1
31 0.54140625 0.78125 0.0734375 0.0875
21 0.5390625 0.35520833333333335 0.078125 0.13541666666666666
28 0.5390625 0.9114583333333334 0.096875 0.11041666666666666
40 0.31875000000000003 0.48541666666666666 0.10312500000000001 0.09166666666666666
21 0.14296875 0.475 0.1640625 0.23333333333333334
35 0.08046875 0.9572916666666667 0.09531250000000001 0.08125
