7 0.7296875 0.37604166666666666 0.215625 0.24375
38 0.8406250000000001 0.7416666666666667 0.059375000000000004 0.07916666666666666
38 0.7078125000000001 0.8541666666666666 0.0625 0.09166666666666666
39 0.95703125 0.6895833333333333 0.0765625 0.10833333333333334
31 0.578125 0.784375 0.07500000000000001 0.08958333333333333
21 0.58125 0.3572916666666667 0.078125 0.13541666666666666
28 0.57421875 0.9114583333333334 0.09531250000000001 0.11041666666666666
40 0.36015625 0.4822916666666667 0.1015625 0.08958333333333333
21 0.18828125 0.4666666666666667 0.15781250000000002 0.22083333333333333
35 0.12187500000000001 0.9479166666666666 0.09062500000000001 0.09583333333333333
