28 0.81015625 0.5760416666666667 0.06406250000000001 0.06875
43 0.8679687500000001 0.8041666666666667 0.1015625 0.10833333333333334
42 0.68125 0.81875 0.065625 0.09166666666666666
4 0.696875 0.671875 0.07187500000000001 0.06458333333333333
36 0.84921875 0.6541666666666667 0.0578125 0.075
20 0.665625 0.49374999999999997 0.10312500000000001 0.2125
45 0.5609375 0.6229166666666667 0.043750000000000004 0.0625
43 0.57734375 0.7625 0.029687500000000002 0.08333333333333333
17 0.46796875000000004 0.5958333333333333 0.0578125 0.08333333333333333
27 0.41250000000000003 0.7479166666666667 0.08125 0.12083333333333333
31 0.278125 0.7364583333333333 0.05 0.06041666666666667
23 0.30234375 0.6354166666666666 0.07968750000000001 0.08333333333333333
11 0.2984375 0.5177083333333333 0.24375000000000002 0.08958333333333333
22 0.27734375 0.565625 0.0703125 0.05625
44 0.140625 0.6020833333333333 0.037500000000000006 0.1
6 0.12578125 0.6916666666666667 0.0390625 0.075
