23 0.9617187500000001 0.6666666666666666 0.0765625 0.06666666666666667
32 0.9539062500000001 0.5802083333333333 0.0921875 0.06041666666666667
28 0.76484375 0.5677083333333334 0.06406250000000001 0.06875
43 0.82578125 0.7916666666666666 0.09843750000000001 0.10416666666666667
42 0.6429687500000001 0.8114583333333333 0.06406250000000001 0.08958333333333333
4 0.6578125 0.665625 0.07187500000000001 0.06458333333333333
36 0.8054687500000001 0.64375 0.0546875 0.075
20 0.6265625 0.4895833333333333 0.10312500000000001 0.2125
45 0.52265625 0.621875 0.045312500000000006 0.06458333333333333
43 0.5398437500000001 0.7604166666666666 0.029687500000000002 0.08333333333333333
17 0.4296875 0.5979166666666667 0.0625 0.0875
27 0.375 0.75 0.08125 0.125
31 0.23828125 0.7458333333333333 0.051562500000000004 0.0625
23 0.2625 0.6416666666666666 0.08125 0.08333333333333333
11 0.25625000000000003 0.521875 0.246875 0.09375
22 0.23359375000000002 0.571875 0.0703125 0.05625
44 0.09531250000000001 0.6145833333333334 0.040625 0.10416666666666667
6 0.07890625000000001 0.70625 0.045312500000000006 0.07916666666666666
