42 0.83984375 0.8614583333333333 0.0734375 0.09791666666666667
4 0.8656250000000001 0.709375 0.084375 0.06458333333333333
20 0.846875 0.51875 0.13125 0.21666666666666667
45 0.7203125 0.640625 0.05 0.06875
43 0.7296875 0.784375 0.03125 0.08958333333333333
17 0.625 0.6010416666666667 0.0625 0.08125
27 0.5625 0.7447916666666666 0.08750000000000001 0.11458333333333333
31 0.43203125000000003 0.7125 0.045312500000000006 0.058333333333333334
23 0.4625 0.61875 0.078125 0.07916666666666666
11 0.4625 0.503125 0.23125 0.06875
22 0.43828125 0.546875 0.06406250000000001 0.05625
44 0.31328125 0.5708333333333333 0.029687500000000002 0.09583333333333333
6 0.29609375 0.653125 0.035937500000000004 0.07291666666666667
