23 0.9343750000000001 0.6572916666666666 0.1125 0.07291666666666667
32 0.9015625 0.56875 0.08750000000000001 0.058333333333333334
28 0.721875 0.559375 0.059375000000000004 0.06458333333333333
43 0.784375 0.778125 0.09062500000000001 0.09375
42 0.60546875 0.8072916666666666 0.06406250000000001 0.08958333333333333
4 0.61875 0.6614583333333334 0.07187500000000001 0.06458333333333333
36 0.7601562500000001 0.634375 0.051562500000000004 0.06875
20 0.58515625 0.48854166666666665 0.09843750000000001 0.21458333333333332
45 0.48359375000000004 0.621875 0.045312500000000006 0.06458333333333333
43 0.50234375 0.7604166666666666 0.029687500000000002 0.08333333333333333
17 0.38984375000000004 0.6020833333333333 0.060937500000000006 0.0875
27 0.3375 0.75625 0.08125 0.125
31 0.19375 0.7572916666666667 0.053125000000000006 0.06458333333333333
23 0.22031250000000002 0.6510416666666666 0.08750000000000001 0.08541666666666667
11 0.20625000000000002 0.534375 0.259375 0.10625
22 0.19062500000000002 0.5802083333333333 0.07187500000000001 0.06041666666666667
44 0.047656250000000004 0.6260416666666666 0.0421875 0.10625
6 0.03359375 0.721875 0.0484375 0.08125
