23 0.7984375 0.6229166666666667 0.10625000000000001 0.058333333333333334
32 0.77265625 0.5416666666666666 0.08281250000000001 0.0625
28 0.6015625 0.5479166666666666 0.059375000000000004 0.0625
43 0.665625 0.753125 0.08750000000000001 0.08541666666666667
19 0.8984375 0.7572916666666667 0.203125 0.21041666666666667
42 0.49531250000000004 0.8041666666666667 0.0625 0.09166666666666666
4 0.5046875000000001 0.6552083333333333 0.07187500000000001 0.06458333333333333
36 0.6414062500000001 0.6166666666666667 0.0484375 0.06666666666666667
20 0.46328125000000003 0.48854166666666665 0.09843750000000001 0.21875
45 0.36875 0.6291666666666667 0.046875 0.0625
43 0.39453125 0.7666666666666666 0.035937500000000004 0.0875
17 0.26953125 0.61875 0.060937500000000006 0.0875
27 0.21796875000000002 0.7833333333333333 0.08281250000000001 0.12916666666666665
31 0.0671875 0.7979166666666666 0.059375000000000004 0.07083333333333333
23 0.08984375 0.6854166666666667 0.0890625 0.09583333333333333
11 0.1046875 0.55625 0.209375 0.1125
22 0.05234375 0.6145833333333334 0.07968750000000001 0.0625
