23 0.8875000000000001 0.6458333333333334 0.109375 0.06666666666666667
32 0.8625 0.5583333333333333 0.08750000000000001 0.058333333333333334
28 0.68125 0.5552083333333333 0.059375000000000004 0.06458333333333333
43 0.74375 0.7677083333333333 0.09062500000000001 0.09375
42 0.56796875 0.803125 0.06406250000000001 0.08958333333333333
4 0.58125 0.6572916666666666 0.07187500000000001 0.06458333333333333
36 0.7210937500000001 0.628125 0.051562500000000004 0.06875
20 0.54609375 0.4875 0.09843750000000001 0.21666666666666667
45 0.44609375 0.6229166666666667 0.045312500000000006 0.06666666666666667
43 0.46640625 0.7614583333333333 0.029687500000000002 0.08541666666666667
17 0.35000000000000003 0.60625 0.0625 0.0875
27 0.29921875000000003 0.7635416666666667 0.08281250000000001 0.12708333333333333
31 0.1546875 0.7697916666666667 0.053125000000000006 0.06458333333333333
23 0.17890625000000002 0.6604166666666667 0.0859375 0.0875
11 0.16718750000000002 0.540625 0.259375 0.10625
22 0.14765625000000002 0.5895833333333333 0.0765625 0.0625
