23 0.8421875000000001 0.6322916666666667 0.10625000000000001 0.06458333333333333
32 0.815625 0.5489583333333333 0.08750000000000001 0.06458333333333333
28 0.6414062500000001 0.55 0.0578125 0.0625
43 0.7046875 0.7614583333333333 0.08750000000000001 0.08541666666666667
19 0.921875 0.7708333333333334 0.15937500000000002 0.2125
42 0.53046875 0.803125 0.060937500000000006 0.08958333333333333
4 0.5421875 0.6552083333333333 0.07187500000000001 0.06458333333333333
36 0.6796875 0.6208333333333333 0.053125000000000006 0.06666666666666667
20 0.503125 0.4875 0.096875 0.21666666666666667
45 0.40703125 0.6270833333333333 0.0484375 0.06666666666666667
43 0.4296875 0.7625 0.03125 0.0875
17 0.31093750000000003 0.6114583333333333 0.0625 0.08958333333333333
27 0.2578125 0.7729166666666667 0.08125 0.12916666666666665
31 0.11328125 0.7833333333333333 0.0578125 0.06666666666666667
23 0.13515625 0.671875 0.0890625 0.08958333333333333
11 0.12812500000000002 0.55 0.25625000000000003 0.11666666666666667
22 0.1015625 0.6020833333333333 0.07500000000000001 0.0625
