5 0.95078125 0.7385416666666667 0.09843750000000001 0.052083333333333336
34 0.7890625 0.6166666666666667 0.21250000000000002 0.175
27 0.7445312500000001 0.50625 0.0671875 0.05416666666666667
20 0.6195312500000001 0.5989583333333334 0.1453125 0.45208333333333334
26 0.65390625 0.34375 0.0203125 0.0125
8 0.5734375 0.33125 0.025 0.0375
11 0.59609375 0.37083333333333335 0.11406250000000001 0.05
27 0.48359375000000004 0.671875 0.0734375 0.06458333333333333
2 0.52265625 0.4947916666666667 0.0484375 0.035416666666666666
37 0.44921875 0.765625 0.06406250000000001 0.08958333333333333
5 0.48125 0.5822916666666667 0.1 0.03125
26 0.46484375 0.51875 0.0234375 0.025
32 0.4765625 0.34791666666666665 0.046875 0.0375
37 0.44296875 0.365625 0.029687500000000002 0.03958333333333333
36 0.43281250000000004 0.465625 0.040625 0.05625
29 0.45234375000000004 0.4375 0.060937500000000006 0.0375
