5 0.5546875 0.6604166666666667 0.084375 0.07083333333333333
34 0.3953125 0.575 0.19375 0.17916666666666667
27 0.3515625 0.49583333333333335 0.0625 0.0625
20 0.2234375 0.6166666666666667 0.1875 0.46249999999999997
26 0.24375000000000002 0.35104166666666664 0.021875000000000002 0.014583333333333334
8 0.15625 0.353125 0.03125 0.035416666666666666
11 0.18203125 0.390625 0.13593750000000002 0.05625
27 0.09531250000000001 0.7375 0.084375 0.08333333333333333
2 0.11406250000000001 0.5385416666666667 0.05625 0.04375
37 0.065625 0.8635416666666667 0.078125 0.10625
5 0.07968750000000001 0.6427083333333333 0.12187500000000001 0.06458333333333333
26 0.051562500000000004 0.58125 0.028125 0.03333333333333333
32 0.0390625 0.38229166666666664 0.0625 0.03958333333333333
37 0.01171875 0.4145833333333333 0.0234375 0.05
36 0.01640625 0.53125 0.0328125 0.075
29 0.0328125 0.49166666666666664 0.065625 0.05
