5 0.8234375 0.7 0.096875 0.058333333333333334
34 0.6671875 0.5885416666666666 0.19375 0.17291666666666666
27 0.6234375000000001 0.4927083333333333 0.0625 0.05625
20 0.49843750000000003 0.5927083333333333 0.146875 0.4479166666666667
26 0.53046875 0.3385416666666667 0.0203125 0.014583333333333334
8 0.45234375000000004 0.334375 0.026562500000000003 0.035416666666666666
11 0.47890625000000003 0.36875 0.11406250000000001 0.05416666666666667
27 0.371875 0.6791666666666667 0.07500000000000001 0.06666666666666667
2 0.40625 0.496875 0.05 0.035416666666666666
37 0.340625 0.7791666666666667 0.065625 0.09166666666666666
5 0.36875 0.5864583333333333 0.10312500000000001 0.03958333333333333
26 0.35078125000000004 0.5270833333333333 0.0234375 0.025
32 0.35390625000000003 0.3520833333333333 0.0484375 0.0375
37 0.32109375 0.37083333333333335 0.029687500000000002 0.041666666666666664
36 0.31328125 0.4739583333333333 0.045312500000000006 0.06041666666666667
29 0.33046875000000003 0.44375 0.06406250000000001 0.0375
