5 0.6265625 0.665625 0.08750000000000001 0.06875
34 0.4703125 0.575 0.1875 0.175
27 0.42890625000000004 0.490625 0.06406250000000001 0.06041666666666667
20 0.3046875 0.603125 0.17500000000000002 0.46041666666666664
26 0.328125 0.34270833333333334 0.021875000000000002 0.014583333333333334
8 0.24531250000000002 0.34270833333333334 0.028125 0.03958333333333333
11 0.27265625 0.378125 0.1203125 0.052083333333333336
27 0.1796875 0.7125 0.08125 0.075
2 0.20234375000000002 0.5197916666666667 0.0546875 0.03958333333333333
37 0.1484375 0.8302083333333333 0.07500000000000001 0.10208333333333333
5 0.16640625 0.621875 0.1171875 0.05625
26 0.14296875 0.559375 0.029687500000000002 0.03125
32 0.13828125 0.3697916666666667 0.0546875 0.03958333333333333
37 0.10078125 0.39479166666666665 0.035937500000000004 0.04791666666666666
36 0.09765625 0.5072916666666667 0.051562500000000004 0.06875
29 0.11875000000000001 0.471875 0.07500000000000001 0.03958333333333333
