5 0.6648437500000001 0.6697916666666667 0.0859375 0.06875
34 0.509375 0.575 0.1875 0.175
27 0.46718750000000003 0.490625 0.0625 0.06041666666666667
20 0.34453125 0.6 0.17343750000000002 0.4583333333333333
26 0.36875 0.34270833333333334 0.021875000000000002 0.014583333333333334
8 0.28750000000000003 0.340625 0.028125 0.03958333333333333
11 0.3171875 0.375 0.11875000000000001 0.05
27 0.21796875000000002 0.7052083333333333 0.07968750000000001 0.07291666666666667
2 0.24375000000000002 0.5125 0.053125000000000006 0.0375
37 0.18828125 0.8166666666666667 0.0734375 0.1
5 0.21015625000000002 0.6114583333333333 0.1171875 0.05625
26 0.18671875000000002 0.5489583333333333 0.029687500000000002 0.03125
32 0.18203125 0.36354166666666665 0.0546875 0.03958333333333333
37 0.14609375 0.3885416666666667 0.035937500000000004 0.04791666666666666
36 0.14453125 0.4979166666666667 0.051562500000000004 0.06666666666666667
29 0.16328125000000002 0.46458333333333335 0.0734375 0.0375
