5 0.703125 0.6760416666666667 0.09062500000000001 0.06458333333333333
34 0.5476562500000001 0.5770833333333333 0.1921875 0.175
27 0.50625 0.48854166666666665 0.059375000000000004 0.05625
20 0.38515625000000003 0.5989583333333334 0.1609375 0.4479166666666667
26 0.4109375 0.340625 0.021875000000000002 0.014583333333333334
8 0.3296875 0.3364583333333333 0.028125 0.03958333333333333
11 0.359375 0.371875 0.11875000000000001 0.052083333333333336
27 0.25703125 0.696875 0.07968750000000001 0.07291666666666667
2 0.28671875 0.509375 0.0546875 0.03958333333333333
37 0.22812500000000002 0.80625 0.06875 0.09583333333333333
5 0.24921875000000002 0.603125 0.11093750000000001 0.04791666666666666
26 0.22890625 0.5416666666666666 0.029687500000000002 0.029166666666666667
32 0.22734375 0.36041666666666666 0.0546875 0.0375
37 0.1921875 0.384375 0.034375 0.04375
36 0.1875 0.4927083333333333 0.046875 0.06041666666666667
29 0.20625000000000002 0.45729166666666665 0.06875 0.03958333333333333
