5 0.909375 0.7229166666666667 0.10625000000000001 0.058333333333333334
34 0.74609375 0.6041666666666666 0.2078125 0.175
27 0.703125 0.5010416666666666 0.065625 0.05625
20 0.5765625 0.5947916666666666 0.14375000000000002 0.4479166666666667
26 0.6117187500000001 0.340625 0.0203125 0.014583333333333334
8 0.53359375 0.3302083333333333 0.026562500000000003 0.035416666666666666
11 0.55703125 0.3697916666666667 0.11406250000000001 0.052083333333333336
27 0.446875 0.6708333333333333 0.07500000000000001 0.06666666666666667
2 0.48281250000000003 0.4947916666666667 0.05 0.035416666666666666
37 0.4140625 0.76875 0.065625 0.09166666666666666
5 0.44375000000000003 0.5822916666666667 0.1 0.03125
26 0.42734375 0.5208333333333334 0.0234375 0.025
32 0.43671875000000004 0.34791666666666665 0.045312500000000006 0.0375
37 0.40234375 0.36666666666666664 0.029687500000000002 0.041666666666666664
36 0.39296875000000003 0.46875 0.045312500000000006 0.058333333333333334
29 0.4109375 0.43854166666666666 0.0625 0.035416666666666666
