20 0.8859375 0.5072916666666667 0.2 0.3770833333333333
31 0.74609375 0.7479166666666667 0.060937500000000006 0.07916666666666666
5 0.66328125 0.578125 0.0921875 0.04791666666666666
26 0.6203125 0.778125 0.046875 0.035416666666666666
5 0.6078125000000001 0.6447916666666667 0.07187500000000001 0.06875
11 0.6000000000000001 0.55 0.26875 0.14166666666666666
21 0.5765625 0.4166666666666667 0.040625 0.075
30 0.5890625 0.31666666666666665 0.065625 0.12916666666666665
13 0.5281250000000001 0.6708333333333333 0.08750000000000001 0.0625
35 0.51953125 0.4458333333333333 0.035937500000000004 0.041666666666666664
26 0.53359375 0.35104166666666664 0.0203125 0.014583333333333334
8 0.5 0.36875 0.028125 0.04583333333333333
28 0.4609375 0.3520833333333333 0.034375 0.025
2 0.4625 0.7802083333333333 0.153125 0.08958333333333333
21 0.41250000000000003 0.5854166666666667 0.08750000000000001 0.10833333333333334
29 0.390625 0.5427083333333333 0.084375 0.06041666666666667
33 0.37343750000000003 0.43645833333333334 0.040625 0.13125
34 0.38359375 0.371875 0.1234375 0.07708333333333334
