20 0.7507812500000001 0.48541666666666666 0.1703125 0.35
31 0.63203125 0.7291666666666666 0.060937500000000006 0.07916666666666666
5 0.5476562500000001 0.5708333333333333 0.0921875 0.05
26 0.5140625 0.771875 0.046875 0.035416666666666666
5 0.49843750000000003 0.6427083333333333 0.07187500000000001 0.06041666666666667
11 0.48359375000000004 0.55 0.26406250000000003 0.15416666666666667
21 0.4578125 0.41562499999999997 0.040625 0.07291666666666667
30 0.46640625 0.3177083333333333 0.06406250000000001 0.12708333333333333
13 0.41875 0.675 0.08750000000000001 0.075
35 0.40234375 0.4479166666666667 0.035937500000000004 0.041666666666666664
26 0.41250000000000003 0.353125 0.021875000000000002 0.014583333333333334
8 0.38046875 0.3729166666666667 0.029687500000000002 0.04583333333333333
28 0.33906250000000004 0.35625 0.037500000000000006 0.029166666666666667
2 0.35625 0.803125 0.1625 0.10208333333333333
21 0.29609375 0.6010416666666667 0.0890625 0.11041666666666666
29 0.27109375 0.5572916666666666 0.0859375 0.06041666666666667
33 0.2515625 0.44687499999999997 0.046875 0.13125
34 0.2578125 0.3854166666666667 0.13125 0.07916666666666666
