20 0.62421875 0.475 0.15781250000000002 0.3375
31 0.521875 0.721875 0.059375000000000004 0.07708333333333334
5 0.43281250000000004 0.5739583333333333 0.096875 0.06458333333333333
26 0.40937500000000004 0.7760416666666666 0.046875 0.035416666666666666
5 0.38671875 0.6479166666666667 0.0734375 0.058333333333333334
11 0.36484375 0.5572916666666666 0.2671875 0.17291666666666666
21 0.33437500000000003 0.421875 0.040625 0.07708333333333334
30 0.34218750000000003 0.3229166666666667 0.06875 0.12916666666666665
13 0.30625 0.6895833333333333 0.09062500000000001 0.075
35 0.28203125 0.459375 0.035937500000000004 0.04375
26 0.2890625 0.359375 0.021875000000000002 0.014583333333333334
8 0.2546875 0.3833333333333333 0.03125 0.05
28 0.209375 0.36666666666666664 0.040625 0.029166666666666667
2 0.24453125 0.8312499999999999 0.16718750000000002 0.1
21 0.171875 0.628125 0.1 0.11458333333333333
29 0.14453125 0.5822916666666667 0.09531250000000001 0.06458333333333333
33 0.1203125 0.46770833333333334 0.05 0.13958333333333334
34 0.1234375 0.4041666666666667 0.146875 0.08333333333333333
