20 0.584375 0.471875 0.153125 0.33125
31 0.48750000000000004 0.721875 0.059375000000000004 0.07708333333333334
5 0.3953125 0.5760416666666667 0.096875 0.06458333333333333
26 0.375 0.7802083333333333 0.05 0.035416666666666666
5 0.34921875 0.6510416666666666 0.0765625 0.06041666666666667
11 0.3203125 0.5645833333333333 0.28125 0.1875
21 0.29375 0.42291666666666666 0.043750000000000004 0.07916666666666666
30 0.30078125 0.3229166666666667 0.0734375 0.12916666666666665
13 0.26875 0.6947916666666667 0.09375 0.08125
35 0.23984375000000002 0.4635416666666667 0.0390625 0.04791666666666666
26 0.24609375 0.3625 0.0203125 0.0125
8 0.21171875 0.38645833333333335 0.0328125 0.052083333333333336
28 0.16640625 0.371875 0.0421875 0.03125
2 0.20703125 0.84375 0.1703125 0.10416666666666667
21 0.1296875 0.6375 0.1 0.12083333333333333
29 0.1 0.5916666666666667 0.096875 0.06666666666666667
33 0.0765625 0.4739583333333333 0.053125000000000006 0.14375
34 0.07734375 0.4114583333333333 0.15156250000000002 0.08541666666666667
