20 0.54296875 0.46770833333333334 0.15156250000000002 0.3229166666666667
31 0.45156250000000003 0.7239583333333334 0.059375000000000004 0.07708333333333334
5 0.35781250000000003 0.5802083333333333 0.096875 0.06458333333333333
26 0.33906250000000004 0.7864583333333334 0.05 0.035416666666666666
5 0.30859375 0.65625 0.07968750000000001 0.058333333333333334
11 0.2828125 0.56875 0.28125 0.1875
21 0.253125 0.428125 0.046875 0.08125
30 0.2578125 0.325 0.078125 0.13333333333333333
13 0.22578125000000002 0.7072916666666667 0.09531250000000001 0.08541666666666667
35 0.19687500000000002 0.46979166666666666 0.037500000000000006 0.04791666666666666
26 0.203125 0.365625 0.021875000000000002 0.014583333333333334
8 0.16796875 0.39166666666666666 0.0328125 0.05
28 0.1203125 0.378125 0.043750000000000004 0.03125
2 0.16640625 0.859375 0.1765625 0.11458333333333333
21 0.0859375 0.65 0.10312500000000001 0.12083333333333333
29 0.0546875 0.6020833333333333 0.1 0.07083333333333333
33 0.02890625 0.4822916666666667 0.0546875 0.14791666666666667
34 0.05390625 0.4125 0.1078125 0.07083333333333333
