32 0.925 0.7864583333333334 0.10312500000000001 0.09375
44 0.7312500000000001 0.69375 0.025 0.0875
48 0.83984375 0.671875 0.0234375 0.05625
16 0.8914062500000001 0.6364583333333333 0.1265625 0.08958333333333333
18 0.7484375000000001 0.56875 0.037500000000000006 0.13333333333333333
0 0.8390625 0.5135416666666667 0.15000000000000002 0.11875
43 0.59140625 0.6020833333333333 0.051562500000000004 0.0625
40 0.64609375 0.546875 0.060937500000000006 0.06458333333333333
30 0.609375 0.44687499999999997 0.09062500000000001 0.08125
46 0.68359375 0.440625 0.051562500000000004 0.05625
29 0.81640625 0.42083333333333334 0.06406250000000001 0.029166666666666667
24 0.7992187500000001 0.38645833333333335 0.051562500000000004 0.035416666666666666
18 0.7421875 0.3625 0.034375 0.041666666666666664
33 0.6546875000000001 0.49166666666666664 0.07187500000000001 0.0625
33 0.6531250000000001 0.3875 0.046875 0.04583333333333333
50 0.6171875 0.3364583333333333 0.040625 0.06041666666666667
17 0.8390625 0.3572916666666667 0.043750000000000004 0.052083333333333336
48 0.7367187500000001 0.45625 0.0203125 0.020833333333333332
49 0.69140625 0.38125 0.0328125 0.08333333333333333
47 0.546875 0.7270833333333333 0.115625 0.12916666666666665
29 0.815625 0.459375 0.059375000000000004 0.035416666666666666
