32 0.71484375 0.73125 0.0859375 0.1
44 0.53671875 0.66875 0.0203125 0.0875
48 0.634375 0.6354166666666666 0.018750000000000003 0.05
16 0.67890625 0.5947916666666666 0.1078125 0.07291666666666667
18 0.5484375 0.5479166666666666 0.028125 0.12916666666666665
0 0.62421875 0.4864583333333333 0.13593750000000002 0.10625
43 0.39921875 0.6020833333333333 0.051562500000000004 0.0625
40 0.45078125 0.5416666666666666 0.0546875 0.0625
30 0.40703125 0.44687499999999997 0.0890625 0.08125
46 0.47890625000000003 0.43124999999999997 0.045312500000000006 0.05
29 0.60078125 0.4010416666666667 0.0546875 0.027083333333333334
24 0.58203125 0.371875 0.045312500000000006 0.03125
18 0.5296875 0.3520833333333333 0.03125 0.0375
33 0.45390625 0.48333333333333334 0.0671875 0.0625
33 0.446875 0.384375 0.040625 0.04375
50 0.40937500000000004 0.33541666666666664 0.037500000000000006 0.0625
17 0.61640625 0.340625 0.035937500000000004 0.04791666666666666
48 0.52734375 0.4427083333333333 0.0140625 0.01875
49 0.484375 0.37395833333333334 0.03125 0.08125
47 0.36328125 0.7385416666666667 0.11406250000000001 0.14375
29 0.60078125 0.4395833333333333 0.051562500000000004 0.03333333333333333
