44 0.9046875000000001 0.7322916666666667 0.037500000000000006 0.09791666666666667
18 0.93125 0.6052083333333333 0.05625 0.14375
43 0.7515625 0.6166666666666667 0.059375000000000004 0.075
40 0.81796875 0.5697916666666667 0.0671875 0.06875
30 0.78046875 0.4635416666666667 0.1015625 0.08541666666666667
46 0.8640625000000001 0.4614583333333333 0.059375000000000004 0.06041666666666667
18 0.93359375 0.3854166666666667 0.0390625 0.04583333333333333
33 0.8265625000000001 0.5125 0.084375 0.0625
50 0.7976562500000001 0.3489583333333333 0.045312500000000006 0.06875
48 0.92109375 0.48541666666666666 0.0203125 0.020833333333333332
49 0.875 0.4 0.040625 0.0875
47 0.70078125 0.74375 0.1265625 0.125
