32 0.75546875 0.7385416666666667 0.0890625 0.09791666666666667
44 0.57578125 0.6708333333333333 0.0203125 0.0875
48 0.675 0.640625 0.018750000000000003 0.052083333333333336
16 0.7210937500000001 0.6 0.11093750000000001 0.07083333333333333
18 0.5875 0.55 0.028125 0.12916666666666665
0 0.6640625 0.4895833333333333 0.1375 0.10833333333333334
43 0.43828125 0.5979166666666667 0.051562500000000004 0.06666666666666667
40 0.49062500000000003 0.5395833333333333 0.053125000000000006 0.058333333333333334
30 0.446875 0.44479166666666664 0.08750000000000001 0.08125
46 0.51875 0.43333333333333335 0.05 0.05
29 0.6429687500000001 0.403125 0.0578125 0.027083333333333334
24 0.6234375000000001 0.37395833333333334 0.043750000000000004 0.03125
18 0.5710937500000001 0.353125 0.0328125 0.03958333333333333
33 0.49453125000000003 0.484375 0.0671875 0.06458333333333333
33 0.48750000000000004 0.384375 0.040625 0.04375
50 0.45078125 0.33541666666666664 0.0390625 0.0625
17 0.659375 0.33958333333333335 0.040625 0.05
48 0.56953125 0.44375 0.0140625 0.020833333333333332
49 0.525 0.375 0.03125 0.08333333333333333
47 0.40078125000000003 0.7354166666666666 0.11406250000000001 0.14166666666666666
29 0.6414062500000001 0.44166666666666665 0.051562500000000004 0.03333333333333333
