32 0.8796875000000001 0.771875 0.096875 0.09791666666666667
44 0.6898437500000001 0.6833333333333333 0.0234375 0.0875
48 0.7976562500000001 0.6625 0.0203125 0.05
16 0.8460937500000001 0.6239583333333333 0.1203125 0.08125
18 0.7054687500000001 0.5614583333333333 0.029687500000000002 0.13125
0 0.79296875 0.50625 0.1453125 0.11666666666666667
43 0.55078125 0.596875 0.051562500000000004 0.06458333333333333
40 0.6046875 0.5416666666666666 0.059375000000000004 0.06666666666666667
30 0.5640625 0.4458333333333333 0.08750000000000001 0.07916666666666666
46 0.640625 0.43645833333333334 0.05 0.052083333333333336
29 0.77109375 0.4145833333333333 0.060937500000000006 0.029166666666666667
24 0.7523437500000001 0.3833333333333333 0.0484375 0.03333333333333333
18 0.6984375 0.35833333333333334 0.034375 0.0375
33 0.6140625000000001 0.4864583333333333 0.06875 0.06458333333333333
33 0.6117187500000001 0.384375 0.0421875 0.04791666666666666
50 0.5765625 0.334375 0.040625 0.06041666666666667
17 0.7921875 0.3520833333333333 0.043750000000000004 0.05
48 0.6921875000000001 0.45208333333333334 0.015625 0.020833333333333332
49 0.6468750000000001 0.3770833333333333 0.03125 0.08333333333333333
47 0.51015625 0.7270833333333333 0.11093750000000001 0.13333333333333333
29 0.76953125 0.4552083333333333 0.0578125 0.035416666666666666
