44 0.8148437500000001 0.709375 0.0328125 0.09375
48 0.93125 0.696875 0.028125 0.05625
18 0.8304687500000001 0.584375 0.035937500000000004 0.13125
0 0.92578125 0.53125 0.1453125 0.125
43 0.66953125 0.6125 0.0546875 0.06666666666666667
40 0.7289062500000001 0.55625 0.060937500000000006 0.06666666666666667
30 0.69296875 0.45416666666666666 0.09531250000000001 0.07916666666666666
46 0.77109375 0.45 0.0546875 0.058333333333333334
29 0.91328125 0.434375 0.0671875 0.027083333333333334
24 0.8929687500000001 0.3989583333333333 0.0578125 0.035416666666666666
18 0.83515625 0.37083333333333335 0.035937500000000004 0.041666666666666664
33 0.7375 0.4979166666666667 0.078125 0.0625
50 0.7046875 0.340625 0.040625 0.06041666666666667
17 0.9382812500000001 0.3697916666666667 0.0484375 0.052083333333333336
48 0.8250000000000001 0.46770833333333334 0.018750000000000003 0.022916666666666665
49 0.7796875000000001 0.3885416666666667 0.034375 0.08541666666666667
47 0.62265625 0.7333333333333333 0.1171875 0.12916666666666665
29 0.91015625 0.47604166666666664 0.06406250000000001 0.035416666666666666
