44 0.8578125000000001 0.721875 0.034375 0.09375
48 0.9789062500000001 0.7125 0.026562500000000003 0.058333333333333334
18 0.88203125 0.5916666666666667 0.0484375 0.14166666666666666
0 0.95234375 0.5458333333333333 0.09531250000000001 0.13333333333333333
43 0.70859375 0.6166666666666667 0.0546875 0.06666666666666667
40 0.7703125000000001 0.5635416666666666 0.065625 0.06875
30 0.734375 0.4583333333333333 0.1 0.07916666666666666
46 0.81640625 0.453125 0.0578125 0.05625
29 0.9617187500000001 0.4427083333333333 0.0671875 0.027083333333333334
24 0.9437500000000001 0.409375 0.05625 0.035416666666666666
18 0.8835937500000001 0.378125 0.0390625 0.04375
33 0.784375 0.50625 0.08125 0.0625
50 0.7507812500000001 0.34479166666666666 0.0421875 0.06458333333333333
48 0.8718750000000001 0.4770833333333333 0.018750000000000003 0.020833333333333332
49 0.82578125 0.39375 0.0390625 0.0875
47 0.66171875 0.7385416666666667 0.1171875 0.12708333333333333
29 0.9578125000000001 0.48541666666666666 0.065625 0.0375
