32 0.63984375 0.6635416666666667 0.1203125 0.07708333333333334
20 0.496875 0.40520833333333334 0.125 0.28125
34 0.43671875000000004 0.6958333333333333 0.24531250000000002 0.275
36 0.38828125 0.5395833333333333 0.051562500000000004 0.07083333333333333
26 0.28515625 0.621875 0.035937500000000004 0.03125
11 0.3359375 0.46979166666666666 0.12812500000000002 0.12708333333333333
27 0.253125 0.5125 0.0625 0.04583333333333333
29 0.2234375 0.5770833333333333 0.08750000000000001 0.058333333333333334
30 0.25859375 0.35833333333333334 0.0921875 0.15
13 0.22109375 0.471875 0.06406250000000001 0.022916666666666665
41 0.3359375 0.35833333333333334 0.07500000000000001 0.041666666666666664
33 0.14921875 0.41354166666666664 0.045312500000000006 0.12291666666666666
37 0.12109375 0.5375 0.0484375 0.0625
2 0.12812500000000002 0.790625 0.109375 0.09375
27 0.13515625 0.6510416666666666 0.051562500000000004 0.09375
26 0.08984375 0.503125 0.0234375 0.022916666666666665
37 0.1 0.3854166666666667 0.03125 0.041666666666666664
