32 0.56640625 0.65625 0.11406250000000001 0.07083333333333333
20 0.41718750000000004 0.40520833333333334 0.134375 0.28125
34 0.3640625 0.7072916666666667 0.246875 0.2895833333333333
36 0.31015625 0.5447916666666667 0.0546875 0.07291666666666667
26 0.20546875 0.6364583333333333 0.035937500000000004 0.03125
11 0.25703125 0.4791666666666667 0.1296875 0.12916666666666665
27 0.16718750000000002 0.5260416666666666 0.065625 0.04791666666666666
29 0.140625 0.5947916666666666 0.09062500000000001 0.06041666666666667
30 0.1703125 0.36666666666666664 0.1 0.15416666666666667
13 0.1328125 0.48333333333333334 0.065625 0.020833333333333332
41 0.25234375000000003 0.3645833333333333 0.07968750000000001 0.041666666666666664
33 0.05625 0.42916666666666664 0.05 0.12916666666666665
37 0.028125 0.559375 0.053125000000000006 0.06458333333333333
2 0.051562500000000004 0.8197916666666667 0.10312500000000001 0.09791666666666667
27 0.049218750000000006 0.6770833333333334 0.0546875 0.09583333333333333
