32 0.75546875 0.6854166666666667 0.1265625 0.0875
20 0.62109375 0.4083333333333333 0.1296875 0.2875
34 0.54453125 0.6947916666666667 0.2421875 0.26458333333333334
36 0.503125 0.5333333333333333 0.05 0.07083333333333333
26 0.40078125000000003 0.6072916666666667 0.0328125 0.03125
11 0.4578125 0.46249999999999997 0.115625 0.12083333333333333
27 0.37265625 0.4979166666666667 0.0578125 0.0375
29 0.34609375000000003 0.559375 0.07968750000000001 0.05625
30 0.38515625000000003 0.35104166666666664 0.08281250000000001 0.14375
13 0.34453125 0.45729166666666665 0.0578125 0.022916666666666665
41 0.45703125 0.3520833333333333 0.0703125 0.041666666666666664
33 0.27968750000000003 0.3989583333333333 0.037500000000000006 0.11875
37 0.25 0.5145833333333333 0.046875 0.058333333333333334
2 0.2484375 0.7572916666666667 0.10312500000000001 0.09375
27 0.26015625000000003 0.6239583333333333 0.045312500000000006 0.08541666666666667
26 0.22265625 0.48020833333333335 0.0234375 0.022916666666666665
37 0.23515625 0.36875 0.029687500000000002 0.0375
