32 0.49453125000000003 0.6572916666666666 0.11093750000000001 0.08125
20 0.3359375 0.409375 0.146875 0.28125
34 0.28984375 0.7208333333333333 0.26406250000000003 0.3125
36 0.22890625 0.5572916666666666 0.0546875 0.07291666666666667
26 0.1203125 0.6572916666666666 0.037500000000000006 0.03125
11 0.16953125000000002 0.49166666666666664 0.13593750000000002 0.12916666666666665
27 0.07890625000000001 0.5458333333333333 0.0671875 0.04583333333333333
29 0.051562500000000004 0.6166666666666667 0.096875 0.0625
30 0.0765625 0.378125 0.1125 0.16041666666666665
13 0.0390625 0.5020833333333333 0.07187500000000001 0.016666666666666666
