32 0.8796875000000001 0.7166666666666667 0.1375 0.09583333333333333
20 0.74765625 0.41770833333333335 0.1421875 0.29791666666666666
34 0.65234375 0.7 0.2515625 0.24583333333333332
36 0.6171875 0.5364583333333334 0.05 0.06875
26 0.5140625 0.6041666666666666 0.03125 0.029166666666666667
11 0.57265625 0.459375 0.11093750000000001 0.12291666666666666
27 0.48828125 0.4927083333333333 0.0578125 0.03958333333333333
29 0.46015625000000004 0.5510416666666667 0.0765625 0.05625
30 0.50546875 0.34791666666666665 0.07968750000000001 0.14166666666666666
13 0.46406250000000004 0.453125 0.05625 0.022916666666666665
41 0.57734375 0.353125 0.0703125 0.035416666666666666
33 0.403125 0.38958333333333334 0.03125 0.11666666666666667
37 0.371875 0.5 0.043750000000000004 0.058333333333333334
2 0.36328125 0.7354166666666666 0.0890625 0.09583333333333333
27 0.37734375000000003 0.60625 0.045312500000000006 0.08333333333333333
26 0.34687500000000004 0.4635416666666667 0.018750000000000003 0.01875
37 0.36171875000000003 0.35833333333333334 0.026562500000000003 0.0375
