32 0.79609375 0.6927083333333334 0.1296875 0.08541666666666667
20 0.66328125 0.409375 0.1296875 0.2895833333333333
34 0.58046875 0.6895833333333333 0.24531250000000002 0.24583333333333332
36 0.540625 0.5333333333333333 0.05 0.07083333333333333
26 0.43828125 0.603125 0.0328125 0.03125
11 0.496875 0.46458333333333335 0.115625 0.12083333333333333
27 0.41250000000000003 0.49374999999999997 0.05625 0.0375
29 0.384375 0.5552083333333333 0.078125 0.05625
30 0.42421875000000003 0.34791666666666665 0.07968750000000001 0.14166666666666666
13 0.38359375 0.453125 0.0578125 0.022916666666666665
41 0.496875 0.353125 0.06875 0.03958333333333333
33 0.31953125000000004 0.39375 0.035937500000000004 0.11666666666666667
37 0.29140625000000003 0.50625 0.045312500000000006 0.058333333333333334
2 0.28671875 0.7479166666666667 0.09531250000000001 0.09583333333333333
27 0.29921875000000003 0.615625 0.045312500000000006 0.08541666666666667
26 0.2609375 0.4739583333333333 0.021875000000000002 0.022916666666666665
37 0.278125 0.36354166666666665 0.028125 0.03958333333333333
