32 0.71640625 0.6739583333333333 0.1234375 0.07708333333333334
20 0.5789062500000001 0.40625 0.1265625 0.2875
34 0.5085937500000001 0.6947916666666667 0.2421875 0.26458333333333334
36 0.46484375 0.5333333333333333 0.051562500000000004 0.07083333333333333
26 0.36171875000000003 0.6135416666666667 0.0328125 0.03125
11 0.41640625000000003 0.46249999999999997 0.1171875 0.12083333333333333
27 0.33437500000000003 0.5020833333333333 0.059375000000000004 0.041666666666666664
29 0.30234375 0.5625 0.0859375 0.058333333333333334
30 0.34296875000000004 0.3520833333333333 0.0890625 0.14583333333333334
13 0.30390625000000004 0.459375 0.060937500000000006 0.022916666666666665
41 0.415625 0.3520833333333333 0.07187500000000001 0.041666666666666664
33 0.23593750000000002 0.4010416666666667 0.040625 0.12291666666666666
37 0.2078125 0.51875 0.05 0.0625
2 0.209375 0.765625 0.10312500000000001 0.09375
27 0.21484375 0.6333333333333333 0.051562500000000004 0.09166666666666666
26 0.17890625000000002 0.4864583333333333 0.0234375 0.022916666666666665
37 0.1921875 0.371875 0.03125 0.03958333333333333
