32 0.9234375 0.728125 0.140625 0.10208333333333333
20 0.7921875 0.421875 0.153125 0.30625
34 0.6921875000000001 0.7083333333333334 0.25625000000000003 0.25
36 0.6578125 0.5395833333333333 0.053125000000000006 0.07083333333333333
26 0.5515625000000001 0.6041666666666666 0.03125 0.029166666666666667
11 0.6140625000000001 0.46249999999999997 0.1125 0.12083333333333333
27 0.5281250000000001 0.49374999999999997 0.05625 0.0375
29 0.49765625 0.5510416666666667 0.0765625 0.05625
30 0.546875 0.34791666666666665 0.078125 0.14583333333333334
13 0.503125 0.453125 0.05625 0.022916666666666665
41 0.6195312500000001 0.35625 0.0734375 0.0375
33 0.44140625 0.38645833333333335 0.029687500000000002 0.11458333333333333
37 0.4109375 0.4979166666666667 0.043750000000000004 0.058333333333333334
2 0.3984375 0.7322916666666667 0.09062500000000001 0.09791666666666667
27 0.41484375 0.6020833333333333 0.045312500000000006 0.08333333333333333
26 0.38593750000000004 0.46249999999999997 0.018750000000000003 0.020833333333333332
37 0.40234375 0.3572916666666667 0.026562500000000003 0.035416666666666666
