32 0.67734375 0.6666666666666666 0.1203125 0.075
20 0.5375 0.4041666666666667 0.125 0.2833333333333333
34 0.47187500000000004 0.69375 0.240625 0.26666666666666666
36 0.4265625 0.5354166666666667 0.053125000000000006 0.07083333333333333
26 0.325 0.615625 0.034375 0.03125
11 0.37734375000000003 0.465625 0.1203125 0.12291666666666666
27 0.2921875 0.50625 0.059375000000000004 0.041666666666666664
29 0.26328125 0.56875 0.0859375 0.058333333333333334
30 0.3015625 0.3541666666666667 0.09062500000000001 0.14583333333333334
13 0.2625 0.46458333333333335 0.0625 0.025
41 0.37578125 0.3541666666666667 0.0734375 0.041666666666666664
33 0.19375 0.4083333333333333 0.040625 0.12083333333333333
37 0.16562500000000002 0.5270833333333333 0.05 0.0625
2 0.16796875 0.7770833333333333 0.1078125 0.09166666666666666
27 0.17578125 0.6416666666666666 0.051562500000000004 0.09166666666666666
26 0.13515625 0.4927083333333333 0.0234375 0.022916666666666665
37 0.14609375 0.3770833333333333 0.029687500000000002 0.041666666666666664
