40 0.5453125 0.5979166666666667 0.059375000000000004 0.125
15 0.43203125000000003 0.5416666666666666 0.11406250000000001 0.1125
0 0.34453125 0.684375 0.20468750000000002 0.17708333333333334
34 0.36250000000000004 0.484375 0.21250000000000002 0.16458333333333333
49 0.2328125 0.35520833333333335 0.065625 0.20625
9 0.2078125 0.553125 0.15000000000000002 0.16041666666666665
34 0.21171875 0.37083333333333335 0.1484375 0.05
36 0.13359375 0.6770833333333334 0.08281250000000001 0.10416666666666667
19 0.15937500000000002 0.503125 0.1125 0.08541666666666667
13 0.15390625000000002 0.42916666666666664 0.035937500000000004 0.0375
41 0.11484375000000001 0.4041666666666667 0.0859375 0.04583333333333333
2 0.1234375 0.46770833333333334 0.034375 0.04375
8 0.09062500000000001 0.5822916666666667 0.05 0.07291666666666667
48 0.049218750000000006 0.5333333333333333 0.0234375 0.041666666666666664
25 0.028125 0.490625 0.034375 0.04791666666666666
10 0.032031250000000004 0.4375 0.0484375 0.07083333333333333
