40 0.89375 0.6697916666666667 0.07500000000000001 0.13541666666666666
15 0.7718750000000001 0.5791666666666666 0.125 0.12083333333333333
0 0.6648437500000001 0.7041666666666666 0.2015625 0.17916666666666667
34 0.7078125000000001 0.50625 0.209375 0.15833333333333333
49 0.5890625 0.359375 0.046875 0.19375
9 0.5859375 0.53125 0.115625 0.14166666666666666
34 0.56875 0.37604166666666666 0.13125 0.04791666666666666
36 0.47187500000000004 0.6385416666666667 0.07187500000000001 0.09791666666666667
13 0.5125000000000001 0.41875 0.034375 0.03333333333333333
41 0.48203125 0.390625 0.0734375 0.035416666666666666
2 0.478125 0.45208333333333334 0.028125 0.03333333333333333
8 0.44375000000000003 0.55 0.040625 0.05416666666666667
48 0.41328125000000004 0.496875 0.0203125 0.035416666666666666
25 0.40390625 0.453125 0.029687500000000002 0.04375
10 0.4109375 0.41354166666666664 0.037500000000000006 0.06875
14 0.39687500000000003 0.36875 0.053125000000000006 0.09583333333333333
