40 0.74765625 0.61875 0.06406250000000001 0.12916666666666665
15 0.63203125 0.54375 0.1171875 0.1125
0 0.53671875 0.6729166666666666 0.19843750000000002 0.175
34 0.565625 0.4791666666666667 0.19687500000000002 0.15833333333333333
49 0.44843750000000004 0.34375 0.053125000000000006 0.19583333333333333
9 0.43046875 0.5270833333333333 0.1203125 0.14166666666666666
34 0.42734375 0.359375 0.1328125 0.052083333333333336
36 0.34296875000000004 0.6322916666666667 0.0765625 0.09791666666666667
13 0.37343750000000003 0.4041666666666667 0.034375 0.03333333333333333
41 0.34296875000000004 0.3770833333333333 0.0765625 0.041666666666666664
2 0.3453125 0.43854166666666666 0.03125 0.035416666666666666
8 0.309375 0.540625 0.046875 0.06875
48 0.27421875 0.4927083333333333 0.0203125 0.035416666666666666
25 0.2578125 0.4479166666666667 0.028125 0.041666666666666664
10 0.26953125 0.403125 0.0421875 0.06875
14 0.24765625000000002 0.36354166666666665 0.060937500000000006 0.09791666666666667
