40 0.83515625 0.6375 0.0703125 0.13333333333333333
15 0.71640625 0.5520833333333334 0.1203125 0.1125
0 0.6117187500000001 0.6770833333333334 0.19843750000000002 0.175
34 0.6468750000000001 0.48125 0.19687500000000002 0.15833333333333333
49 0.52890625 0.34375 0.051562500000000004 0.19583333333333333
9 0.509375 0.525 0.115625 0.14166666666666666
34 0.51015625 0.36041666666666666 0.1296875 0.05
36 0.421875 0.625 0.07187500000000001 0.09583333333333333
13 0.4546875 0.40208333333333335 0.034375 0.03333333333333333
41 0.42421875000000003 0.37604166666666666 0.0734375 0.035416666666666666
2 0.4265625 0.4354166666666667 0.028125 0.03333333333333333
8 0.390625 0.5354166666666667 0.040625 0.05416666666666667
48 0.35859375000000004 0.4822916666666667 0.0203125 0.035416666666666666
25 0.34765625 0.44166666666666665 0.029687500000000002 0.041666666666666664
10 0.35390625000000003 0.396875 0.0421875 0.06875
14 0.340625 0.35625 0.05625 0.09583333333333333
