40 0.6234375000000001 0.6020833333333333 0.059375000000000004 0.125
15 0.5125000000000001 0.540625 0.115625 0.11041666666666666
0 0.42421875000000003 0.675 0.19843750000000002 0.175
34 0.4453125 0.4822916666666667 0.203125 0.16458333333333333
49 0.31953125000000004 0.346875 0.06406250000000001 0.20208333333333334
9 0.3046875 0.5375 0.1375 0.14583333333333334
34 0.2984375 0.36666666666666664 0.140625 0.05416666666666667
36 0.21796875000000002 0.6520833333333333 0.08281250000000001 0.1
19 0.26171875 0.490625 0.13593750000000002 0.08958333333333333
13 0.23671875 0.41875 0.035937500000000004 0.0375
41 0.20625000000000002 0.390625 0.08750000000000001 0.04375
2 0.20859375000000002 0.45729166666666665 0.0328125 0.035416666666666666
8 0.17500000000000002 0.5666666666666667 0.046875 0.07083333333333333
48 0.1421875 0.5145833333333333 0.021875000000000002 0.041666666666666664
25 0.1265625 0.4708333333333333 0.034375 0.04583333333333333
10 0.1296875 0.4239583333333333 0.046875 0.07291666666666667
14 0.109375 0.37916666666666665 0.07187500000000001 0.1
