40 0.4703125 0.5979166666666667 0.059375000000000004 0.125
15 0.35078125000000004 0.5479166666666666 0.1234375 0.11666666666666667
0 0.26406250000000003 0.7020833333333333 0.209375 0.1875
34 0.27890625 0.496875 0.2234375 0.17291666666666666
49 0.12812500000000002 0.36666666666666664 0.078125 0.2125
9 0.1296875 0.565625 0.15000000000000002 0.16041666666666665
34 0.11640625 0.3854166666666667 0.15156250000000002 0.05416666666666667
36 0.043750000000000004 0.7052083333333333 0.08750000000000001 0.11875
19 0.0625 0.5208333333333334 0.12187500000000001 0.0875
13 0.055468750000000004 0.44375 0.0390625 0.041666666666666664
41 0.028125 0.42291666666666666 0.05625 0.05
2 0.025781250000000002 0.4895833333333333 0.0390625 0.04583333333333333
