34 0.9390625 0.525 0.11875000000000001 0.31666666666666665
32 0.721875 0.7614583333333333 0.053125000000000006 0.13958333333333334
28 0.67734375 0.6177083333333333 0.0703125 0.06041666666666667
8 0.946875 0.8 0.07500000000000001 0.10416666666666667
5 0.8445312500000001 0.7145833333333333 0.0671875 0.10416666666666667
33 0.95234375 0.8958333333333334 0.09531250000000001 0.20833333333333334
11 0.45156250000000003 0.8114583333333333 0.415625 0.21875
27 0.6921875000000001 0.9635416666666666 0.18125000000000002 0.07291666666666667
30 0.49765625 0.6020833333333333 0.16718750000000002 0.18333333333333332
29 0.31015625 0.6729166666666666 0.1203125 0.06666666666666667
26 0.25625000000000003 0.5770833333333333 0.037500000000000006 0.029166666666666667
31 0.184375 0.71875 0.065625 0.06666666666666667
5 0.21796875000000002 0.55 0.0765625 0.03333333333333333
2 0.21484375 0.5020833333333333 0.06406250000000001 0.05416666666666667
13 0.13125 0.8364583333333333 0.14375000000000002 0.06458333333333333
21 0.11171875 0.6239583333333333 0.0890625 0.12291666666666666
21 0.049218750000000006 0.5229166666666667 0.0671875 0.10416666666666667
36 0.029687500000000002 0.7375 0.059375000000000004 0.10416666666666667
