34 0.5398437500000001 0.46458333333333335 0.1953125 0.3
26 0.61484375 0.69375 0.029687500000000002 0.041666666666666664
35 0.7125 0.821875 0.06875 0.09375
32 0.32421875 0.75625 0.0578125 0.13333333333333333
28 0.26171875 0.6270833333333333 0.0734375 0.05416666666666667
8 0.5203125000000001 0.71875 0.059375000000000004 0.09583333333333333
5 0.43046875 0.6666666666666666 0.0546875 0.10833333333333334
33 0.54453125 0.821875 0.0671875 0.24791666666666667
11 0.13515625 0.86875 0.2703125 0.2625
27 0.321875 0.9583333333333334 0.18125000000000002 0.07916666666666666
30 0.08203125 0.675 0.1640625 0.23333333333333334
