34 0.61875 0.46458333333333335 0.19687500000000002 0.29583333333333334
26 0.6882812500000001 0.703125 0.0328125 0.04375
35 0.78828125 0.840625 0.0765625 0.09791666666666667
32 0.39765625000000004 0.74375 0.0578125 0.13333333333333333
28 0.33984375 0.615625 0.0703125 0.052083333333333336
8 0.5921875 0.7208333333333333 0.059375000000000004 0.1
5 0.50234375 0.6625 0.0546875 0.10833333333333334
33 0.6109375 0.8291666666666666 0.07500000000000001 0.25416666666666665
11 0.17343750000000002 0.8583333333333333 0.34375 0.275
27 0.39140625 0.95 0.1796875 0.09166666666666666
30 0.14140625 0.65 0.20468750000000002 0.21666666666666667
