34 0.78671875 0.48125 0.2265625 0.29583333333333334
26 0.8460937500000001 0.7375 0.035937500000000004 0.04583333333333333
35 0.9500000000000001 0.9 0.084375 0.10833333333333334
32 0.5398437500000001 0.7375 0.051562500000000004 0.13333333333333333
28 0.48750000000000004 0.60625 0.07187500000000001 0.058333333333333334
8 0.73984375 0.740625 0.06406250000000001 0.10208333333333333
5 0.64765625 0.671875 0.0578125 0.10208333333333333
33 0.7578125 0.8552083333333333 0.084375 0.25625
11 0.2625 0.8479166666666667 0.44062500000000004 0.29583333333333334
27 0.5234375 0.9541666666666666 0.17500000000000002 0.0875
30 0.30625 0.615625 0.18125000000000002 0.19375
29 0.1078125 0.7208333333333333 0.13125 0.06666666666666667
26 0.039843750000000004 0.6260416666666666 0.0421875 0.035416666666666666
