34 0.89609375 0.5104166666666666 0.20468750000000002 0.3125
26 0.97578125 0.7802083333333333 0.0390625 0.04791666666666666
32 0.64765625 0.7458333333333333 0.051562500000000004 0.13333333333333333
28 0.60078125 0.6072916666666667 0.0671875 0.05625
8 0.8578125000000001 0.775 0.065625 0.10416666666666667
5 0.7640625000000001 0.6927083333333334 0.059375000000000004 0.10208333333333333
33 0.8734375000000001 0.8760416666666666 0.10312500000000001 0.23958333333333334
11 0.37578125 0.8229166666666666 0.4265625 0.2625
27 0.6265625 0.9562499999999999 0.17500000000000002 0.0875
30 0.421875 0.603125 0.171875 0.18541666666666667
29 0.2328125 0.6885416666666666 0.125 0.06458333333333333
26 0.17343750000000002 0.5916666666666667 0.037500000000000006 0.03333333333333333
31 0.09531250000000001 0.746875 0.06875 0.06875
5 0.13203125000000002 0.5666666666666667 0.07968750000000001 0.029166666666666667
2 0.1265625 0.5177083333333333 0.065625 0.05625
13 0.05859375 0.865625 0.1171875 0.06458333333333333
21 0.03828125 0.6520833333333333 0.0734375 0.12916666666666665
