34 0.415625 0.46770833333333334 0.19687500000000002 0.31875
26 0.50546875 0.6895833333333333 0.026562500000000003 0.0375
35 0.603125 0.8041666666666667 0.065625 0.0875
32 0.209375 0.7854166666666667 0.06875 0.14583333333333334
28 0.13359375 0.65625 0.08281250000000001 0.05416666666666667
8 0.4109375 0.7229166666666667 0.05625 0.09583333333333333
5 0.3171875 0.6822916666666666 0.053125000000000006 0.11041666666666666
33 0.43984375000000003 0.8270833333333333 0.0734375 0.25
11 0.078125 0.890625 0.15625 0.21458333333333332
27 0.2484375 0.9708333333333333 0.11875000000000001 0.05416666666666667
