32 0.7992187500000001 0.778125 0.051562500000000004 0.14791666666666667
28 0.7562500000000001 0.63125 0.07500000000000001 0.06666666666666667
5 0.9343750000000001 0.7395833333333334 0.07500000000000001 0.10416666666666667
11 0.525 0.8020833333333334 0.41875 0.19583333333333333
27 0.76484375 0.9739583333333334 0.18906250000000002 0.052083333333333336
30 0.57265625 0.603125 0.16718750000000002 0.18125
29 0.38515625000000003 0.6614583333333334 0.1171875 0.06875
26 0.33515625000000004 0.5635416666666666 0.035937500000000004 0.027083333333333334
31 0.265625 0.7 0.059375000000000004 0.06666666666666667
5 0.30000000000000004 0.5385416666666667 0.07187500000000001 0.035416666666666666
2 0.29765625 0.49166666666666664 0.06406250000000001 0.05
13 0.2109375 0.8083333333333333 0.13125 0.05
21 0.2015625 0.6052083333333333 0.084375 0.11458333333333333
21 0.13359375 0.5052083333333334 0.060937500000000006 0.09791666666666667
36 0.1078125 0.70625 0.07187500000000001 0.09583333333333333
20 0.034375 0.5302083333333333 0.06875 0.38125
