32 0.7601562500000001 0.7677083333333333 0.051562500000000004 0.14791666666666667
28 0.71640625 0.625 0.0765625 0.06666666666666667
8 0.9765625 0.8197916666666667 0.046875 0.11041666666666666
5 0.8890625000000001 0.7239583333333334 0.07187500000000001 0.10625
11 0.48984375 0.80625 0.41718750000000004 0.2125
27 0.7312500000000001 0.9708333333333333 0.1875 0.058333333333333334
30 0.53515625 0.6010416666666667 0.16718750000000002 0.18125
29 0.34921875 0.665625 0.1203125 0.06875
26 0.29609375 0.5697916666666667 0.035937500000000004 0.027083333333333334
31 0.225 0.7104166666666667 0.065625 0.06666666666666667
5 0.25859375 0.5427083333333333 0.0734375 0.03125
2 0.25625000000000003 0.496875 0.0625 0.052083333333333336
13 0.1703125 0.821875 0.1375 0.06041666666666667
21 0.1625 0.6125 0.084375 0.11666666666666667
21 0.09453125000000001 0.5114583333333333 0.060937500000000006 0.09791666666666667
36 0.06328125 0.7208333333333333 0.0765625 0.10416666666666667
