34 0.875 0.5010416666666666 0.246875 0.30625
26 0.9320312500000001 0.7635416666666667 0.0390625 0.04791666666666666
32 0.6117187500000001 0.740625 0.0484375 0.13125
28 0.5625 0.6052083333333333 0.06875 0.05625
8 0.8187500000000001 0.7604166666666666 0.065625 0.10416666666666667
5 0.7250000000000001 0.684375 0.059375000000000004 0.10208333333333333
33 0.83359375 0.8697916666666666 0.09531250000000001 0.25625
11 0.340625 0.8270833333333333 0.43125 0.275
27 0.5906250000000001 0.9562499999999999 0.17500000000000002 0.0875
30 0.38515625000000003 0.6072916666666667 0.1765625 0.18958333333333333
29 0.19062500000000002 0.6989583333333333 0.12812500000000002 0.06041666666666667
26 0.13046875 0.6020833333333333 0.0390625 0.03333333333333333
31 0.05625 0.759375 0.06875 0.06875
5 0.08671875000000001 0.578125 0.08281250000000001 0.027083333333333334
2 0.08046875 0.528125 0.0703125 0.06041666666666667
13 0.0390625 0.8760416666666666 0.078125 0.05625
