34 0.6585937500000001 0.4666666666666667 0.2078125 0.29583333333333334
26 0.72578125 0.709375 0.0328125 0.04375
35 0.8265625000000001 0.8520833333333333 0.07500000000000001 0.1
32 0.43281250000000004 0.7385416666666667 0.05 0.13125
28 0.37734375000000003 0.6125 0.0703125 0.05416666666666667
8 0.628125 0.725 0.059375000000000004 0.1
5 0.53671875 0.6645833333333333 0.0546875 0.10416666666666667
33 0.64765625 0.8333333333333334 0.0734375 0.25416666666666665
11 0.1921875 0.853125 0.384375 0.2895833333333333
27 0.42500000000000004 0.9489583333333333 0.18125000000000002 0.09791666666666667
30 0.18203125 0.6385416666666667 0.19843750000000002 0.21041666666666667
