34 0.89609375 0.5145833333333333 0.20468750000000002 0.3125
32 0.68515625 0.7520833333333333 0.051562500000000004 0.13333333333333333
28 0.6375000000000001 0.6125 0.06875 0.058333333333333334
8 0.9015625 0.7854166666666667 0.07187500000000001 0.10416666666666667
5 0.80390625 0.7020833333333333 0.0671875 0.10416666666666667
33 0.9164062500000001 0.884375 0.1046875 0.22708333333333333
11 0.415625 0.8104166666666667 0.41875 0.24583333333333332
27 0.6585937500000001 0.9635416666666666 0.18281250000000002 0.07291666666666667
30 0.45937500000000003 0.6010416666666667 0.16875 0.18541666666666667
29 0.27109375 0.6791666666666667 0.1203125 0.06666666666666667
26 0.21484375 0.584375 0.0390625 0.03125
31 0.1421875 0.73125 0.065625 0.06666666666666667
5 0.17500000000000002 0.559375 0.078125 0.03125
2 0.1703125 0.509375 0.065625 0.05625
13 0.09062500000000001 0.853125 0.146875 0.06875
21 0.07265625 0.6364583333333333 0.0890625 0.12291666666666666
