19 0.78046875 0.6645833333333333 0.23593750000000002 0.17916666666666667
22 0.92109375 0.809375 0.09531250000000001 0.11875
11 0.5078125 0.6333333333333333 0.29375 0.14583333333333334
27 0.52578125 0.7697916666666667 0.0578125 0.11875
17 0.675 0.9489583333333333 0.10625000000000001 0.09791666666666667
44 0.7265625 0.8114583333333333 0.10625000000000001 0.07291666666666667
43 0.36171875000000003 0.746875 0.0390625 0.07708333333333334
45 0.8625 0.9677083333333333 0.08125 0.06458333333333333
4 0.27187500000000003 0.6447916666666667 0.05 0.06041666666666667
31 0.25 0.8833333333333333 0.059375000000000004 0.08333333333333333
36 0.17734375000000002 0.7208333333333333 0.06406250000000001 0.07916666666666666
23 0.12421875 0.621875 0.0921875 0.06458333333333333
6 0.12578125 0.8635416666666667 0.1171875 0.09791666666666667
43 0.046875 0.715625 0.08750000000000001 0.07291666666666667
