19 0.91328125 0.71875 0.17343750000000002 0.1875
11 0.6726562500000001 0.6333333333333333 0.3015625 0.1
27 0.6742187500000001 0.7854166666666667 0.060937500000000006 0.11666666666666667
44 0.8914062500000001 0.8604166666666666 0.1203125 0.09583333333333333
43 0.51171875 0.7385416666666667 0.0328125 0.07708333333333334
4 0.43046875 0.625 0.045312500000000006 0.05416666666666667
31 0.40078125000000003 0.85 0.051562500000000004 0.075
36 0.340625 0.6854166666666667 0.05625 0.075
23 0.296875 0.5854166666666667 0.084375 0.06666666666666667
6 0.2828125 0.8177083333333334 0.115625 0.09791666666666667
43 0.225 0.6677083333333333 0.078125 0.06875
20 0.19375 0.4479166666666667 0.109375 0.19166666666666665
28 0.14609375 0.740625 0.0671875 0.08958333333333333
42 0.12421875 0.609375 0.051562500000000004 0.06041666666666667
