19 0.66015625 0.6489583333333333 0.22968750000000002 0.18125
22 0.790625 0.76875 0.08750000000000001 0.10833333333333334
11 0.39296875000000003 0.6364583333333333 0.29531250000000003 0.14791666666666667
27 0.4140625 0.7770833333333333 0.059375000000000004 0.12083333333333333
17 0.5710937500000001 0.9385416666666666 0.1046875 0.11875
44 0.6125 0.79375 0.1 0.058333333333333334
43 0.24609375 0.775 0.0390625 0.07916666666666666
23 0.8835937500000001 0.9197916666666667 0.0921875 0.16041666666666665
45 0.74765625 0.9479166666666666 0.0734375 0.10416666666666667
4 0.1453125 0.671875 0.05 0.06458333333333333
31 0.1328125 0.9239583333333333 0.059375000000000004 0.08541666666666667
36 0.043750000000000004 0.765625 0.06875 0.08541666666666667
