34 0.8890625000000001 0.6604166666666667 0.22187500000000002 0.39166666666666666
5 0.46406250000000004 0.7177083333333333 0.10312500000000001 0.07708333333333334
27 0.640625 0.7791666666666667 0.08125 0.09583333333333333
33 0.7718750000000001 0.4145833333333333 0.040625 0.12916666666666665
11 0.7859375000000001 0.37395833333333334 0.1 0.09375
41 0.7125 0.409375 0.084375 0.04375
8 0.625 0.3677083333333333 0.028125 0.04791666666666666
2 0.66953125 0.3614583333333333 0.060937500000000006 0.03125
20 0.5710937500000001 0.38645833333333335 0.0890625 0.27291666666666664
13 0.7117187500000001 0.559375 0.06406250000000001 0.04791666666666666
27 0.66953125 0.4979166666666667 0.0859375 0.04583333333333333
37 0.8031250000000001 0.496875 0.043750000000000004 0.06041666666666667
37 0.665625 0.6364583333333333 0.053125000000000006 0.07708333333333334
26 0.54140625 0.596875 0.026562500000000003 0.03125
29 0.62421875 0.43124999999999997 0.0390625 0.041666666666666664
36 0.3484375 0.71875 0.07187500000000001 0.09583333333333333
