5 0.6421875 0.728125 0.10312500000000001 0.05625
27 0.8289062500000001 0.8270833333333333 0.08281250000000001 0.1
41 0.940625 0.43854166666666666 0.10312500000000001 0.05625
8 0.83984375 0.38645833333333335 0.0328125 0.052083333333333336
2 0.890625 0.384375 0.06875 0.03958333333333333
20 0.7796875000000001 0.39791666666666664 0.109375 0.2791666666666667
13 0.92578125 0.6 0.0734375 0.0625
27 0.8828125 0.528125 0.1 0.04375
37 0.8679687500000001 0.6770833333333334 0.060937500000000006 0.08333333333333333
26 0.73046875 0.615625 0.026562500000000003 0.03125
29 0.8359375 0.45208333333333334 0.043750000000000004 0.041666666666666664
36 0.52890625 0.7083333333333334 0.0671875 0.09166666666666666
