34 0.6890625 0.6114583333333333 0.253125 0.39791666666666664
5 0.2421875 0.753125 0.10625000000000001 0.09375
27 0.4296875 0.7697916666666667 0.08125 0.08958333333333333
33 0.5281250000000001 0.3989583333333333 0.03125 0.12708333333333333
11 0.5375 0.35833333333333334 0.09375 0.08333333333333333
41 0.47421875 0.39791666666666664 0.08281250000000001 0.04583333333333333
8 0.38593750000000004 0.36875 0.028125 0.05
2 0.42812500000000003 0.35625 0.05625 0.029166666666666667
20 0.328125 0.3927083333333333 0.10312500000000001 0.27291666666666664
13 0.48359375000000004 0.5479166666666666 0.0671875 0.041666666666666664
27 0.43593750000000003 0.490625 0.084375 0.052083333333333336
37 0.5640625 0.475 0.040625 0.058333333333333334
37 0.44453125000000004 0.6302083333333334 0.0546875 0.07708333333333334
26 0.31484375000000003 0.6104166666666666 0.029687500000000002 0.03333333333333333
29 0.38906250000000003 0.43124999999999997 0.037500000000000006 0.0375
36 0.11406250000000001 0.7791666666666667 0.078125 0.1
