34 0.9085937500000001 0.675 0.18281250000000002 0.39166666666666666
5 0.49765625 0.7177083333333333 0.1015625 0.06875
27 0.6781250000000001 0.7875 0.08125 0.09583333333333333
33 0.815625 0.42083333333333334 0.040625 0.13333333333333333
11 0.83125 0.378125 0.10312500000000001 0.09791666666666667
41 0.75703125 0.4114583333333333 0.0890625 0.04791666666666666
8 0.665625 0.37083333333333335 0.03125 0.05
2 0.7117187500000001 0.36354166666666665 0.060937500000000006 0.035416666666666666
20 0.6101562500000001 0.38645833333333335 0.0921875 0.27291666666666664
13 0.7507812500000001 0.5645833333333333 0.0671875 0.05416666666666667
27 0.71015625 0.5020833333333333 0.0890625 0.04583333333333333
37 0.85078125 0.5041666666666667 0.0484375 0.0625
37 0.7039062500000001 0.64375 0.0578125 0.07916666666666666
26 0.5789062500000001 0.5989583333333334 0.026562500000000003 0.03125
29 0.6640625 0.43645833333333334 0.037500000000000006 0.03958333333333333
36 0.38515625000000003 0.7145833333333333 0.0703125 0.09583333333333333
