34 0.73046875 0.6177083333333333 0.2671875 0.39791666666666664
5 0.27890625 0.7458333333333333 0.1046875 0.09166666666666666
27 0.46406250000000004 0.7677083333333333 0.084375 0.08958333333333333
33 0.56875 0.40208333333333335 0.03125 0.125
11 0.5765625 0.359375 0.09375 0.08125
41 0.5140625 0.3989583333333333 0.08125 0.04375
8 0.4265625 0.3677083333333333 0.028125 0.04791666666666666
2 0.46875 0.35625 0.059375000000000004 0.025
20 0.36796875 0.38958333333333334 0.1015625 0.2708333333333333
13 0.52109375 0.5479166666666666 0.0671875 0.041666666666666664
27 0.4734375 0.490625 0.084375 0.052083333333333336
37 0.6039062500000001 0.4770833333333333 0.0390625 0.058333333333333334
37 0.48046875 0.628125 0.0546875 0.07708333333333334
26 0.35390625000000003 0.6072916666666667 0.029687500000000002 0.03125
29 0.42812500000000003 0.42916666666666664 0.037500000000000006 0.0375
36 0.15390625000000002 0.7666666666666666 0.07968750000000001 0.1
