34 0.8515625 0.6375 0.29375 0.3958333333333333
5 0.390625 0.7260416666666667 0.10312500000000001 0.07708333333333334
27 0.56953125 0.771875 0.07968750000000001 0.09375
33 0.6875 0.4083333333333333 0.037500000000000006 0.12916666666666665
11 0.70078125 0.365625 0.09843750000000001 0.08958333333333333
41 0.63203125 0.4041666666666667 0.08281250000000001 0.04583333333333333
8 0.54453125 0.3677083333333333 0.029687500000000002 0.04791666666666666
2 0.5890625 0.359375 0.059375000000000004 0.027083333333333334
20 0.48750000000000004 0.3833333333333333 0.08750000000000001 0.2708333333333333
13 0.6335937500000001 0.5510416666666667 0.06406250000000001 0.04791666666666666
27 0.59140625 0.4927083333333333 0.08281250000000001 0.04791666666666666
37 0.7203125 0.4864583333333333 0.040625 0.06041666666666667
37 0.58984375 0.63125 0.051562500000000004 0.075
26 0.465625 0.596875 0.028125 0.03125
29 0.546875 0.42916666666666664 0.037500000000000006 0.0375
36 0.2734375 0.734375 0.07187500000000001 0.09791666666666667
