5 0.6796875 0.7322916666666667 0.10312500000000001 0.05625
27 0.8703125 0.8416666666666667 0.084375 0.10416666666666667
8 0.88671875 0.3927083333333333 0.0328125 0.05625
2 0.9375 0.390625 0.06875 0.03958333333333333
20 0.82578125 0.40208333333333335 0.1171875 0.2875
13 0.9671875000000001 0.6135416666666667 0.0625 0.06875
27 0.9296875 0.5395833333333333 0.109375 0.04583333333333333
37 0.9070312500000001 0.6885416666666666 0.060937500000000006 0.08125
26 0.76953125 0.621875 0.029687500000000002 0.035416666666666666
29 0.8812500000000001 0.46041666666666664 0.043750000000000004 0.041666666666666664
36 0.56484375 0.7083333333333334 0.0671875 0.09166666666666666
