34 0.87109375 0.6479166666666667 0.2578125 0.3875
5 0.4265625 0.721875 0.10312500000000001 0.07708333333333334
27 0.6046875 0.7739583333333333 0.08125 0.09375
33 0.7289062500000001 0.4114583333333333 0.0390625 0.12708333333333333
11 0.7421875 0.36875 0.1 0.09166666666666666
41 0.6734375 0.4041666666666667 0.084375 0.04583333333333333
8 0.58515625 0.365625 0.026562500000000003 0.04791666666666666
2 0.62890625 0.359375 0.060937500000000006 0.03125
20 0.5296875 0.3854166666666667 0.08750000000000001 0.2708333333333333
13 0.6726562500000001 0.5552083333333333 0.06406250000000001 0.04791666666666666
27 0.63046875 0.49374999999999997 0.0859375 0.04583333333333333
37 0.7640625000000001 0.490625 0.043750000000000004 0.06041666666666667
37 0.6273437500000001 0.634375 0.0546875 0.07708333333333334
26 0.50390625 0.596875 0.026562500000000003 0.03125
29 0.584375 0.4302083333333333 0.037500000000000006 0.035416666666666666
36 0.31093750000000003 0.7260416666666667 0.07187500000000001 0.09791666666666667
