34 0.77109375 0.6229166666666667 0.2765625 0.4
5 0.31640625 0.7375 0.1046875 0.09166666666666666
27 0.5007812500000001 0.7677083333333333 0.07968750000000001 0.08958333333333333
33 0.6078125000000001 0.40208333333333335 0.03125 0.125
11 0.6179687500000001 0.359375 0.09531250000000001 0.08125
41 0.553125 0.3989583333333333 0.08125 0.04375
8 0.465625 0.3677083333333333 0.028125 0.04791666666666666
2 0.5078125 0.35625 0.059375000000000004 0.025
20 0.40937500000000004 0.384375 0.09062500000000001 0.27291666666666664
13 0.55859375 0.5479166666666666 0.0671875 0.041666666666666664
27 0.5125000000000001 0.4895833333333333 0.084375 0.05
37 0.6421875 0.4791666666666667 0.040625 0.058333333333333334
37 0.5164062500000001 0.628125 0.051562500000000004 0.07708333333333334
26 0.3921875 0.6010416666666667 0.028125 0.03125
29 0.46796875000000004 0.42916666666666664 0.0390625 0.0375
36 0.19453125000000002 0.753125 0.07968750000000001 0.10208333333333333
