37 0.88984375 0.8125 0.0734375 0.09583333333333333
5 0.7484375000000001 0.740625 0.059375000000000004 0.10208333333333333
5 0.79453125 0.646875 0.026562500000000003 0.09375
26 0.8359375 0.5552083333333333 0.028125 0.03125
33 0.7664062500000001 0.5197916666666667 0.0484375 0.16041666666666665
27 0.77109375 0.4197916666666667 0.0328125 0.03958333333333333
2 0.7734375 0.38229166666666664 0.053125000000000006 0.03125
29 0.70859375 0.4458333333333333 0.060937500000000006 0.041666666666666664
26 0.6765625000000001 0.41041666666666665 0.021875000000000002 0.016666666666666666
34 0.6273437500000001 0.3541666666666667 0.13593750000000002 0.0875
36 0.5921875 0.4 0.037500000000000006 0.05
20 0.49140625000000004 0.32916666666666666 0.0703125 0.225
30 0.58984375 0.5447916666666667 0.1390625 0.24375
8 0.60078125 0.7552083333333334 0.060937500000000006 0.09791666666666667
37 0.79609375 0.4635416666666667 0.0328125 0.05625
13 0.6859375000000001 0.55 0.065625 0.041666666666666664
27 0.6765625000000001 0.49166666666666664 0.043750000000000004 0.029166666666666667
41 0.38906250000000003 0.6989583333333333 0.153125 0.11875
