5 0.95703125 0.8052083333333333 0.06406250000000001 0.11875
29 0.9296875 0.48125 0.07187500000000001 0.04583333333333333
26 0.8968750000000001 0.43645833333333334 0.025 0.022916666666666665
34 0.8421875000000001 0.37395833333333334 0.15625 0.10208333333333333
36 0.80078125 0.41562499999999997 0.0421875 0.052083333333333336
20 0.7000000000000001 0.334375 0.084375 0.23124999999999998
30 0.78828125 0.5697916666666667 0.1640625 0.24375
8 0.7875000000000001 0.7885416666666667 0.065625 0.10625
13 0.89765625 0.5864583333333333 0.0734375 0.06041666666666667
27 0.8929687500000001 0.5208333333333334 0.0484375 0.029166666666666667
41 0.56953125 0.6947916666666667 0.15781250000000002 0.12291666666666666
