37 0.7703125000000001 0.778125 0.065625 0.08958333333333333
5 0.63671875 0.721875 0.060937500000000006 0.09375
5 0.67578125 0.6260416666666666 0.0234375 0.08958333333333333
26 0.7109375 0.5354166666666667 0.025 0.029166666666666667
33 0.6453125000000001 0.50625 0.043750000000000004 0.15416666666666667
27 0.6468750000000001 0.4114583333333333 0.03125 0.03958333333333333
2 0.6468750000000001 0.3729166666666667 0.05 0.029166666666666667
29 0.5875 0.43645833333333334 0.059375000000000004 0.03958333333333333
26 0.55703125 0.40520833333333334 0.0234375 0.01875
34 0.50625 0.35104166666666664 0.134375 0.08541666666666667
36 0.47421875 0.39791666666666664 0.0390625 0.05
20 0.36953125000000003 0.3302083333333333 0.07968750000000001 0.22291666666666665
30 0.47265625 0.54375 0.1390625 0.24583333333333332
8 0.49531250000000004 0.753125 0.0625 0.10208333333333333
37 0.6687500000000001 0.4510416666666667 0.03125 0.052083333333333336
13 0.5703125 0.5395833333333333 0.065625 0.041666666666666664
27 0.55703125 0.4791666666666667 0.0421875 0.03333333333333333
41 0.27578125000000003 0.71875 0.1640625 0.125
