37 0.5476562500000001 0.7458333333333333 0.060937500000000006 0.0875
5 0.421875 0.7197916666666666 0.0625 0.08541666666666667
5 0.45390625 0.615625 0.026562500000000003 0.08958333333333333
26 0.47968750000000004 0.5239583333333333 0.021875000000000002 0.027083333333333334
33 0.41718750000000004 0.5052083333333334 0.040625 0.15625
27 0.40937500000000004 0.409375 0.028125 0.03958333333333333
2 0.40703125 0.3697916666666667 0.051562500000000004 0.022916666666666665
29 0.35546875 0.4427083333333333 0.060937500000000006 0.03958333333333333
26 0.3203125 0.4114583333333333 0.021875000000000002 0.01875
34 0.2609375 0.36041666666666666 0.14375000000000002 0.08333333333333333
36 0.23046875 0.41562499999999997 0.0421875 0.052083333333333336
20 0.1078125 0.3572916666666667 0.1125 0.24791666666666667
30 0.23593750000000002 0.5697916666666667 0.16875 0.26875
8 0.27734375 0.7822916666666666 0.06406250000000001 0.10208333333333333
37 0.43359375 0.44687499999999997 0.0328125 0.052083333333333336
13 0.340625 0.5479166666666666 0.06875 0.0375
27 0.32578125 0.4895833333333333 0.045312500000000006 0.03333333333333333
41 0.06015625 0.79375 0.1203125 0.15416666666666667
