5 0.8703125 0.775 0.06875 0.1125
5 0.91171875 0.678125 0.026562500000000003 0.09375
26 0.97265625 0.584375 0.029687500000000002 0.03125
33 0.89765625 0.5447916666666667 0.060937500000000006 0.16875
27 0.90625 0.440625 0.034375 0.04375
2 0.91171875 0.3989583333333333 0.0578125 0.035416666666666666
29 0.8375 0.46249999999999997 0.06875 0.041666666666666664
26 0.8054687500000001 0.421875 0.0234375 0.01875
34 0.7546875000000001 0.3645833333333333 0.146875 0.09583333333333333
36 0.7140625 0.40729166666666666 0.040625 0.052083333333333336
20 0.6156250000000001 0.33125 0.07500000000000001 0.22916666666666666
30 0.7078125000000001 0.5552083333333333 0.146875 0.23958333333333334
8 0.7109375 0.771875 0.065625 0.10625
37 0.9320312500000001 0.48541666666666666 0.0328125 0.058333333333333334
13 0.8093750000000001 0.5677083333333334 0.07187500000000001 0.06041666666666667
27 0.80390625 0.5041666666666667 0.0484375 0.029166666666666667
41 0.49765625 0.690625 0.15781250000000002 0.12291666666666666
