37 0.9671875000000001 0.8489583333333334 0.0625 0.10208333333333333
5 0.82734375 0.7604166666666666 0.060937500000000006 0.10416666666666667
5 0.87265625 0.665625 0.026562500000000003 0.09375
26 0.92578125 0.5739583333333333 0.029687500000000002 0.03125
33 0.8523437500000001 0.5354166666666667 0.0578125 0.16666666666666666
27 0.8601562500000001 0.43333333333333335 0.035937500000000004 0.041666666666666664
2 0.8640625000000001 0.39375 0.05625 0.03333333333333333
29 0.7921875 0.45729166666666665 0.065625 0.03958333333333333
26 0.7609375 0.41770833333333335 0.021875000000000002 0.01875
34 0.71015625 0.36041666666666666 0.1421875 0.09166666666666666
36 0.67109375 0.4041666666666667 0.0390625 0.05
20 0.5734375 0.32916666666666666 0.07187500000000001 0.225
30 0.6687500000000001 0.5510416666666667 0.146875 0.23958333333333334
8 0.6726562500000001 0.7645833333333333 0.060937500000000006 0.1
37 0.884375 0.47812499999999997 0.034375 0.05625
13 0.7640625000000001 0.5604166666666667 0.065625 0.041666666666666664
27 0.7546875000000001 0.5020833333333333 0.043750000000000004 0.029166666666666667
41 0.45937500000000003 0.6958333333333333 0.153125 0.11666666666666667
