37 0.6937500000000001 0.7614583333333333 0.0625 0.08958333333333333
5 0.56484375 0.7135416666666666 0.06406250000000001 0.08958333333333333
5 0.6039062500000001 0.615625 0.026562500000000003 0.08958333333333333
26 0.6312500000000001 0.528125 0.021875000000000002 0.027083333333333334
33 0.56875 0.5020833333333333 0.037500000000000006 0.15416666666666667
27 0.565625 0.40729166666666666 0.028125 0.03958333333333333
2 0.56640625 0.3697916666666667 0.0484375 0.027083333333333334
29 0.5109375 0.43645833333333334 0.059375000000000004 0.03958333333333333
26 0.478125 0.4041666666666667 0.021875000000000002 0.016666666666666666
34 0.42578125 0.3520833333333333 0.13593750000000002 0.08333333333333333
36 0.3953125 0.40208333333333335 0.037500000000000006 0.05
20 0.28359375000000003 0.3375 0.0921875 0.23333333333333334
30 0.39765625000000004 0.5479166666666666 0.1484375 0.2583333333333333
8 0.42578125 0.7572916666666667 0.06406250000000001 0.10208333333333333
37 0.5875 0.44479166666666664 0.03125 0.052083333333333336
13 0.496875 0.5395833333333333 0.065625 0.041666666666666664
27 0.48203125 0.4791666666666667 0.0421875 0.03333333333333333
41 0.19765625 0.7364583333333333 0.17343750000000002 0.13541666666666666
