37 0.6203125 0.7479166666666667 0.0625 0.0875
5 0.49375 0.7145833333333333 0.0625 0.0875
5 0.52890625 0.6135416666666667 0.026562500000000003 0.08958333333333333
26 0.5546875 0.5260416666666666 0.021875000000000002 0.027083333333333334
33 0.49531250000000004 0.5020833333333333 0.037500000000000006 0.15416666666666667
27 0.48750000000000004 0.40729166666666666 0.028125 0.03958333333333333
2 0.48671875000000003 0.37083333333333335 0.0484375 0.025
29 0.43281250000000004 0.4375 0.059375000000000004 0.0375
26 0.4 0.40625 0.021875000000000002 0.016666666666666666
34 0.34296875000000004 0.35625 0.1390625 0.08333333333333333
36 0.3125 0.40625 0.040625 0.05
20 0.1921875 0.34479166666666666 0.10312500000000001 0.23958333333333334
30 0.3171875 0.5583333333333333 0.15937500000000002 0.2625
8 0.35234375 0.7677083333333333 0.06406250000000001 0.10208333333333333
37 0.5109375 0.44479166666666664 0.03125 0.052083333333333336
13 0.41875 0.5416666666666666 0.06875 0.041666666666666664
27 0.40468750000000003 0.484375 0.043750000000000004 0.03125
41 0.12109375 0.7645833333333333 0.1640625 0.14583333333333334
