37 0.584375 0.7458333333333333 0.0625 0.0875
5 0.4578125 0.715625 0.0625 0.08958333333333333
5 0.49140625000000004 0.6135416666666667 0.026562500000000003 0.08958333333333333
26 0.5171875 0.5239583333333333 0.021875000000000002 0.027083333333333334
33 0.4546875 0.5020833333333333 0.037500000000000006 0.15416666666666667
27 0.44843750000000004 0.40729166666666666 0.028125 0.03958333333333333
2 0.44765625000000003 0.3697916666666667 0.0484375 0.027083333333333334
29 0.39296875000000003 0.4395833333333333 0.060937500000000006 0.0375
26 0.3609375 0.4083333333333333 0.021875000000000002 0.016666666666666666
34 0.30312500000000003 0.3572916666666667 0.140625 0.08541666666666667
36 0.27187500000000003 0.409375 0.040625 0.052083333333333336
20 0.15234375 0.3489583333333333 0.1046875 0.23958333333333334
30 0.278125 0.5625 0.15937500000000002 0.2625
8 0.31484375000000003 0.7739583333333333 0.06406250000000001 0.10208333333333333
37 0.47187500000000004 0.44479166666666664 0.03125 0.052083333333333336
13 0.38125000000000003 0.54375 0.06875 0.041666666666666664
27 0.36562500000000003 0.48541666666666666 0.043750000000000004 0.03333333333333333
41 0.08203125 0.7770833333333333 0.1640625 0.14583333333333334
