37 0.80859375 0.7875 0.0703125 0.09166666666666666
5 0.6742187500000001 0.7270833333333333 0.060937500000000006 0.09583333333333333
5 0.7156250000000001 0.63125 0.025 0.09166666666666666
26 0.7515625 0.5395833333333333 0.028125 0.029166666666666667
33 0.6843750000000001 0.5104166666666666 0.043750000000000004 0.15416666666666667
27 0.6875 0.41354166666666664 0.03125 0.03958333333333333
2 0.6890625 0.375 0.05 0.029166666666666667
29 0.6265625 0.43854166666666666 0.059375000000000004 0.03958333333333333
26 0.596875 0.4041666666666667 0.021875000000000002 0.016666666666666666
34 0.546875 0.353125 0.134375 0.08541666666666667
36 0.5140625 0.39791666666666664 0.037500000000000006 0.05
20 0.41015625 0.33125 0.0765625 0.225
30 0.5109375 0.5458333333333333 0.1375 0.24583333333333332
8 0.5296875 0.753125 0.0625 0.09791666666666667
37 0.7109375 0.4552083333333333 0.03125 0.052083333333333336
13 0.6078125000000001 0.5416666666666666 0.065625 0.041666666666666664
27 0.59921875 0.484375 0.045312500000000006 0.03125
41 0.31484375000000003 0.7104166666666667 0.1609375 0.125
