29 0.971875 0.4895833333333333 0.05625 0.04583333333333333
26 0.9437500000000001 0.44479166666666664 0.025 0.022916666666666665
34 0.8890625000000001 0.38125 0.15937500000000002 0.10416666666666667
36 0.8460937500000001 0.42291666666666666 0.0421875 0.05416666666666667
20 0.7429687500000001 0.3385416666666667 0.0859375 0.23124999999999998
30 0.82734375 0.578125 0.1640625 0.24375
8 0.8265625000000001 0.8 0.07187500000000001 0.10833333333333334
13 0.94453125 0.5958333333333333 0.0765625 0.0625
27 0.9382812500000001 0.5302083333333333 0.0484375 0.03125
41 0.6078125000000001 0.6947916666666667 0.15937500000000002 0.12708333333333333
