42 0.6312500000000001 0.6572916666666666 0.05 0.06875
0 0.5671875000000001 0.5552083333333333 0.153125 0.12708333333333333
50 0.5 0.6541666666666667 0.1 0.0875
47 0.43359375 0.7625 0.15781250000000002 0.10833333333333334
34 0.48125 0.4947916666666667 0.19687500000000002 0.10625
12 0.37578125 0.6010416666666667 0.08281250000000001 0.12291666666666666
19 0.3515625 0.4375 0.146875 0.05416666666666667
15 0.36640625000000004 0.3770833333333333 0.07968750000000001 0.06666666666666667
30 0.30390625000000004 0.534375 0.11093750000000001 0.08541666666666667
37 0.2625 0.38958333333333334 0.03125 0.041666666666666664
13 0.2703125 0.490625 0.07187500000000001 0.052083333333333336
9 0.26406250000000003 0.665625 0.12187500000000001 0.19791666666666666
41 0.20625000000000002 0.4479166666666667 0.1125 0.058333333333333334
36 0.1703125 0.3885416666666667 0.043750000000000004 0.06041666666666667
28 0.19453125000000002 0.5197916666666667 0.060937500000000006 0.04791666666666666
34 0.35781250000000003 0.35625 0.1375 0.075
