42 0.5546875 0.65 0.05 0.07083333333333333
0 0.4890625 0.5552083333333333 0.153125 0.13125
50 0.42421875000000003 0.6583333333333333 0.1015625 0.08333333333333333
47 0.359375 0.771875 0.15937500000000002 0.11041666666666666
34 0.39687500000000003 0.49895833333333334 0.2 0.09375
12 0.29531250000000003 0.609375 0.08125 0.12291666666666666
19 0.265625 0.44479166666666664 0.153125 0.06041666666666667
15 0.28046875 0.3833333333333333 0.07968750000000001 0.06666666666666667
30 0.22031250000000002 0.5416666666666666 0.1125 0.08333333333333333
37 0.171875 0.40208333333333335 0.034375 0.041666666666666664
13 0.18125000000000002 0.5041666666666667 0.078125 0.05416666666666667
9 0.18359375 0.6875 0.13593750000000002 0.20416666666666666
41 0.10390625 0.465625 0.1234375 0.06458333333333333
36 0.0734375 0.40520833333333334 0.046875 0.06041666666666667
28 0.09609375 0.5416666666666666 0.06406250000000001 0.05
34 0.2703125 0.3625 0.14375000000000002 0.075
