42 0.8382812500000001 0.69375 0.0578125 0.075
0 0.775 0.5770833333333333 0.171875 0.12916666666666665
50 0.6984375 0.6697916666666667 0.109375 0.09375
47 0.61875 0.7572916666666667 0.1625 0.08958333333333333
34 0.68515625 0.5041666666666667 0.2109375 0.11666666666666667
12 0.5710937500000001 0.5958333333333333 0.08281250000000001 0.12083333333333333
19 0.5578125 0.4322916666666667 0.146875 0.06041666666666667
15 0.57578125 0.375 0.0765625 0.07083333333333333
30 0.50703125 0.5145833333333333 0.1046875 0.08333333333333333
37 0.47421875 0.378125 0.029687500000000002 0.03958333333333333
13 0.47578125000000004 0.475 0.0703125 0.041666666666666664
9 0.465625 0.6416666666666666 0.1 0.18333333333333332
41 0.42265625 0.428125 0.1015625 0.052083333333333336
36 0.390625 0.37083333333333335 0.040625 0.05416666666666667
28 0.40703125 0.496875 0.0546875 0.04375
34 0.5703125 0.35 0.134375 0.075
