42 0.478125 0.65 0.05 0.07083333333333333
0 0.41171875 0.5572916666666666 0.1546875 0.13541666666666666
50 0.34765625 0.6645833333333333 0.1015625 0.08333333333333333
47 0.28359375000000003 0.7895833333333333 0.1640625 0.11666666666666667
34 0.31093750000000003 0.5041666666666667 0.203125 0.10833333333333334
12 0.21171875 0.6270833333333333 0.0890625 0.13333333333333333
19 0.17734375000000002 0.45625 0.15781250000000002 0.06666666666666667
15 0.19140625 0.39375 0.08281250000000001 0.07083333333333333
30 0.1296875 0.559375 0.12187500000000001 0.08958333333333333
37 0.07578125000000001 0.41562499999999997 0.0328125 0.04375
13 0.08984375 0.5208333333333334 0.07968750000000001 0.058333333333333334
9 0.0921875 0.709375 0.140625 0.20208333333333334
