42 0.71484375 0.6791666666666667 0.051562500000000004 0.07083333333333333
0 0.72578125 0.5697916666666667 0.15781250000000002 0.12291666666666666
50 0.6585937500000001 0.665625 0.1015625 0.08541666666666667
47 0.5828125000000001 0.7572916666666667 0.15625 0.09791666666666667
34 0.63828125 0.49895833333333334 0.1953125 0.10625
12 0.53125 0.5947916666666666 0.08125 0.11875
19 0.51015625 0.4322916666666667 0.1453125 0.052083333333333336
15 0.52734375 0.37395833333333334 0.0765625 0.06875
30 0.46484375 0.5145833333333333 0.1046875 0.08333333333333333
37 0.35468750000000004 0.37916666666666665 0.028125 0.0375
13 0.43203125000000003 0.4770833333333333 0.0703125 0.04583333333333333
9 0.42578125 0.6427083333333333 0.11406250000000001 0.19375
41 0.37265625 0.434375 0.1046875 0.052083333333333336
36 0.33828125000000003 0.371875 0.0421875 0.05625
28 0.3609375 0.5 0.05625 0.04583333333333333
34 0.5203125000000001 0.35104166666666664 0.13125 0.07291666666666667
