42 0.4390625 0.6510416666666666 0.05 0.06875
0 0.37265625 0.5604166666666667 0.1546875 0.1375
50 0.309375 0.6677083333333333 0.10312500000000001 0.08541666666666667
47 0.23828125 0.8072916666666666 0.1765625 0.13541666666666666
34 0.27187500000000003 0.5083333333333333 0.203125 0.10833333333333334
12 0.16796875 0.6364583333333333 0.0921875 0.13541666666666666
19 0.12812500000000002 0.4635416666666667 0.16562500000000002 0.07291666666666667
15 0.1421875 0.39791666666666664 0.084375 0.075
30 0.08359375000000001 0.5708333333333333 0.1234375 0.0875
37 0.025 0.425 0.037500000000000006 0.04583333333333333
13 0.040625 0.53125 0.08125 0.06666666666666667
9 0.060937500000000006 0.725 0.11875000000000001 0.2125
