42 0.8601562500000001 0.7104166666666667 0.0578125 0.075
0 0.79453125 0.5916666666666667 0.1703125 0.12916666666666665
50 0.7156250000000001 0.6833333333333333 0.109375 0.09583333333333333
47 0.63671875 0.7729166666666667 0.1609375 0.09166666666666666
34 0.7078125000000001 0.5166666666666666 0.209375 0.11666666666666667
12 0.58984375 0.6083333333333333 0.08281250000000001 0.125
19 0.5789062500000001 0.4427083333333333 0.1453125 0.06041666666666667
15 0.5984375000000001 0.384375 0.07500000000000001 0.06875
30 0.52734375 0.5260416666666666 0.1046875 0.08541666666666667
37 0.49609375 0.3875 0.029687500000000002 0.0375
13 0.49609375 0.48333333333333334 0.0703125 0.041666666666666664
9 0.48359375000000004 0.65 0.09843750000000001 0.18333333333333332
41 0.44609375 0.43854166666666666 0.1015625 0.052083333333333336
36 0.41250000000000003 0.37916666666666665 0.040625 0.05416666666666667
28 0.4265625 0.50625 0.053125000000000006 0.041666666666666664
34 0.5906250000000001 0.35833333333333334 0.13125 0.075
