42 0.5171875 0.6489583333333333 0.05 0.06875
0 0.45078125 0.553125 0.1546875 0.13541666666666666
50 0.38671875 0.6604166666666667 0.1015625 0.08333333333333333
47 0.32109375 0.7833333333333333 0.1640625 0.11666666666666667
34 0.35781250000000003 0.5 0.2 0.09583333333333333
12 0.253125 0.61875 0.084375 0.12916666666666665
19 0.22031250000000002 0.44895833333333335 0.15937500000000002 0.06458333333333333
15 0.23671875 0.3875 0.08281250000000001 0.07083333333333333
30 0.17500000000000002 0.553125 0.11875000000000001 0.08958333333333333
37 0.12421875 0.4083333333333333 0.0328125 0.041666666666666664
13 0.13593750000000002 0.5114583333333333 0.078125 0.05625
9 0.13593750000000002 0.696875 0.140625 0.20625
41 0.065625 0.471875 0.125 0.06458333333333333
36 0.0234375 0.4125 0.046875 0.0625
28 0.055468750000000004 0.55 0.06406250000000001 0.05
34 0.225 0.365625 0.146875 0.07708333333333334
