20 0.146875 0.6708333333333333 0.21875 0.3333333333333333
7 0.453125 0.6447916666666667 0.34375 0.17708333333333334
14 0.6117187500000001 0.703125 0.19843750000000002 0.23541666666666666
2 0.46640625 0.7947916666666667 0.13593750000000002 0.13958333333333334
6 0.26484375 0.5916666666666667 0.051562500000000004 0.07083333333333333
6 0.3359375 0.3541666666666667 0.0625 0.020833333333333332
11 0.34765625 0.3854166666666667 0.0765625 0.0625
23 0.390625 0.4270833333333333 0.05625 0.04583333333333333
26 0.41484375 0.46875 0.0234375 0.020833333333333332
19 0.49531250000000004 0.42083333333333334 0.13125 0.09166666666666666
0 0.48203125 0.3614583333333333 0.09531250000000001 0.08125
4 0.390625 0.36666666666666664 0.040625 0.03333333333333333
5 0.41640625000000003 0.3989583333333333 0.0484375 0.03125
4 0.52734375 0.5614583333333333 0.0703125 0.03958333333333333
15 0.40625 0.5416666666666666 0.109375 0.09166666666666666
3 0.51015625 0.5052083333333334 0.1609375 0.08125
18 0.25625000000000003 0.334375 0.025 0.10625
16 0.27187500000000003 0.4 0.046875 0.0375
3 0.31640625 0.5177083333333333 0.1796875 0.09791666666666667
3 0.27265625 0.4458333333333333 0.1046875 0.0625
