20 0.67890625 0.6302083333333334 0.18906250000000002 0.3104166666666667
7 0.8921875 0.7125 0.21250000000000002 0.20416666666666666
2 0.9382812500000001 0.8989583333333333 0.1203125 0.09791666666666667
6 0.78515625 0.5989583333333334 0.0484375 0.07708333333333334
6 0.90546875 0.37604166666666666 0.0734375 0.027083333333333334
11 0.9031250000000001 0.4083333333333333 0.08125 0.06666666666666667
23 0.95234375 0.4666666666666667 0.0671875 0.05416666666666667
26 0.9773437500000001 0.5208333333333334 0.029687500000000002 0.020833333333333332
4 0.9656250000000001 0.40208333333333335 0.046875 0.0375
15 0.9453125 0.603125 0.109375 0.10625
18 0.821875 0.33958333333333335 0.03125 0.10416666666666667
16 0.8265625000000001 0.4083333333333333 0.05625 0.03333333333333333
3 0.8445312500000001 0.5375 0.1796875 0.12916666666666665
3 0.8265625000000001 0.459375 0.109375 0.07291666666666667
