20 0.23515625 0.6489583333333333 0.20468750000000002 0.31875
7 0.5328125 0.64375 0.340625 0.16666666666666666
14 0.690625 0.7135416666666666 0.203125 0.24375
2 0.53828125 0.79375 0.13593750000000002 0.13333333333333333
6 0.34687500000000004 0.5802083333333333 0.05 0.06875
6 0.42265625 0.35104166666666664 0.060937500000000006 0.01875
11 0.43359375 0.3833333333333333 0.0765625 0.0625
23 0.47187500000000004 0.425 0.05625 0.04583333333333333
26 0.49531250000000004 0.465625 0.025 0.01875
19 0.578125 0.421875 0.134375 0.08958333333333333
0 0.56484375 0.36041666666666666 0.09531250000000001 0.07916666666666666
4 0.4734375 0.3625 0.040625 0.029166666666666667
5 0.49921875000000004 0.39791666666666664 0.0484375 0.03333333333333333
4 0.6062500000000001 0.565625 0.06875 0.035416666666666666
15 0.48203125 0.5385416666666667 0.1078125 0.08958333333333333
3 0.59140625 0.5072916666666667 0.1640625 0.08541666666666667
18 0.34609375000000003 0.328125 0.0234375 0.09791666666666667
16 0.35625 0.39479166666666665 0.046875 0.03958333333333333
3 0.40156250000000004 0.5083333333333333 0.17500000000000002 0.1
3 0.3640625 0.4375 0.1 0.058333333333333334
