20 0.5578125 0.6177083333333333 0.16562500000000002 0.2895833333333333
7 0.83203125 0.6770833333333334 0.3328125 0.18333333333333332
2 0.8460937500000001 0.8468749999999999 0.1640625 0.11041666666666666
6 0.659375 0.5822916666666667 0.043750000000000004 0.06875
6 0.7609375 0.3572916666666667 0.065625 0.022916666666666665
11 0.77109375 0.396875 0.0765625 0.06041666666666667
23 0.7992187500000001 0.44375 0.060937500000000006 0.04583333333333333
26 0.8328125000000001 0.49374999999999997 0.028125 0.020833333333333332
19 0.92890625 0.46041666666666664 0.1421875 0.10833333333333334
0 0.925 0.39166666666666666 0.1125 0.09166666666666666
4 0.81953125 0.38125 0.045312500000000006 0.03333333333333333
5 0.84375 0.421875 0.05625 0.035416666666666666
4 0.9515625000000001 0.6291666666666667 0.08750000000000001 0.05416666666666667
15 0.8109375000000001 0.5677083333333334 0.1125 0.08958333333333333
3 0.9187500000000001 0.55625 0.15625 0.1125
18 0.6843750000000001 0.3260416666666667 0.021875000000000002 0.09791666666666667
16 0.6898437500000001 0.3958333333333333 0.0484375 0.03333333333333333
3 0.7203125 0.5177083333333333 0.16562500000000002 0.11458333333333333
3 0.690625 0.440625 0.1 0.06458333333333333
