20 0.47578125000000004 0.61875 0.16718750000000002 0.2791666666666667
7 0.7796875000000001 0.6614583333333334 0.384375 0.17291666666666666
14 0.9125000000000001 0.7802083333333333 0.17500000000000002 0.28125
2 0.7640625000000001 0.8239583333333333 0.153125 0.11458333333333333
6 0.58125 0.5739583333333333 0.043750000000000004 0.06875
6 0.6726562500000001 0.353125 0.06406250000000001 0.01875
11 0.6804687500000001 0.3875 0.0765625 0.058333333333333334
23 0.7210937500000001 0.43645833333333334 0.060937500000000006 0.04791666666666666
26 0.73359375 0.48020833333333335 0.0234375 0.01875
19 0.8390625 0.4427083333333333 0.153125 0.10208333333333333
0 0.82578125 0.37604166666666666 0.1078125 0.08958333333333333
4 0.728125 0.371875 0.043750000000000004 0.03125
5 0.753125 0.4114583333333333 0.05 0.03125
4 0.8539062500000001 0.6020833333333333 0.07968750000000001 0.041666666666666664
15 0.721875 0.55625 0.10625000000000001 0.0875
3 0.8515625 0.5375 0.19062500000000002 0.1125
18 0.596875 0.31979166666666664 0.021875000000000002 0.09791666666666667
16 0.6039062500000001 0.390625 0.0484375 0.03125
3 0.6359375 0.5083333333333333 0.15937500000000002 0.09583333333333333
3 0.6062500000000001 0.43645833333333334 0.096875 0.06041666666666667
