20 0.515625 0.61875 0.16562500000000002 0.2791666666666667
7 0.81171875 0.6666666666666666 0.37343750000000003 0.175
14 0.93515625 0.7947916666666667 0.1296875 0.27708333333333335
2 0.80390625 0.834375 0.1609375 0.11041666666666666
6 0.6203125 0.578125 0.043750000000000004 0.06875
6 0.7156250000000001 0.3572916666666667 0.065625 0.022916666666666665
11 0.7265625 0.3927083333333333 0.078125 0.06041666666666667
23 0.7601562500000001 0.4395833333333333 0.060937500000000006 0.04583333333333333
26 0.7859375000000001 0.4864583333333333 0.025 0.01875
19 0.8875000000000001 0.45416666666666666 0.15625 0.10416666666666667
0 0.8757812500000001 0.3854166666666667 0.11406250000000001 0.09166666666666666
4 0.77109375 0.3770833333333333 0.045312500000000006 0.03333333333333333
5 0.7976562500000001 0.4166666666666667 0.0546875 0.03333333333333333
4 0.90546875 0.6135416666666667 0.0859375 0.04791666666666666
15 0.7718750000000001 0.559375 0.1125 0.08958333333333333
3 0.8984375 0.5489583333333333 0.19687500000000002 0.11875
18 0.640625 0.32395833333333335 0.021875000000000002 0.09791666666666667
16 0.64765625 0.3927083333333333 0.0484375 0.03125
3 0.6742187500000001 0.5114583333333333 0.1546875 0.11041666666666666
3 0.6484375 0.4375 0.096875 0.0625
