20 0.275 0.640625 0.203125 0.31875
7 0.5734375 0.6427083333333333 0.340625 0.16458333333333333
14 0.728125 0.71875 0.203125 0.24166666666666667
2 0.57265625 0.7979166666666666 0.13593750000000002 0.13333333333333333
6 0.38593750000000004 0.578125 0.05 0.06875
6 0.46171875 0.35104166666666664 0.060937500000000006 0.01875
11 0.47265625 0.38229166666666664 0.0765625 0.06041666666666667
23 0.51015625 0.4239583333333333 0.0546875 0.04375
26 0.53515625 0.465625 0.0234375 0.01875
19 0.6179687500000001 0.421875 0.1328125 0.08958333333333333
0 0.6039062500000001 0.3645833333333333 0.09531250000000001 0.07916666666666666
4 0.51328125 0.3625 0.0390625 0.029166666666666667
5 0.5390625 0.396875 0.046875 0.03125
4 0.6453125000000001 0.56875 0.06875 0.03333333333333333
15 0.52109375 0.5385416666666667 0.1078125 0.08958333333333333
3 0.63046875 0.509375 0.1640625 0.08541666666666667
18 0.38593750000000004 0.32708333333333334 0.021875000000000002 0.1
16 0.39687500000000003 0.39375 0.046875 0.0375
3 0.44140625 0.5072916666666667 0.17343750000000002 0.09791666666666667
3 0.403125 0.43645833333333334 0.1 0.05625
