36 0.484375 0.640625 0.078125 0.10625
9 0.38984375000000004 0.534375 0.08281250000000001 0.16041666666666665
8 0.290625 0.64375 0.053125000000000006 0.0875
10 0.21328125 0.5625 0.060937500000000006 0.10416666666666667
34 0.29296875 0.5104166666666666 0.1796875 0.10833333333333334
14 0.16640625 0.4458333333333333 0.09531250000000001 0.1375
15 0.16718750000000002 0.3614583333333333 0.078125 0.06458333333333333
19 0.16718750000000002 0.7947916666666667 0.290625 0.19375
13 0.08281250000000001 0.6729166666666666 0.09062500000000001 0.06666666666666667
34 0.043750000000000004 0.46875 0.084375 0.275
