36 0.7562500000000001 0.6604166666666667 0.078125 0.10833333333333334
9 0.6687500000000001 0.5385416666666667 0.09062500000000001 0.15625
8 0.5593750000000001 0.6260416666666666 0.053125000000000006 0.08541666666666667
10 0.49765625 0.5364583333333334 0.051562500000000004 0.09375
34 0.5867187500000001 0.503125 0.18906250000000002 0.08541666666666667
14 0.46406250000000004 0.4239583333333333 0.078125 0.12291666666666666
15 0.46953125 0.3416666666666667 0.0671875 0.058333333333333334
19 0.4453125 0.7447916666666666 0.2625 0.15208333333333332
13 0.37812500000000004 0.6135416666666667 0.07500000000000001 0.06458333333333333
34 0.33671875 0.41875 0.1015625 0.26666666666666666
48 0.29921875000000003 0.5729166666666666 0.029687500000000002 0.03333333333333333
25 0.27968750000000003 0.421875 0.028125 0.03958333333333333
49 0.25703125 0.31354166666666666 0.051562500000000004 0.16875
