36 0.55859375 0.6375 0.0765625 0.10416666666666667
9 0.46640625 0.5291666666666667 0.08281250000000001 0.15833333333333333
8 0.3671875 0.634375 0.053125000000000006 0.08541666666666667
10 0.2921875 0.5510416666666667 0.059375000000000004 0.10208333333333333
34 0.37109375 0.5010416666666666 0.1796875 0.10625
14 0.25390625 0.43333333333333335 0.09531250000000001 0.1375
15 0.26015625000000003 0.3489583333333333 0.0765625 0.06458333333333333
19 0.24609375 0.7697916666666667 0.2890625 0.19375
13 0.17265625 0.646875 0.0859375 0.06458333333333333
34 0.115625 0.44479166666666664 0.125 0.27708333333333335
48 0.08203125 0.61875 0.0328125 0.0375
25 0.05390625 0.453125 0.029687500000000002 0.04375
49 0.02890625 0.3375 0.0578125 0.18333333333333332
