36 0.846875 0.684375 0.08750000000000001 0.11041666666666666
9 0.75390625 0.553125 0.09843750000000001 0.16041666666666665
8 0.63984375 0.6302083333333334 0.0546875 0.08541666666666667
10 0.57734375 0.5375 0.0484375 0.09583333333333333
34 0.675 0.5052083333333334 0.2 0.08125
14 0.546875 0.42291666666666666 0.07500000000000001 0.125
15 0.55703125 0.340625 0.0671875 0.05625
19 0.51796875 0.746875 0.2546875 0.16041666666666665
13 0.4578125 0.60625 0.07500000000000001 0.06666666666666667
34 0.4234375 0.4125 0.08750000000000001 0.26666666666666666
48 0.38203125000000004 0.5625 0.029687500000000002 0.03333333333333333
25 0.36875 0.41354166666666664 0.028125 0.03958333333333333
49 0.353125 0.3052083333333333 0.046875 0.16458333333333333
