36 0.9375 0.7125 0.09375 0.11666666666666667
9 0.84296875 0.5666666666666667 0.1078125 0.16666666666666666
8 0.7195312500000001 0.6427083333333333 0.0546875 0.08125
10 0.6585937500000001 0.5447916666666667 0.051562500000000004 0.09791666666666667
34 0.75390625 0.5145833333333333 0.19843750000000002 0.0875
14 0.6296875000000001 0.42604166666666665 0.08125 0.12708333333333333
15 0.6421875 0.34375 0.06875 0.0625
19 0.5953125 0.7510416666666666 0.259375 0.17291666666666666
13 0.534375 0.6041666666666666 0.07187500000000001 0.07083333333333333
34 0.5078125 0.4114583333333333 0.078125 0.26458333333333334
48 0.4609375 0.5583333333333333 0.03125 0.03333333333333333
25 0.45234375000000004 0.41041666666666665 0.026562500000000003 0.0375
49 0.44062500000000004 0.3020833333333333 0.043750000000000004 0.1625
