4 0.78046875 0.7395833333333334 0.08281250000000001 0.075
8 0.76171875 0.634375 0.060937500000000006 0.08125
1 0.634375 0.58125 0.046875 0.14166666666666666
2 0.59765625 0.7739583333333333 0.17343750000000002 0.07291666666666667
7 0.44453125000000004 0.73125 0.3453125 0.24166666666666667
10 0.49140625000000004 0.5625 0.0421875 0.11666666666666667
3 0.52734375 0.5291666666666667 0.1796875 0.10833333333333334
12 0.6687500000000001 0.5677083333333334 0.1375 0.10625
9 0.44921875 0.4 0.0765625 0.17083333333333334
25 0.403125 0.5208333333333334 0.037500000000000006 0.0375
3 0.3296875 0.490625 0.171875 0.05625
6 0.37421875000000004 0.41770833333333335 0.0578125 0.03125
0 0.31562500000000004 0.60625 0.146875 0.1375
4 0.2859375 0.7375 0.078125 0.0875
22 0.31093750000000003 0.4 0.028125 0.05
23 0.240625 0.40729166666666666 0.06875 0.03958333333333333
24 0.240625 0.43333333333333335 0.025 0.029166666666666667
