4 0.74140625 0.7322916666666667 0.08281250000000001 0.07708333333333334
8 0.72265625 0.628125 0.060937500000000006 0.08125
1 0.5953125 0.5770833333333333 0.046875 0.14166666666666666
2 0.56015625 0.76875 0.17343750000000002 0.075
7 0.40546875000000004 0.7333333333333333 0.3453125 0.24166666666666667
10 0.45234375000000004 0.5614583333333333 0.045312500000000006 0.11875
3 0.4859375 0.528125 0.178125 0.11041666666666666
12 0.6296875000000001 0.5635416666666666 0.1375 0.10625
9 0.4078125 0.4 0.078125 0.17083333333333334
25 0.3640625 0.5229166666666667 0.037500000000000006 0.0375
3 0.28750000000000003 0.4947916666666667 0.171875 0.06458333333333333
6 0.33125000000000004 0.42083333333333334 0.05625 0.029166666666666667
0 0.27578125000000003 0.6114583333333333 0.1484375 0.13958333333333334
4 0.246875 0.746875 0.078125 0.08958333333333333
22 0.2671875 0.403125 0.03125 0.052083333333333336
23 0.19609375 0.4114583333333333 0.0703125 0.03958333333333333
24 0.19609375 0.4395833333333333 0.026562500000000003 0.029166666666666667
