4 0.9164062500000001 0.7802083333333333 0.0921875 0.08125
8 0.8984375 0.6635416666666667 0.065625 0.08541666666666667
1 0.7609375 0.596875 0.053125000000000006 0.14791666666666667
2 0.7109375 0.8 0.18125000000000002 0.07916666666666666
7 0.5632812500000001 0.7270833333333333 0.3484375 0.20416666666666666
10 0.60859375 0.5645833333333333 0.0421875 0.11666666666666667
3 0.64453125 0.53125 0.1796875 0.10833333333333334
12 0.8054687500000001 0.5864583333333333 0.13593750000000002 0.11458333333333333
9 0.5750000000000001 0.3989583333333333 0.078125 0.16875
25 0.5242187500000001 0.5177083333333333 0.035937500000000004 0.035416666666666666
3 0.453125 0.48125 0.16562500000000002 0.06666666666666667
6 0.5 0.4125 0.05625 0.029166666666666667
0 0.43671875000000004 0.5958333333333333 0.1421875 0.13333333333333333
4 0.403125 0.7197916666666666 0.07187500000000001 0.07708333333333334
22 0.4375 0.3927083333333333 0.028125 0.052083333333333336
23 0.37265625 0.3958333333333333 0.0671875 0.0375
24 0.36328125 0.42083333333333334 0.0234375 0.029166666666666667
6 0.44140625 0.525 0.08281250000000001 0.041666666666666664
