4 0.5109375 0.7052083333333333 0.07500000000000001 0.07708333333333334
8 0.48515625 0.6114583333333333 0.0578125 0.08541666666666667
1 0.3609375 0.5822916666666667 0.053125000000000006 0.14375
2 0.3359375 0.775 0.184375 0.0875
7 0.17578125 0.79375 0.3515625 0.3125
10 0.20546875 0.5916666666666667 0.06406250000000001 0.12916666666666665
3 0.24296875 0.5510416666666667 0.1921875 0.10625
12 0.39296875000000003 0.5614583333333333 0.1328125 0.10208333333333333
9 0.140625 0.4270833333333333 0.096875 0.18333333333333332
25 0.10546875 0.565625 0.045312500000000006 0.04375
3 0.05625 0.540625 0.1125 0.08125
3 0.07421875 0.4114583333333333 0.0859375 0.06875
6 0.0578125 0.4583333333333333 0.06875 0.03333333333333333
