4 0.4734375 0.7072916666666667 0.07500000000000001 0.07708333333333334
8 0.44843750000000004 0.6125 0.05625 0.08333333333333333
1 0.32109375 0.5864583333333333 0.0546875 0.14375
2 0.29609375 0.7864583333333334 0.1859375 0.09375
7 0.15703125 0.80625 0.31093750000000003 0.31666666666666665
10 0.16171875000000002 0.6 0.06406250000000001 0.13333333333333333
3 0.19687500000000002 0.5583333333333333 0.19375 0.10833333333333334
12 0.35390625000000003 0.5645833333333333 0.1328125 0.10416666666666667
9 0.09296875 0.434375 0.09843750000000001 0.18958333333333333
25 0.0578125 0.5791666666666666 0.046875 0.04583333333333333
