4 0.9546875 0.7916666666666666 0.09062500000000001 0.07916666666666666
8 0.9437500000000001 0.6791666666666667 0.07187500000000001 0.0875
1 0.80234375 0.6052083333333333 0.0546875 0.14791666666666667
2 0.7484375000000001 0.8083333333333333 0.18125000000000002 0.07916666666666666
7 0.60078125 0.728125 0.35468750000000004 0.20625
10 0.65 0.56875 0.046875 0.11666666666666667
3 0.6890625 0.5395833333333333 0.19375 0.12083333333333333
12 0.8453125 0.596875 0.14375000000000002 0.11458333333333333
9 0.61640625 0.40208333333333335 0.08281250000000001 0.17083333333333334
25 0.5640625 0.5177083333333333 0.034375 0.035416666666666666
3 0.49140625000000004 0.4822916666666667 0.1640625 0.06458333333333333
6 0.5390625 0.41354166666666664 0.05625 0.027083333333333334
0 0.47421875 0.5958333333333333 0.1421875 0.13333333333333333
4 0.4390625 0.715625 0.07187500000000001 0.07708333333333334
22 0.47734375 0.39375 0.029687500000000002 0.05
23 0.4109375 0.3927083333333333 0.065625 0.035416666666666666
24 0.4078125 0.41875 0.025 0.029166666666666667
6 0.47890625000000003 0.525 0.08281250000000001 0.041666666666666664
