2 0.6960937500000001 0.7229166666666667 0.06406250000000001 0.09583333333333333
14 0.540625 0.63125 0.1 0.16666666666666666
41 0.63671875 0.6041666666666666 0.1046875 0.08333333333333333
48 0.61328125 0.5458333333333333 0.0328125 0.029166666666666667
15 0.38359375 0.4875 0.09843750000000001 0.09583333333333333
0 0.39609375 0.61875 0.15156250000000002 0.12916666666666665
1 0.38203125000000004 0.696875 0.051562500000000004 0.15625
40 0.4921875 0.521875 0.046875 0.10208333333333333
34 0.5640625 0.490625 0.20625000000000002 0.11875
19 0.54921875 0.40208333333333335 0.1265625 0.05
9 0.46015625000000004 0.3989583333333333 0.0671875 0.10625
13 0.5164062500000001 0.365625 0.051562500000000004 0.027083333333333334
34 0.328125 0.4166666666666667 0.125 0.11666666666666667
8 0.33359375 0.3677083333333333 0.029687500000000002 0.035416666666666666
49 0.22968750000000002 0.5979166666666667 0.10312500000000001 0.35
