14 0.86484375 0.6864583333333333 0.1265625 0.20208333333333334
48 0.9609375 0.60625 0.043750000000000004 0.0375
15 0.70703125 0.4927083333333333 0.1046875 0.09791666666666667
0 0.7054687500000001 0.6302083333333334 0.1640625 0.13541666666666666
1 0.6859375000000001 0.7020833333333333 0.059375000000000004 0.1625
40 0.8203125 0.5489583333333333 0.0625 0.11041666666666666
19 0.9 0.4375 0.15625 0.075
9 0.7984375 0.41770833333333335 0.07500000000000001 0.11875
13 0.8679687500000001 0.38958333333333334 0.06406250000000001 0.0375
34 0.6578125 0.4166666666666667 0.125 0.10833333333333334
8 0.6671875 0.36354166666666665 0.028125 0.03125
49 0.55078125 0.571875 0.0765625 0.33125
