14 0.91015625 0.7 0.13593750000000002 0.20416666666666666
15 0.7507812500000001 0.4979166666666667 0.1046875 0.1
0 0.7453125 0.6354166666666666 0.16562500000000002 0.1375
1 0.7250000000000001 0.7083333333333334 0.059375000000000004 0.1625
40 0.8671875 0.5572916666666666 0.065625 0.11041666666666666
19 0.9343750000000001 0.44479166666666664 0.13125 0.07708333333333334
9 0.84765625 0.421875 0.0765625 0.11875
13 0.915625 0.3958333333333333 0.0625 0.0375
34 0.70234375 0.421875 0.13593750000000002 0.10625
8 0.675 0.38229166666666664 0.028125 0.03125
49 0.58984375 0.571875 0.0765625 0.33125
