2 0.73359375 0.73125 0.06406250000000001 0.1
14 0.5796875 0.634375 0.10312500000000001 0.16875
41 0.6765625000000001 0.6083333333333333 0.10625000000000001 0.0875
48 0.65234375 0.5510416666666667 0.0328125 0.027083333333333334
15 0.42265625 0.48541666666666666 0.09843750000000001 0.09583333333333333
0 0.43593750000000003 0.6145833333333334 0.15000000000000002 0.12916666666666665
1 0.41953125 0.6927083333333334 0.0484375 0.15625
40 0.5320312500000001 0.521875 0.045312500000000006 0.10208333333333333
34 0.60546875 0.49166666666666664 0.2078125 0.11666666666666667
19 0.58984375 0.4041666666666667 0.1265625 0.05416666666666667
9 0.5015625 0.3958333333333333 0.065625 0.10833333333333334
13 0.55859375 0.365625 0.051562500000000004 0.03125
34 0.37031250000000004 0.4125 0.12187500000000001 0.1125
8 0.37578125 0.36666666666666664 0.029687500000000002 0.0375
49 0.27265625 0.5916666666666667 0.09843750000000001 0.3458333333333333
