2 0.7742187500000001 0.7427083333333333 0.0703125 0.10208333333333333
14 0.61875 0.6364583333333333 0.10312500000000001 0.16875
41 0.71875 0.6135416666666667 0.1125 0.08958333333333333
48 0.6937500000000001 0.5552083333333333 0.037500000000000006 0.027083333333333334
15 0.46328125000000003 0.48333333333333334 0.09843750000000001 0.09583333333333333
0 0.47500000000000003 0.6125 0.15000000000000002 0.12916666666666665
1 0.4578125 0.690625 0.046875 0.15625
40 0.5710937500000001 0.521875 0.045312500000000006 0.10208333333333333
34 0.64765625 0.49374999999999997 0.2109375 0.1125
19 0.6335937500000001 0.40520833333333334 0.1296875 0.05625
9 0.540625 0.39375 0.0625 0.10833333333333334
13 0.6000000000000001 0.36875 0.053125000000000006 0.03333333333333333
34 0.41171875 0.4114583333333333 0.1171875 0.10625
8 0.41796875 0.3645833333333333 0.026562500000000003 0.03333333333333333
49 0.31484375000000003 0.584375 0.0921875 0.34375
