47 0.93671875 0.6677083333333333 0.1234375 0.05625
29 0.8968750000000001 0.5885416666666666 0.084375 0.04791666666666666
18 0.7820312500000001 0.6052083333333333 0.06406250000000001 0.08541666666666667
48 0.8171875000000001 0.7395833333333334 0.046875 0.029166666666666667
16 0.81015625 0.5270833333333333 0.07968750000000001 0.05
44 0.8250000000000001 0.48020833333333335 0.05 0.022916666666666665
49 0.85078125 0.41041666666666665 0.0390625 0.10833333333333334
33 0.8859375 0.38125 0.040625 0.1125
25 0.9359375000000001 0.4322916666666667 0.03125 0.035416666666666666
24 0.8054687500000001 0.4125 0.029687500000000002 0.03333333333333333
33 0.75 0.39375 0.034375 0.1125
46 0.71875 0.4875 0.05625 0.0625
17 0.6976562500000001 0.44166666666666665 0.0421875 0.0625
50 0.6937500000000001 0.3770833333333333 0.040625 0.06666666666666667
30 0.7578125 0.375 0.1 0.05
43 0.6898437500000001 0.6166666666666667 0.06406250000000001 0.075
29 0.65 0.7447916666666666 0.11875000000000001 0.10208333333333333
