0 0.8226562500000001 0.7291666666666666 0.2109375 0.19583333333333333
47 0.72578125 0.6072916666666667 0.1296875 0.06875
32 0.7781250000000001 0.5510416666666667 0.037500000000000006 0.07291666666666667
40 0.7585937500000001 0.4822916666666667 0.051562500000000004 0.05625
29 0.6765625000000001 0.5510416666666667 0.07187500000000001 0.04791666666666666
18 0.5789062500000001 0.58125 0.060937500000000006 0.07916666666666666
48 0.6171875 0.703125 0.040625 0.03125
16 0.5984375000000001 0.5041666666666667 0.06875 0.05416666666666667
44 0.60703125 0.4583333333333333 0.045312500000000006 0.025
49 0.628125 0.3885416666666667 0.034375 0.10208333333333333
33 0.6570312500000001 0.3572916666666667 0.029687500000000002 0.10208333333333333
25 0.7125 0.40625 0.028125 0.0375
24 0.584375 0.39375 0.028125 0.03333333333333333
33 0.5359375000000001 0.37916666666666665 0.025 0.10416666666666667
46 0.51484375 0.47604166666666664 0.051562500000000004 0.06458333333333333
17 0.48984375 0.4354166666666667 0.0421875 0.0625
50 0.48359375000000004 0.37083333333333335 0.0390625 0.06666666666666667
30 0.54296875 0.3625 0.0921875 0.041666666666666664
43 0.49531250000000004 0.6020833333333333 0.065625 0.06666666666666667
29 0.46328125000000003 0.7364583333333333 0.1203125 0.08958333333333333
