0 0.7796875000000001 0.7166666666666667 0.203125 0.19166666666666665
47 0.6843750000000001 0.6 0.12812500000000002 0.07083333333333333
32 0.7351562500000001 0.5447916666666667 0.0390625 0.07291666666666667
40 0.71484375 0.4770833333333333 0.051562500000000004 0.058333333333333334
29 0.6375000000000001 0.5458333333333333 0.07187500000000001 0.05
18 0.540625 0.5770833333333333 0.0625 0.075
48 0.5796875 0.7010416666666667 0.040625 0.035416666666666666
16 0.5578125 0.5020833333333333 0.06875 0.05416666666666667
44 0.5671875000000001 0.45625 0.046875 0.025
49 0.58359375 0.38645833333333335 0.0328125 0.10208333333333333
33 0.61484375 0.35625 0.029687500000000002 0.1
25 0.6687500000000001 0.4010416666666667 0.028125 0.035416666666666666
24 0.5453125 0.39375 0.028125 0.03333333333333333
33 0.49531250000000004 0.38125 0.025 0.10416666666666667
46 0.4734375 0.47604166666666664 0.05 0.06458333333333333
17 0.44921875 0.43333333333333335 0.0421875 0.0625
50 0.44140625 0.371875 0.0390625 0.06458333333333333
30 0.49765625 0.3614583333333333 0.0921875 0.03958333333333333
43 0.45625000000000004 0.6041666666666666 0.065625 0.0625
29 0.42578125 0.7385416666666667 0.1203125 0.08958333333333333
