18 0.91953125 0.6354166666666666 0.06406250000000001 0.09583333333333333
48 0.9484375 0.7822916666666666 0.05 0.027083333333333334
16 0.95234375 0.55625 0.0859375 0.04583333333333333
44 0.9703125 0.5083333333333333 0.05625 0.025
24 0.95078125 0.43333333333333335 0.029687500000000002 0.0375
33 0.88203125 0.409375 0.035937500000000004 0.11041666666666666
46 0.853125 0.5072916666666667 0.0625 0.06875
17 0.8328125000000001 0.45729166666666665 0.043750000000000004 0.06458333333333333
50 0.8328125000000001 0.39166666666666666 0.043750000000000004 0.07083333333333333
30 0.90234375 0.38958333333333334 0.1078125 0.058333333333333334
43 0.8125 0.6364583333333333 0.06875 0.07708333333333334
29 0.7664062500000001 0.7666666666666666 0.1234375 0.10833333333333334
