0 0.73984375 0.7052083333333333 0.19843750000000002 0.18541666666666667
47 0.6453125000000001 0.59375 0.11875000000000001 0.075
32 0.69296875 0.5385416666666667 0.035937500000000004 0.07291666666666667
40 0.6742187500000001 0.4708333333333333 0.0484375 0.05416666666666667
29 0.59609375 0.5416666666666666 0.0703125 0.041666666666666664
18 0.5015625 0.5770833333333333 0.0625 0.075
48 0.5421875 0.6989583333333333 0.040625 0.035416666666666666
16 0.51875 0.503125 0.065625 0.05625
44 0.52734375 0.45416666666666666 0.045312500000000006 0.025
49 0.5437500000000001 0.3875 0.034375 0.1
33 0.5734375 0.3541666666666667 0.028125 0.1
25 0.6257812500000001 0.39791666666666664 0.026562500000000003 0.03333333333333333
24 0.50546875 0.39166666666666666 0.029687500000000002 0.03333333333333333
33 0.4546875 0.38125 0.025 0.10416666666666667
46 0.43281250000000004 0.4770833333333333 0.05 0.0625
17 0.40859375000000003 0.4354166666666667 0.0421875 0.0625
50 0.40078125000000003 0.37083333333333335 0.0390625 0.06666666666666667
30 0.45859375 0.3614583333333333 0.0921875 0.03958333333333333
43 0.41718750000000004 0.60625 0.065625 0.0625
29 0.38828125 0.7427083333333333 0.1203125 0.08958333333333333
