16 0.44062500000000004 0.646875 0.1375 0.03958333333333333
48 0.29609375 0.540625 0.0328125 0.027083333333333334
40 0.30234375 0.6020833333333333 0.0671875 0.075
50 0.22890625 0.6479166666666667 0.08281250000000001 0.12916666666666665
24 0.23359375000000002 0.50625 0.060937500000000006 0.041666666666666664
29 0.21328125 0.7864583333333334 0.1203125 0.06041666666666667
46 0.1921875 0.559375 0.065625 0.07708333333333334
17 0.14921875 0.640625 0.0703125 0.09375
25 0.1421875 0.5072916666666667 0.037500000000000006 0.04791666666666666
33 0.10234375000000001 0.43854166666666666 0.051562500000000004 0.11458333333333333
0 0.11875000000000001 0.384375 0.096875 0.07291666666666667
49 0.06796875000000001 0.58125 0.06406250000000001 0.15
