16 0.5945312500000001 0.64375 0.1390625 0.0375
48 0.45859375 0.528125 0.029687500000000002 0.022916666666666665
40 0.46015625000000004 0.5875 0.060937500000000006 0.07083333333333333
50 0.39140625 0.6229166666666667 0.0703125 0.125
24 0.39921875 0.49166666666666664 0.0578125 0.0375
29 0.36875 0.7510416666666666 0.115625 0.05625
46 0.359375 0.534375 0.0625 0.07291666666666667
17 0.31953125000000004 0.6052083333333333 0.06406250000000001 0.08958333333333333
25 0.31328125 0.4791666666666667 0.0328125 0.041666666666666664
33 0.2828125 0.4125 0.043750000000000004 0.10833333333333334
0 0.30234375 0.365625 0.0859375 0.06875
49 0.25 0.5427083333333333 0.05625 0.13958333333333334
47 0.2015625 0.41562499999999997 0.10625000000000001 0.04791666666666666
30 0.19375 0.5072916666666667 0.10625000000000001 0.09791666666666667
44 0.17109375000000002 0.821875 0.0859375 0.04375
48 0.1953125 0.7104166666666667 0.043750000000000004 0.025
43 0.16015625 0.45625 0.06406250000000001 0.0375
18 0.14375000000000002 0.5791666666666666 0.096875 0.04583333333333333
18 0.11406250000000001 0.48125 0.037500000000000006 0.03333333333333333
33 0.1421875 0.5822916666666667 0.07187500000000001 0.16458333333333333
