16 0.79609375 0.6739583333333333 0.1546875 0.03958333333333333
48 0.65625 0.534375 0.03125 0.027083333333333334
40 0.65625 0.5947916666666666 0.0625 0.07708333333333334
50 0.58828125 0.6208333333333333 0.0703125 0.125
24 0.6015625 0.4864583333333333 0.059375000000000004 0.035416666666666666
29 0.5578125 0.74375 0.109375 0.0625
46 0.56171875 0.5270833333333333 0.0578125 0.07083333333333333
17 0.5171875 0.5927083333333333 0.0625 0.08541666666666667
25 0.51953125 0.4708333333333333 0.0328125 0.041666666666666664
33 0.49375 0.4010416666666667 0.034375 0.10625
0 0.51171875 0.35833333333333334 0.0859375 0.07083333333333333
49 0.45156250000000003 0.521875 0.046875 0.13541666666666666
47 0.42109375000000004 0.39375 0.0890625 0.0375
30 0.41171875 0.48125 0.0921875 0.0875
44 0.36875 0.771875 0.08125 0.03958333333333333
48 0.3953125 0.675 0.037500000000000006 0.016666666666666666
43 0.38671875 0.42916666666666664 0.0578125 0.03333333333333333
18 0.3359375 0.4510416666666667 0.034375 0.03125
33 0.36250000000000004 0.5479166666666666 0.053125000000000006 0.15
