19 0.71484375 0.8541666666666666 0.3046875 0.2875
23 0.54140625 0.696875 0.1015625 0.08958333333333333
32 0.5234375 0.5875 0.034375 0.09166666666666666
28 0.37031250000000004 0.615625 0.06875 0.06875
36 0.390625 0.70625 0.05625 0.075
4 0.20234375000000002 0.7760416666666666 0.09531250000000001 0.07291666666666667
43 0.3984375 0.8885416666666667 0.10312500000000001 0.09791666666666667
20 0.18984375 0.5645833333333333 0.0859375 0.2625
42 0.16640625 0.9552083333333333 0.1078125 0.08541666666666667
43 0.0625 0.9270833333333334 0.109375 0.0625
45 0.04609375 0.7583333333333333 0.060937500000000006 0.07916666666666666
