19 0.67734375 0.8541666666666666 0.2859375 0.2875
23 0.50390625 0.696875 0.1015625 0.08958333333333333
32 0.4859375 0.5864583333333333 0.034375 0.09375
28 0.33046875000000003 0.6208333333333333 0.0703125 0.07083333333333333
36 0.35234375 0.7114583333333333 0.0578125 0.07708333333333334
4 0.16328125000000002 0.7885416666666667 0.09531250000000001 0.07291666666666667
43 0.36250000000000004 0.8947916666666667 0.10312500000000001 0.09791666666666667
20 0.14609375 0.575 0.0890625 0.26666666666666666
42 0.13125 0.9677083333333333 0.10312500000000001 0.06041666666666667
43 0.03671875 0.9458333333333333 0.0734375 0.058333333333333334
