23 0.9421875000000001 0.7791666666666667 0.1125 0.0875
32 0.9437500000000001 0.6541666666666667 0.040625 0.10833333333333334
28 0.76171875 0.6322916666666667 0.0734375 0.06875
36 0.7718750000000001 0.73125 0.0625 0.08333333333333333
4 0.59375 0.7375 0.07500000000000001 0.07083333333333333
43 0.7625000000000001 0.9052083333333333 0.10312500000000001 0.09375
20 0.60078125 0.5354166666666667 0.06406250000000001 0.24583333333333332
42 0.5320312500000001 0.8989583333333333 0.09531250000000001 0.09375
43 0.45234375000000004 0.8156249999999999 0.0859375 0.04375
45 0.45703125 0.6697916666666667 0.0484375 0.06875
17 0.38125000000000003 0.6239583333333333 0.0625 0.08541666666666667
27 0.31015625 0.8072916666666666 0.1078125 0.10208333333333333
23 0.22265625 0.6625 0.1046875 0.07916666666666666
22 0.1953125 0.5895833333333333 0.043750000000000004 0.05416666666666667
11 0.21796875000000002 0.5416666666666666 0.2484375 0.12916666666666665
31 0.14921875 0.7645833333333333 0.051562500000000004 0.06666666666666667
44 0.060937500000000006 0.603125 0.043750000000000004 0.10208333333333333
6 0.035937500000000004 0.7145833333333333 0.07187500000000001 0.05416666666666667
