28 0.8078125 0.640625 0.078125 0.07291666666666667
36 0.81640625 0.7427083333333333 0.060937500000000006 0.08541666666666667
4 0.6312500000000001 0.7385416666666667 0.078125 0.07708333333333334
43 0.8015625000000001 0.9177083333333333 0.10312500000000001 0.09375
20 0.6421875 0.5375 0.06875 0.24583333333333332
42 0.56640625 0.9010416666666666 0.09531250000000001 0.09375
43 0.48984375 0.8156249999999999 0.0859375 0.04375
45 0.49531250000000004 0.66875 0.046875 0.06666666666666667
17 0.41953125 0.6208333333333333 0.0578125 0.08333333333333333
27 0.34921875 0.7979166666666666 0.1015625 0.10416666666666667
23 0.265625 0.65625 0.1 0.07916666666666666
22 0.2421875 0.5802083333333333 0.043750000000000004 0.05625
11 0.26640625 0.5291666666666667 0.23593750000000002 0.1125
31 0.19296875000000002 0.7552083333333334 0.045312500000000006 0.06458333333333333
44 0.109375 0.590625 0.040625 0.10208333333333333
6 0.06953125 0.7020833333333333 0.09531250000000001 0.058333333333333334
