19 0.8921875 0.88125 0.215625 0.22083333333333333
23 0.775 0.7260416666666667 0.1125 0.08125
32 0.76484375 0.6104166666666666 0.035937500000000004 0.1
28 0.6023437500000001 0.6104166666666666 0.0703125 0.06666666666666667
36 0.6156250000000001 0.7041666666666666 0.05625 0.07916666666666666
4 0.4453125 0.7354166666666666 0.078125 0.075
43 0.6117187500000001 0.8781249999999999 0.09843750000000001 0.09375
20 0.43828125 0.53125 0.060937500000000006 0.24583333333333332
42 0.38984375000000004 0.9083333333333333 0.09531250000000001 0.09583333333333333
43 0.30390625000000004 0.8395833333333333 0.0921875 0.04583333333333333
45 0.30312500000000003 0.6875 0.046875 0.07083333333333333
17 0.21796875000000002 0.65 0.0671875 0.0875
27 0.14609375 0.8541666666666666 0.1265625 0.1
23 0.053125000000000006 0.715625 0.10312500000000001 0.08541666666666667
22 0.0203125 0.6354166666666666 0.037500000000000006 0.06666666666666667
11 0.08671875000000001 0.559375 0.1703125 0.11458333333333333
