28 0.8234375 0.6447916666666667 0.078125 0.07291666666666667
36 0.8304687500000001 0.7458333333333333 0.06406250000000001 0.08333333333333333
4 0.6453125000000001 0.740625 0.078125 0.07708333333333334
43 0.8148437500000001 0.921875 0.1046875 0.09375
20 0.6578125 0.540625 0.07187500000000001 0.24791666666666667
42 0.5796875 0.9020833333333333 0.096875 0.09583333333333333
43 0.50234375 0.8156249999999999 0.0859375 0.04375
45 0.51015625 0.6677083333333333 0.0484375 0.06458333333333333
17 0.43671875000000004 0.6197916666666666 0.0578125 0.08125
27 0.36250000000000004 0.7927083333333333 0.1 0.11041666666666666
23 0.28125 0.653125 0.1 0.08125
22 0.26015625000000003 0.5770833333333333 0.0421875 0.05416666666666667
11 0.2828125 0.528125 0.23750000000000002 0.11041666666666666
31 0.2078125 0.7489583333333333 0.046875 0.06458333333333333
44 0.12734375 0.5864583333333333 0.035937500000000004 0.10208333333333333
6 0.08828125 0.6947916666666667 0.0921875 0.052083333333333336
