19 0.83359375 0.8677083333333333 0.32656250000000003 0.26875
23 0.6546875000000001 0.7041666666666666 0.10312500000000001 0.0875
32 0.6414062500000001 0.59375 0.0328125 0.09583333333333333
28 0.48515625 0.6072916666666667 0.0671875 0.06875
36 0.5015625 0.6989583333333333 0.05625 0.07708333333333334
4 0.33125000000000004 0.7510416666666666 0.08125 0.07291666666666667
43 0.50390625 0.875 0.09843750000000001 0.09166666666666666
20 0.3171875 0.54375 0.06875 0.25
42 0.2828125 0.93125 0.1 0.1
43 0.18671875000000002 0.8770833333333333 0.1015625 0.058333333333333334
45 0.17890625000000002 0.7145833333333333 0.0546875 0.075
17 0.0859375 0.6864583333333333 0.07187500000000001 0.09375
