20 0.76484375 0.44479166666666664 0.1296875 0.21458333333333332
11 0.7125 0.5635416666666666 0.18125000000000002 0.13541666666666666
6 0.82734375 0.6302083333333334 0.1015625 0.04375
3 0.853125 0.7802083333333333 0.290625 0.22708333333333333
14 0.634375 0.428125 0.084375 0.11458333333333333
18 0.6804687500000001 0.44166666666666665 0.0328125 0.125
0 0.6179687500000001 0.3572916666666667 0.09843750000000001 0.06875
4 0.61328125 0.79375 0.0921875 0.07916666666666666
7 0.5671875000000001 0.6260416666666666 0.2625 0.20625
3 0.5578125 0.509375 0.16875 0.09791666666666667
4 0.55390625 0.421875 0.0390625 0.03125
26 0.4609375 0.84375 0.043750000000000004 0.041666666666666664
6 0.44140625 0.7239583333333334 0.0703125 0.08541666666666667
2 0.47734375 0.45729166666666665 0.0703125 0.035416666666666666
19 0.49296875 0.378125 0.11093750000000001 0.052083333333333336
3 0.43828125 0.428125 0.1484375 0.06875
23 0.42265625 0.4864583333333333 0.0859375 0.035416666666666666
