20 0.2515625 0.440625 0.134375 0.19791666666666666
11 0.2265625 0.5770833333333333 0.19375 0.11666666666666667
6 0.34765625 0.6041666666666666 0.0921875 0.07083333333333333
3 0.3828125 0.7375 0.26875 0.22083333333333333
14 0.1203125 0.4583333333333333 0.10625000000000001 0.12916666666666665
18 0.17734375000000002 0.46041666666666664 0.0421875 0.12916666666666665
0 0.0921875 0.39375 0.10625000000000001 0.0875
4 0.1609375 0.85 0.096875 0.075
7 0.11796875000000001 0.7083333333333334 0.22968750000000002 0.16666666666666666
3 0.0734375 0.5697916666666667 0.14375000000000002 0.11458333333333333
4 0.032031250000000004 0.47291666666666665 0.0421875 0.041666666666666664
5 0.014843750000000001 0.5239583333333333 0.026562500000000003 0.04375
