20 0.46484375 0.4270833333333333 0.11406250000000001 0.19166666666666665
11 0.4296875 0.553125 0.178125 0.11875
6 0.5421875 0.5947916666666666 0.09062500000000001 0.06875
3 0.57578125 0.734375 0.2609375 0.21041666666666667
14 0.3453125 0.425 0.09375 0.125
18 0.38828125 0.43645833333333334 0.0328125 0.12708333333333333
0 0.321875 0.365625 0.10312500000000001 0.07708333333333334
4 0.35625 0.7979166666666666 0.096875 0.07083333333333333
7 0.28515625 0.6479166666666667 0.29531250000000003 0.17916666666666667
3 0.26640625 0.5270833333333333 0.1859375 0.09583333333333333
4 0.25390625 0.4395833333333333 0.0421875 0.0375
5 0.2484375 0.48020833333333335 0.028125 0.04791666666666666
26 0.19843750000000002 0.8989583333333333 0.05 0.03958333333333333
6 0.16484375 0.7791666666666667 0.0859375 0.08333333333333333
2 0.17890625000000002 0.484375 0.0890625 0.05625
19 0.184375 0.3989583333333333 0.12187500000000001 0.06875
3 0.13671875 0.45729166666666665 0.1765625 0.08958333333333333
23 0.11640625 0.5291666666666667 0.09531250000000001 0.05
