20 0.30078125 0.43645833333333334 0.1265625 0.19375
11 0.26875 0.5697916666666667 0.1875 0.11875
6 0.3875 0.6010416666666667 0.09062500000000001 0.06875
3 0.421875 0.7333333333333333 0.26875 0.22083333333333333
14 0.178125 0.44687499999999997 0.115625 0.13125
18 0.2234375 0.4510416666666667 0.040625 0.12708333333333333
0 0.15078125 0.3854166666666667 0.1078125 0.0875
4 0.2 0.8395833333333333 0.096875 0.075
7 0.1390625 0.6916666666666667 0.278125 0.16666666666666666
3 0.09609375 0.5572916666666666 0.1921875 0.10625
4 0.07968750000000001 0.46249999999999997 0.043750000000000004 0.0375
5 0.06406250000000001 0.5135416666666667 0.028125 0.04791666666666666
26 0.03359375 0.9718749999999999 0.0546875 0.04375
