20 0.6312500000000001 0.4302083333333333 0.1125 0.19791666666666666
11 0.5890625 0.553125 0.17500000000000002 0.12291666666666666
6 0.7000000000000001 0.60625 0.096875 0.05
3 0.7312500000000001 0.7552083333333334 0.26875 0.21875
14 0.51015625 0.4395833333333333 0.0859375 0.08333333333333333
18 0.5546875 0.434375 0.03125 0.12291666666666666
0 0.49140625000000004 0.3572916666666667 0.09531250000000001 0.07291666666666667
4 0.50234375 0.7854166666666667 0.0890625 0.06666666666666667
7 0.44609375 0.6260416666666666 0.2703125 0.18958333333333333
3 0.43281250000000004 0.5114583333333333 0.17500000000000002 0.09791666666666667
4 0.42890625000000004 0.421875 0.0390625 0.03125
26 0.35234375 0.8541666666666666 0.045312500000000006 0.0375
6 0.32656250000000003 0.7375 0.07500000000000001 0.08333333333333333
2 0.35390625000000003 0.46249999999999997 0.0765625 0.041666666666666664
19 0.36875 0.3802083333333333 0.109375 0.05625
3 0.3140625 0.43645833333333334 0.153125 0.07291666666666667
23 0.296875 0.496875 0.09062500000000001 0.03958333333333333
