20 0.8210937500000001 0.4510416666666667 0.1390625 0.21875
11 0.76171875 0.5697916666666667 0.1859375 0.13541666666666666
6 0.88046875 0.64375 0.1078125 0.04583333333333333
3 0.8773437500000001 0.7958333333333333 0.2421875 0.225
14 0.68515625 0.43124999999999997 0.0859375 0.11666666666666667
18 0.73359375 0.4479166666666667 0.0328125 0.125
0 0.66953125 0.36041666666666666 0.1015625 0.06666666666666667
4 0.65625 0.8 0.09062500000000001 0.07916666666666666
7 0.6117187500000001 0.628125 0.2609375 0.20625
3 0.6046875 0.5114583333333333 0.16875 0.09791666666666667
4 0.60078125 0.421875 0.0390625 0.03125
26 0.5007812500000001 0.84375 0.0421875 0.041666666666666664
6 0.484375 0.7239583333333334 0.06875 0.08541666666666667
2 0.5242187500000001 0.45729166666666665 0.0703125 0.035416666666666666
19 0.54296875 0.378125 0.11406250000000001 0.05625
3 0.48750000000000004 0.428125 0.146875 0.06875
23 0.46796875000000004 0.4864583333333333 0.0859375 0.035416666666666666
