20 0.42500000000000004 0.4270833333333333 0.115625 0.19166666666666665
11 0.38984375000000004 0.5552083333333333 0.1796875 0.11875
6 0.503125 0.5947916666666666 0.09062500000000001 0.06875
3 0.5359375000000001 0.7302083333333333 0.2625 0.21041666666666667
14 0.30625 0.4270833333333333 0.09375 0.125
18 0.3484375 0.4375 0.034375 0.12916666666666665
0 0.2828125 0.3677083333333333 0.10312500000000001 0.07708333333333334
4 0.31875000000000003 0.80625 0.096875 0.07083333333333333
7 0.24453125 0.6552083333333333 0.29531250000000003 0.18125
3 0.2265625 0.5333333333333333 0.1875 0.09583333333333333
4 0.21484375 0.44375 0.0421875 0.0375
5 0.203125 0.4864583333333333 0.028125 0.04791666666666666
26 0.15937500000000002 0.915625 0.05 0.03958333333333333
6 0.12578125 0.79375 0.0859375 0.08333333333333333
2 0.13671875 0.490625 0.0890625 0.05625
19 0.14609375 0.403125 0.1234375 0.06875
3 0.08984375 0.46875 0.1765625 0.09166666666666666
23 0.078125 0.5354166666666667 0.096875 0.05
