20 0.5921875 0.42916666666666664 0.1125 0.2
11 0.5484375 0.55 0.17500000000000002 0.125
6 0.6585937500000001 0.6010416666666667 0.0921875 0.052083333333333336
3 0.6921875000000001 0.746875 0.26875 0.21875
14 0.46640625 0.42083333333333334 0.08281250000000001 0.12083333333333333
18 0.5140625 0.434375 0.03125 0.12291666666666666
0 0.45 0.35833333333333334 0.096875 0.07083333333333333
4 0.46640625 0.7875 0.0890625 0.06666666666666667
7 0.40625 0.628125 0.27187500000000003 0.18958333333333333
3 0.39375000000000004 0.5125 0.17500000000000002 0.1
4 0.38984375000000004 0.4239583333333333 0.0390625 0.03125
5 0.37265625 0.4666666666666667 0.026562500000000003 0.04583333333333333
26 0.31484375000000003 0.8635416666666667 0.045312500000000006 0.03958333333333333
6 0.28750000000000003 0.7458333333333333 0.07500000000000001 0.08333333333333333
2 0.3125 0.465625 0.078125 0.04375
19 0.325 0.38229166666666664 0.1125 0.06041666666666667
3 0.27187500000000003 0.43854166666666666 0.15937500000000002 0.07708333333333334
23 0.25703125 0.5020833333333333 0.0921875 0.041666666666666664
