20 0.7203125 0.43854166666666666 0.12187500000000001 0.21041666666666667
11 0.6703125000000001 0.5572916666666666 0.178125 0.13125
6 0.7835937500000001 0.621875 0.1015625 0.04791666666666666
3 0.815625 0.7697916666666667 0.290625 0.22708333333333333
14 0.5890625 0.44166666666666665 0.084375 0.08333333333333333
18 0.6390625000000001 0.4375 0.03125 0.125
0 0.5765625 0.3572916666666667 0.096875 0.07291666666666667
4 0.5765625 0.790625 0.09062500000000001 0.07291666666666667
7 0.52734375 0.6239583333333333 0.26406250000000003 0.20625
3 0.51875 0.509375 0.16875 0.09791666666666667
4 0.51484375 0.421875 0.0390625 0.03125
26 0.42578125 0.8416666666666667 0.045312500000000006 0.0375
6 0.403125 0.728125 0.07187500000000001 0.08125
2 0.43828125 0.4552083333333333 0.0703125 0.035416666666666666
19 0.45234375000000004 0.378125 0.11093750000000001 0.052083333333333336
3 0.3984375 0.42916666666666664 0.153125 0.07083333333333333
23 0.38359375 0.48854166666666665 0.0859375 0.035416666666666666
