20 0.8125 0.4479166666666667 0.134375 0.21666666666666667
11 0.75390625 0.5677083333333334 0.1859375 0.13541666666666666
6 0.8734375000000001 0.6416666666666666 0.10625000000000001 0.041666666666666664
3 0.8734375000000001 0.79375 0.25 0.23333333333333334
14 0.6734375 0.42916666666666664 0.084375 0.1125
18 0.71875 0.44687499999999997 0.03125 0.12291666666666666
0 0.66015625 0.359375 0.1015625 0.06875
4 0.6515625 0.7979166666666666 0.09062500000000001 0.07916666666666666
7 0.60546875 0.628125 0.2609375 0.20625
3 0.596875 0.5114583333333333 0.16875 0.09791666666666667
4 0.59296875 0.421875 0.0390625 0.03125
26 0.49765625 0.84375 0.0421875 0.041666666666666664
6 0.47968750000000004 0.7239583333333334 0.06875 0.08541666666666667
2 0.5164062500000001 0.45729166666666665 0.0703125 0.035416666666666666
19 0.53359375 0.37604166666666666 0.11406250000000001 0.05625
3 0.47890625000000003 0.428125 0.1484375 0.06875
23 0.46171875 0.4864583333333333 0.0859375 0.035416666666666666
