20 0.50390625 0.4270833333333333 0.11406250000000001 0.19166666666666665
11 0.46875 0.553125 0.178125 0.11875
6 0.58125 0.5947916666666666 0.09062500000000001 0.06875
3 0.6117187500000001 0.7333333333333333 0.26406250000000003 0.21666666666666667
14 0.384375 0.42291666666666666 0.09375 0.125
18 0.42734375 0.434375 0.0328125 0.12708333333333333
0 0.36640625000000004 0.36041666666666666 0.09843750000000001 0.075
4 0.39375000000000004 0.7916666666666666 0.096875 0.07083333333333333
7 0.328125 0.6385416666666667 0.284375 0.18541666666666667
3 0.30546875 0.5229166666666667 0.1859375 0.09583333333333333
4 0.30859375 0.428125 0.0390625 0.035416666666666666
5 0.2890625 0.47604166666666664 0.028125 0.04791666666666666
26 0.23750000000000002 0.8864583333333333 0.05 0.03958333333333333
6 0.209375 0.7677083333333333 0.08125 0.08125
2 0.22421875000000002 0.4791666666666667 0.08281250000000001 0.05
19 0.23828125 0.38958333333333334 0.1171875 0.0625
3 0.18046875 0.453125 0.16718750000000002 0.08125
23 0.16953125000000002 0.515625 0.09531250000000001 0.04791666666666666
