20 0.5484375 0.4270833333333333 0.109375 0.19583333333333333
11 0.5078125 0.553125 0.178125 0.11875
6 0.61875 0.596875 0.09375 0.05625
3 0.6515625 0.7364583333333333 0.265625 0.21875
14 0.42734375 0.42083333333333334 0.08281250000000001 0.12083333333333333
18 0.47265625 0.434375 0.029687500000000002 0.12708333333333333
0 0.40859375000000003 0.359375 0.09531250000000001 0.07291666666666667
4 0.4296875 0.7927083333333333 0.09062500000000001 0.06875
7 0.36796875 0.6333333333333333 0.2765625 0.1875
3 0.34453125 0.51875 0.1859375 0.09583333333333333
4 0.35000000000000003 0.425 0.040625 0.03333333333333333
5 0.33125000000000004 0.46979166666666666 0.028125 0.04791666666666666
26 0.275 0.8739583333333333 0.05 0.03958333333333333
6 0.24921875000000002 0.75625 0.0765625 0.08333333333333333
2 0.26796875000000003 0.47291666666666665 0.07968750000000001 0.04583333333333333
19 0.28203125 0.3854166666666667 0.11406250000000001 0.058333333333333334
3 0.22578125000000002 0.44479166666666664 0.1640625 0.07708333333333334
23 0.21328125 0.5072916666666667 0.0921875 0.04375
