36 0.46953125 0.6229166666666667 0.0734375 0.1
34 0.24296875 0.31666666666666665 0.1015625 0.18333333333333332
34 0.42031250000000003 0.4458333333333333 0.08750000000000001 0.30833333333333335
0 0.31328125 0.48854166666666665 0.1328125 0.11458333333333333
19 0.32421875 0.615625 0.1546875 0.16041666666666665
37 0.37734375000000003 0.7302083333333333 0.060937500000000006 0.08125
12 0.23984375000000002 0.4322916666666667 0.0578125 0.12291666666666666
47 0.178125 0.40208333333333335 0.046875 0.05
28 0.178125 0.7791666666666667 0.096875 0.075
50 0.1546875 0.46979166666666666 0.06875 0.05625
2 0.1625 0.5239583333333333 0.08750000000000001 0.022916666666666665
13 0.153125 0.696875 0.1375 0.04375
41 0.11875000000000001 0.5833333333333334 0.15625 0.09583333333333333
42 0.1046875 0.409375 0.037500000000000006 0.03958333333333333
48 0.06875 0.5447916666666667 0.028125 0.03125
30 0.05234375 0.43645833333333334 0.0734375 0.13958333333333334
