36 0.6648437500000001 0.63125 0.0765625 0.1
34 0.46796875000000004 0.30625 0.0734375 0.175
34 0.6296875000000001 0.44895833333333335 0.084375 0.30625
0 0.51484375 0.47812499999999997 0.1296875 0.10625
19 0.521875 0.6020833333333333 0.146875 0.14583333333333334
37 0.5640625 0.725 0.059375000000000004 0.08333333333333333
12 0.45234375000000004 0.41562499999999997 0.045312500000000006 0.11875
47 0.3984375 0.38125 0.043750000000000004 0.041666666666666664
28 0.38593750000000004 0.7354166666666666 0.078125 0.058333333333333334
50 0.37265625 0.44375 0.06406250000000001 0.05
2 0.37734375000000003 0.49895833333333334 0.07968750000000001 0.022916666666666665
13 0.359375 0.6552083333333333 0.11875000000000001 0.04375
41 0.33671875 0.54375 0.1328125 0.07916666666666666
42 0.33203125 0.3833333333333333 0.0328125 0.0375
48 0.29375 0.503125 0.021875000000000002 0.027083333333333334
30 0.2859375 0.403125 0.059375000000000004 0.12708333333333333
