36 0.7890625 0.653125 0.08125 0.10208333333333333
34 0.59765625 0.309375 0.0734375 0.17708333333333334
34 0.759375 0.46041666666666664 0.10312500000000001 0.31666666666666665
0 0.63671875 0.4822916666666667 0.13593750000000002 0.10208333333333333
19 0.6390625000000001 0.60625 0.146875 0.14166666666666666
37 0.6781250000000001 0.7385416666666667 0.059375000000000004 0.08541666666666667
12 0.57578125 0.41562499999999997 0.045312500000000006 0.11875
47 0.5203125000000001 0.38229166666666664 0.043750000000000004 0.04375
28 0.49921875000000004 0.7270833333333333 0.0765625 0.0625
50 0.49531250000000004 0.4395833333333333 0.065625 0.04583333333333333
2 0.49843750000000003 0.4947916666666667 0.07500000000000001 0.022916666666666665
13 0.47734375 0.6447916666666667 0.11093750000000001 0.052083333333333336
41 0.4578125 0.5354166666666667 0.12812500000000002 0.075
42 0.45546875000000003 0.37604166666666666 0.0328125 0.035416666666666666
48 0.41796875 0.4947916666666667 0.0234375 0.027083333333333334
30 0.41250000000000003 0.3989583333333333 0.053125000000000006 0.12291666666666666
