36 0.58515625 0.625 0.0734375 0.1
34 0.3796875 0.309375 0.078125 0.18125
34 0.54296875 0.44375 0.08281250000000001 0.30416666666666664
0 0.43593750000000003 0.48020833333333335 0.12812500000000002 0.10625
19 0.44375000000000003 0.6020833333333333 0.146875 0.15
37 0.48984375 0.7229166666666667 0.060937500000000006 0.08333333333333333
12 0.36875 0.4197916666666667 0.053125000000000006 0.11875
47 0.3125 0.3885416666666667 0.046875 0.04791666666666666
28 0.31093750000000003 0.7479166666666667 0.08125 0.0625
50 0.2890625 0.45 0.065625 0.05416666666666667
2 0.29531250000000003 0.5072916666666667 0.08125 0.022916666666666665
13 0.28203125 0.6666666666666666 0.1203125 0.04583333333333333
41 0.253125 0.55625 0.1375 0.08333333333333333
42 0.24531250000000002 0.38958333333333334 0.034375 0.0375
48 0.2078125 0.5166666666666666 0.025 0.025
30 0.19765625 0.41354166666666664 0.06406250000000001 0.13125
