36 0.3921875 0.628125 0.07500000000000001 0.10625
34 0.15625 0.3229166666666667 0.10625000000000001 0.18333333333333332
34 0.3375 0.44895833333333335 0.1 0.31875
0 0.22734375 0.5 0.1421875 0.11666666666666667
19 0.23750000000000002 0.628125 0.16875 0.16875
37 0.3015625 0.74375 0.0625 0.0875
12 0.15000000000000002 0.43854166666666666 0.065625 0.13125
47 0.08359375000000001 0.4145833333333333 0.0484375 0.05416666666666667
28 0.1 0.8083333333333333 0.096875 0.075
50 0.059375000000000004 0.48541666666666666 0.07187500000000001 0.0625
2 0.0703125 0.5416666666666666 0.09375 0.025
13 0.06796875000000001 0.725 0.1328125 0.04583333333333333
41 0.05390625 0.6104166666666666 0.1078125 0.10416666666666667
