36 0.5085937500000001 0.6208333333333333 0.0734375 0.1
34 0.29375 0.3145833333333333 0.08750000000000001 0.17916666666666667
34 0.4609375 0.44479166666666664 0.08750000000000001 0.30625
0 0.353125 0.48541666666666666 0.13125 0.1125
19 0.36484375 0.6114583333333333 0.15156250000000002 0.15625
37 0.41640625000000003 0.728125 0.060937500000000006 0.08125
12 0.284375 0.428125 0.059375000000000004 0.11875
47 0.22578125000000002 0.396875 0.045312500000000006 0.04791666666666666
28 0.23125 0.7697916666666667 0.09062500000000001 0.06875
50 0.2015625 0.46249999999999997 0.065625 0.05416666666666667
2 0.209375 0.5166666666666666 0.084375 0.025
13 0.2 0.684375 0.12812500000000002 0.04375
41 0.16562500000000002 0.571875 0.146875 0.08958333333333333
42 0.153125 0.40208333333333335 0.034375 0.0375
48 0.11796875000000001 0.534375 0.026562500000000003 0.03125
30 0.10312500000000001 0.428125 0.07187500000000001 0.13541666666666666
