4 0.46718750000000003 0.6572916666666666 0.07187500000000001 0.05625
3 0.55390625 0.7895833333333333 0.2515625 0.25
6 0.7156250000000001 0.7104166666666667 0.06875 0.1
25 0.9140625 0.778125 0.0625 0.06458333333333333
26 0.884375 0.6854166666666667 0.03125 0.029166666666666667
8 0.77890625 0.6385416666666667 0.06406250000000001 0.08958333333333333
11 0.87109375 0.5604166666666667 0.22031250000000002 0.13333333333333333
5 0.846875 0.46979166666666666 0.07500000000000001 0.04375
24 0.8539062500000001 0.434375 0.026562500000000003 0.03125
22 0.7671875 0.45 0.037500000000000006 0.07083333333333333
9 0.57578125 0.5145833333333333 0.1015625 0.23333333333333334
7 0.7421875 0.528125 0.1625 0.19375
12 0.62109375 0.475 0.0890625 0.15833333333333333
10 0.671875 0.3572916666666667 0.028125 0.07708333333333334
23 0.70625 0.434375 0.078125 0.035416666666666666
3 0.8140625 0.3958333333333333 0.153125 0.05416666666666667
1 0.69921875 0.334375 0.029687500000000002 0.08125
6 0.6078125000000001 0.35625 0.046875 0.03333333333333333
