4 0.58125 0.6572916666666666 0.07187500000000001 0.05625
3 0.6687500000000001 0.8104166666666667 0.259375 0.26666666666666666
6 0.8375 0.7364583333333333 0.07187500000000001 0.11458333333333333
8 0.91171875 0.6708333333333333 0.0703125 0.09583333333333333
11 0.9265625000000001 0.5614583333333333 0.146875 0.12708333333333333
22 0.90390625 0.47291666666666665 0.035937500000000004 0.07083333333333333
9 0.6984375 0.521875 0.109375 0.24375
7 0.8773437500000001 0.55625 0.18281250000000002 0.22083333333333333
12 0.75703125 0.49166666666666664 0.08281250000000001 0.175
10 0.8054687500000001 0.36875 0.0328125 0.07916666666666666
23 0.84921875 0.4479166666666667 0.0921875 0.0375
3 0.9007812500000001 0.3854166666666667 0.1640625 0.05416666666666667
1 0.8382812500000001 0.3458333333333333 0.035937500000000004 0.0875
6 0.7367187500000001 0.3614583333333333 0.0484375 0.035416666666666666
