4 0.42890625000000004 0.6572916666666666 0.0765625 0.06458333333333333
3 0.51171875 0.7854166666666667 0.2390625 0.2375
6 0.6765625000000001 0.7020833333333333 0.065625 0.09583333333333333
25 0.86875 0.7625 0.059375000000000004 0.0625
26 0.8359375 0.6739583333333333 0.03125 0.027083333333333334
8 0.7351562500000001 0.628125 0.060937500000000006 0.08541666666666667
11 0.82421875 0.5510416666666667 0.2171875 0.12708333333333333
5 0.796875 0.46249999999999997 0.065625 0.03333333333333333
24 0.80859375 0.428125 0.026562500000000003 0.03125
22 0.7171875000000001 0.4458333333333333 0.034375 0.0625
9 0.5375 0.5135416666666667 0.1 0.23124999999999998
7 0.70234375 0.5229166666666667 0.1609375 0.19166666666666665
12 0.58203125 0.47291666666666665 0.0890625 0.15833333333333333
10 0.6234375000000001 0.353125 0.025 0.07291666666666667
23 0.6671875 0.4302083333333333 0.078125 0.035416666666666666
3 0.7609375 0.3885416666666667 0.146875 0.052083333333333336
1 0.65546875 0.33125 0.026562500000000003 0.08333333333333333
6 0.5625 0.353125 0.046875 0.027083333333333334
