34 0.79609375 0.8708333333333333 0.40468750000000003 0.2583333333333333
40 0.6804687500000001 0.6697916666666667 0.0671875 0.13958333333333334
36 0.6531250000000001 0.6 0.07187500000000001 0.1
8 0.47500000000000003 0.6416666666666666 0.05625 0.0875
9 0.49765625 0.5604166666666667 0.1328125 0.15416666666666667
0 0.45937500000000003 0.8916666666666666 0.265625 0.2125
15 0.33125000000000004 0.5791666666666666 0.125 0.12083333333333333
34 0.28125 0.7791666666666667 0.340625 0.29583333333333334
49 0.16953125000000002 0.509375 0.09843750000000001 0.29375
48 0.12421875 0.934375 0.0390625 0.07291666666666667
13 0.0765625 0.7302083333333333 0.109375 0.11041666666666666
1 0.06484375 0.5364583333333334 0.0578125 0.11875
14 0.04609375 0.5833333333333334 0.0921875 0.20416666666666666
