40 0.89453125 0.7166666666666667 0.0859375 0.15
36 0.8671875 0.6375 0.084375 0.10833333333333334
8 0.66796875 0.6510416666666666 0.0546875 0.08541666666666667
9 0.70078125 0.5739583333333333 0.13593750000000002 0.16041666666666665
0 0.6429687500000001 0.890625 0.2578125 0.21458333333333332
15 0.5296875 0.5708333333333333 0.115625 0.11666666666666667
34 0.4765625 0.753125 0.321875 0.28125
49 0.38515625000000003 0.48020833333333335 0.0734375 0.27708333333333335
48 0.31953125000000004 0.8708333333333333 0.0390625 0.06666666666666667
13 0.2890625 0.6770833333333334 0.10312500000000001 0.09583333333333333
1 0.2890625 0.4979166666666667 0.046875 0.10833333333333334
14 0.25859375 0.53125 0.1015625 0.17916666666666667
10 0.22265625 0.7479166666666667 0.08281250000000001 0.14583333333333334
25 0.1859375 0.634375 0.046875 0.06458333333333333
2 0.18359375 0.5291666666666667 0.0703125 0.03333333333333333
41 0.08203125 0.7416666666666667 0.1609375 0.13333333333333333
19 0.06015625 0.6197916666666666 0.1203125 0.14791666666666667
