34 0.8695312500000001 0.8947916666666667 0.2609375 0.21041666666666667
40 0.8484375000000001 0.7052083333333333 0.084375 0.14791666666666667
36 0.8203125 0.628125 0.08125 0.10208333333333333
8 0.6273437500000001 0.646875 0.0546875 0.08541666666666667
9 0.6570312500000001 0.5666666666666667 0.1328125 0.15416666666666667
0 0.6039062500000001 0.8885416666666667 0.2515625 0.21458333333333332
15 0.49062500000000003 0.5708333333333333 0.115625 0.11666666666666667
34 0.43515625 0.7583333333333333 0.32656250000000003 0.2833333333333333
49 0.34140625 0.48541666666666666 0.07968750000000001 0.2791666666666667
48 0.28203125 0.8791666666666667 0.0390625 0.06666666666666667
13 0.25078125 0.6822916666666666 0.1046875 0.09791666666666667
1 0.2484375 0.5020833333333333 0.046875 0.10833333333333334
14 0.215625 0.5395833333333333 0.1 0.17916666666666667
10 0.18281250000000002 0.7604166666666666 0.084375 0.14583333333333334
25 0.14609375 0.64375 0.0484375 0.06666666666666667
2 0.13984375000000002 0.5395833333333333 0.0703125 0.03333333333333333
41 0.059375000000000004 0.7583333333333333 0.115625 0.1375
