34 0.7562500000000001 0.8604166666666666 0.39375000000000004 0.275
40 0.6421875 0.6645833333333333 0.06875 0.14166666666666666
36 0.6140625000000001 0.5979166666666667 0.07187500000000001 0.1
8 0.43593750000000003 0.64375 0.05625 0.0875
9 0.45859375 0.5625 0.1328125 0.15416666666666667
0 0.42578125 0.8916666666666666 0.26406250000000003 0.20416666666666666
15 0.28750000000000003 0.5864583333333333 0.125 0.12291666666666666
34 0.23593750000000002 0.790625 0.353125 0.3020833333333333
49 0.125 0.5166666666666666 0.10625000000000001 0.30833333333333335
48 0.08203125 0.953125 0.0390625 0.07291666666666667
