34 0.85078125 0.8854166666666666 0.2984375 0.225
40 0.80625 0.6947916666666667 0.078125 0.14375
36 0.7796875000000001 0.6197916666666666 0.078125 0.10208333333333333
8 0.5890625 0.6447916666666667 0.053125000000000006 0.08541666666666667
9 0.6179687500000001 0.5645833333333333 0.1328125 0.15416666666666667
0 0.56796875 0.8885416666666667 0.2515625 0.21458333333333332
15 0.45156250000000003 0.5729166666666666 0.115625 0.11666666666666667
34 0.3984375 0.7583333333333333 0.328125 0.2833333333333333
49 0.30078125 0.4895833333333333 0.08281250000000001 0.2791666666666667
48 0.24453125 0.8916666666666666 0.0390625 0.07083333333333333
13 0.20859375000000002 0.6927083333333334 0.1015625 0.09791666666666667
1 0.20468750000000002 0.509375 0.05 0.11041666666666666
14 0.1703125 0.5489583333333333 0.10312500000000001 0.18541666666666667
10 0.13984375000000002 0.771875 0.0859375 0.14375
25 0.10234375000000001 0.6572916666666666 0.0484375 0.06458333333333333
2 0.09296875 0.5479166666666666 0.0734375 0.03333333333333333
