6 0.5554687500000001 0.6302083333333334 0.029687500000000002 0.08958333333333333
10 0.43359375 0.603125 0.0484375 0.12708333333333333
3 0.47265625 0.56875 0.2078125 0.12083333333333333
1 0.42500000000000004 0.690625 0.059375000000000004 0.17708333333333334
0 0.4109375 0.465625 0.134375 0.10208333333333333
23 0.296875 0.5760416666666667 0.065625 0.08958333333333333
4 0.29531250000000003 0.8364583333333333 0.10312500000000001 0.10208333333333333
12 0.2890625 0.40208333333333335 0.059375000000000004 0.14583333333333334
22 0.23203125000000002 0.5114583333333333 0.0484375 0.06458333333333333
9 0.2921875 0.3458333333333333 0.07500000000000001 0.15
2 0.2078125 0.621875 0.096875 0.06458333333333333
7 0.203125 0.4552083333333333 0.22812500000000002 0.08541666666666667
3 0.17578125 0.7666666666666666 0.2703125 0.22916666666666666
24 0.11406250000000001 0.6333333333333333 0.043750000000000004 0.05
5 0.125 0.5802083333333333 0.096875 0.05625
8 0.15078125 0.41354166666666664 0.0390625 0.04791666666666666
6 0.2 0.41041666666666665 0.07187500000000001 0.025
25 0.08125 0.41354166666666664 0.034375 0.03125
11 0.125 0.5197916666666667 0.19687500000000002 0.06041666666666667
3 0.22187500000000002 0.3770833333333333 0.09062500000000001 0.041666666666666664
