6 0.7132812500000001 0.646875 0.029687500000000002 0.08958333333333333
10 0.58828125 0.603125 0.045312500000000006 0.12708333333333333
3 0.63046875 0.5739583333333333 0.20468750000000002 0.11041666666666666
1 0.5765625 0.6927083333333334 0.05625 0.17291666666666666
0 0.571875 0.4635416666666667 0.12812500000000002 0.09791666666666667
23 0.4625 0.5635416666666666 0.05625 0.08125
4 0.44296875 0.8125 0.09531250000000001 0.0875
12 0.45625000000000004 0.4010416666666667 0.053125000000000006 0.15208333333333332
22 0.415625 0.4927083333333333 0.040625 0.06458333333333333
9 0.45703125 0.34375 0.0703125 0.14583333333333334
2 0.37031250000000004 0.5927083333333333 0.08125 0.06458333333333333
7 0.37343750000000003 0.43333333333333335 0.22187500000000002 0.0875
3 0.33906250000000004 0.728125 0.246875 0.20625
24 0.284375 0.6 0.037500000000000006 0.04583333333333333
5 0.2984375 0.5520833333333334 0.08750000000000001 0.04583333333333333
8 0.325 0.39479166666666665 0.037500000000000006 0.04791666666666666
6 0.37031250000000004 0.3958333333333333 0.0625 0.020833333333333332
25 0.2625 0.3927083333333333 0.03125 0.027083333333333334
11 0.30000000000000004 0.49374999999999997 0.178125 0.06666666666666667
3 0.38828125 0.3645833333333333 0.07968750000000001 0.041666666666666664
