6 0.51796875 0.6302083333333334 0.029687500000000002 0.08958333333333333
10 0.39375000000000004 0.6072916666666667 0.05 0.12708333333333333
3 0.43281250000000004 0.5708333333333333 0.209375 0.12083333333333333
1 0.38671875 0.6947916666666667 0.060937500000000006 0.17708333333333334
0 0.371875 0.46770833333333334 0.134375 0.10208333333333333
23 0.2578125 0.5822916666666667 0.065625 0.08958333333333333
4 0.25546875 0.8458333333333333 0.1046875 0.10416666666666667
12 0.25078125 0.4083333333333333 0.060937500000000006 0.14583333333333334
22 0.19296875000000002 0.5197916666666667 0.0484375 0.06458333333333333
9 0.24609375 0.3541666666666667 0.0765625 0.15
2 0.16171875000000002 0.6302083333333334 0.09531250000000001 0.06458333333333333
7 0.15703125 0.4614583333333333 0.2328125 0.08958333333333333
3 0.1375 0.778125 0.27187500000000003 0.23124999999999998
24 0.0671875 0.6489583333333333 0.043750000000000004 0.04791666666666666
5 0.07734375 0.5947916666666666 0.09531250000000001 0.05625
8 0.10234375000000001 0.42083333333333334 0.0390625 0.05
6 0.15234375 0.4166666666666667 0.0703125 0.025
25 0.03125 0.42291666666666666 0.034375 0.029166666666666667
