6 0.75546875 0.6510416666666666 0.029687500000000002 0.08958333333333333
10 0.6273437500000001 0.6052083333333333 0.045312500000000006 0.12708333333333333
3 0.6726562500000001 0.5739583333333333 0.2109375 0.09791666666666667
1 0.6140625000000001 0.6947916666666667 0.05625 0.17291666666666666
0 0.61484375 0.465625 0.1328125 0.09791666666666667
23 0.50234375 0.559375 0.0546875 0.07291666666666667
4 0.478125 0.8104166666666667 0.09062500000000001 0.08333333333333333
12 0.503125 0.396875 0.05 0.14375
22 0.45625000000000004 0.490625 0.037500000000000006 0.06458333333333333
9 0.50546875 0.3416666666666667 0.0671875 0.14583333333333334
2 0.40937500000000004 0.5875 0.08125 0.06666666666666667
7 0.41875 0.43854166666666666 0.209375 0.08125
3 0.37890625 0.71875 0.2328125 0.2
24 0.328125 0.590625 0.034375 0.04375
5 0.34140625 0.5427083333333333 0.08281250000000001 0.03958333333333333
8 0.37109375 0.39166666666666666 0.0328125 0.04583333333333333
6 0.41484375 0.39479166666666665 0.060937500000000006 0.01875
25 0.31171875000000004 0.3854166666666667 0.026562500000000003 0.025
11 0.34609375000000003 0.4864583333333333 0.1703125 0.06875
3 0.43671875000000004 0.3614583333333333 0.08281250000000001 0.03958333333333333
