6 0.59296875 0.634375 0.029687500000000002 0.08958333333333333
10 0.47265625 0.6010416666666667 0.0484375 0.12708333333333333
3 0.51171875 0.56875 0.2078125 0.12083333333333333
1 0.4625 0.6885416666666666 0.059375000000000004 0.17708333333333334
0 0.45 0.465625 0.134375 0.10208333333333333
23 0.34921875 0.571875 0.0671875 0.08958333333333333
4 0.33437500000000003 0.828125 0.10312500000000001 0.10208333333333333
12 0.328125 0.39791666666666664 0.059375000000000004 0.14583333333333334
22 0.29296875 0.5041666666666667 0.0484375 0.06666666666666667
9 0.33125000000000004 0.34479166666666666 0.07500000000000001 0.14791666666666667
2 0.2515625 0.6104166666666666 0.096875 0.0625
7 0.2484375 0.44479166666666664 0.22812500000000002 0.08541666666666667
3 0.22031250000000002 0.75625 0.27187500000000003 0.22916666666666666
24 0.15781250000000002 0.625 0.043750000000000004 0.05
5 0.1703125 0.571875 0.096875 0.05625
8 0.19453125000000002 0.409375 0.0390625 0.04791666666666666
6 0.23828125 0.40520833333333334 0.0703125 0.022916666666666665
25 0.13125 0.40625 0.034375 0.029166666666666667
11 0.16718750000000002 0.5135416666666667 0.19687500000000002 0.06041666666666667
3 0.2625 0.371875 0.09062500000000001 0.03958333333333333
