6 0.6742187500000001 0.640625 0.029687500000000002 0.08958333333333333
10 0.54921875 0.6010416666666667 0.045312500000000006 0.12708333333333333
3 0.59140625 0.56875 0.20468750000000002 0.1125
1 0.5390625 0.690625 0.05625 0.17291666666666666
0 0.5328125 0.4614583333333333 0.12812500000000002 0.09791666666666667
23 0.4234375 0.5635416666666666 0.05625 0.08125
4 0.40546875000000004 0.8166666666666667 0.09531250000000001 0.0875
12 0.41718750000000004 0.4010416666666667 0.053125000000000006 0.15208333333333332
22 0.37578125 0.4947916666666667 0.0421875 0.06458333333333333
9 0.41796875 0.34375 0.0703125 0.14583333333333334
2 0.33046875000000003 0.5958333333333333 0.08281250000000001 0.06666666666666667
7 0.33437500000000003 0.4354166666666667 0.22187500000000002 0.0875
3 0.30000000000000004 0.73125 0.246875 0.20833333333333334
24 0.24531250000000002 0.6041666666666666 0.037500000000000006 0.04583333333333333
5 0.259375 0.5541666666666667 0.08750000000000001 0.04583333333333333
8 0.28515625 0.396875 0.0390625 0.04791666666666666
6 0.33125000000000004 0.39791666666666664 0.0625 0.020833333333333332
25 0.2234375 0.3958333333333333 0.03125 0.029166666666666667
11 0.2609375 0.4979166666666667 0.178125 0.06666666666666667
3 0.34921875 0.3645833333333333 0.07968750000000001 0.041666666666666664
