6 0.7984375 0.6614583333333334 0.03125 0.08958333333333333
10 0.6664062500000001 0.609375 0.045312500000000006 0.12708333333333333
3 0.7125 0.5802083333333333 0.209375 0.09791666666666667
1 0.6531250000000001 0.6989583333333333 0.05625 0.17291666666666666
0 0.65390625 0.46979166666666666 0.1328125 0.09791666666666667
23 0.5421875 0.559375 0.053125000000000006 0.07291666666666667
4 0.5140625 0.8104166666666667 0.09062500000000001 0.08333333333333333
12 0.5437500000000001 0.396875 0.05 0.14375
22 0.49531250000000004 0.49166666666666664 0.037500000000000006 0.0625
9 0.54609375 0.340625 0.0671875 0.14375
2 0.45 0.5864583333333333 0.08125 0.06458333333333333
7 0.45937500000000003 0.4375 0.209375 0.07916666666666666
3 0.41796875 0.7135416666666666 0.2328125 0.19791666666666666
24 0.36875 0.5864583333333333 0.034375 0.04375
5 0.38046875 0.5395833333333333 0.08281250000000001 0.0375
8 0.4109375 0.38958333333333334 0.03125 0.04583333333333333
6 0.4546875 0.39166666666666666 0.059375000000000004 0.016666666666666666
25 0.35078125000000004 0.3802083333333333 0.026562500000000003 0.022916666666666665
11 0.384375 0.484375 0.16875 0.06875
3 0.4765625 0.36354166666666665 0.08125 0.03958333333333333
