6 0.88828125 0.684375 0.0328125 0.09375
10 0.7515625 0.61875 0.05 0.12916666666666665
3 0.8031250000000001 0.5947916666666666 0.225 0.09791666666666667
1 0.73203125 0.7104166666666667 0.060937500000000006 0.17916666666666667
0 0.74140625 0.4770833333333333 0.1421875 0.1
23 0.6218750000000001 0.5635416666666666 0.05625 0.07708333333333334
4 0.5875 0.8125 0.09062500000000001 0.08333333333333333
12 0.6218750000000001 0.3989583333333333 0.05 0.14375
22 0.57734375 0.4927083333333333 0.0390625 0.06458333333333333
9 0.634375 0.34270833333333334 0.07187500000000001 0.14375
2 0.5281250000000001 0.584375 0.078125 0.06875
7 0.54140625 0.4375 0.2109375 0.0875
3 0.49453125000000003 0.7083333333333334 0.22968750000000002 0.19166666666666665
24 0.446875 0.5802083333333333 0.034375 0.04375
5 0.46171875 0.5375 0.07968750000000001 0.03333333333333333
8 0.49765625 0.38645833333333335 0.0328125 0.04375
6 0.5398437500000001 0.390625 0.060937500000000006 0.01875
25 0.43671875000000004 0.378125 0.026562500000000003 0.022916666666666665
11 0.4703125 0.48020833333333335 0.1625 0.07708333333333334
3 0.5609375 0.36354166666666665 0.08125 0.03958333333333333
