16 0.85859375 0.7572916666666667 0.09843750000000001 0.09375
15 0.65390625 0.6166666666666667 0.1203125 0.125
19 0.44765625000000003 0.6114583333333333 0.1953125 0.16875
23 0.42500000000000004 0.7927083333333333 0.1125 0.14375
26 0.8734375000000001 0.8791666666666667 0.025 0.05416666666666667
6 0.79609375 0.65 0.1203125 0.08333333333333333
0 0.6820312500000001 0.9239583333333333 0.2328125 0.14791666666666667
3 0.65625 0.8104166666666667 0.29375 0.22916666666666666
7 0.20390625 0.7697916666666667 0.4078125 0.2895833333333333
2 0.47968750000000004 0.9333333333333333 0.2 0.12916666666666665
14 0.2421875 0.6145833333333334 0.1875 0.175
4 0.2515625 0.9479166666666666 0.109375 0.1
18 0.06875 0.6145833333333334 0.059375000000000004 0.17083333333333334
20 0.07578125000000001 0.521875 0.15156250000000002 0.23124999999999998
13 0.08671875000000001 0.965625 0.1484375 0.06875
