16 0.7000000000000001 0.715625 0.08125 0.10208333333333333
15 0.49921875000000004 0.60625 0.1203125 0.125
19 0.28671875 0.63125 0.2015625 0.17916666666666667
23 0.27109375 0.8208333333333333 0.11093750000000001 0.15833333333333333
26 0.7156250000000001 0.8312499999999999 0.018750000000000003 0.05
6 0.6328125 0.6208333333333333 0.10625000000000001 0.0625
6 0.765625 0.9406249999999999 0.12812500000000002 0.11458333333333333
0 0.5421875 0.9239583333333333 0.22187500000000002 0.15208333333333332
3 0.50546875 0.790625 0.2859375 0.21041666666666667
7 0.12578125 0.809375 0.2515625 0.28125
2 0.33359375 0.9375 0.2015625 0.11666666666666667
14 0.08359375000000001 0.6541666666666667 0.16718750000000002 0.17083333333333334
