15 0.91796875 0.66875 0.1484375 0.14166666666666666
19 0.6882812500000001 0.615625 0.19843750000000002 0.15625
23 0.64453125 0.8010416666666667 0.11093750000000001 0.14375
3 0.8617187500000001 0.8624999999999999 0.2734375 0.275
7 0.4390625 0.7291666666666666 0.390625 0.22083333333333333
2 0.69453125 0.9489583333333333 0.21406250000000002 0.10208333333333333
14 0.48203125 0.5833333333333334 0.17343750000000002 0.15416666666666667
4 0.47109375000000003 0.9104166666666667 0.1015625 0.12083333333333333
18 0.33437500000000003 0.5625 0.043750000000000004 0.16666666666666666
20 0.33828125000000003 0.47604166666666664 0.13593750000000002 0.21875
13 0.2828125 0.9020833333333333 0.21250000000000002 0.07916666666666666
4 0.22890625 0.7239583333333334 0.060937500000000006 0.08541666666666667
5 0.27109375 0.6270833333333333 0.035937500000000004 0.07916666666666666
3 0.19062500000000002 0.5322916666666666 0.19062500000000002 0.11041666666666666
11 0.1078125 0.621875 0.203125 0.13958333333333334
3 0.084375 0.7635416666666667 0.16875 0.15208333333333332
