16 0.7375 0.721875 0.09375 0.09791666666666667
15 0.53671875 0.60625 0.1203125 0.125
19 0.3296875 0.6239583333333333 0.19687500000000002 0.17708333333333334
23 0.30859375 0.8125 0.11093750000000001 0.15833333333333333
26 0.753125 0.8395833333333333 0.018750000000000003 0.05
6 0.671875 0.6239583333333333 0.109375 0.07291666666666667
6 0.8054687500000001 0.9447916666666667 0.13593750000000002 0.10625
0 0.57734375 0.9260416666666667 0.22031250000000002 0.15208333333333332
3 0.5421875 0.796875 0.284375 0.21041666666666667
7 0.1453125 0.80625 0.290625 0.29583333333333334
2 0.37109375 0.928125 0.2015625 0.11458333333333333
14 0.10625000000000001 0.65 0.203125 0.17916666666666667
