15 0.82734375 0.6416666666666666 0.1390625 0.13333333333333333
19 0.60546875 0.6083333333333333 0.18906250000000002 0.15833333333333333
23 0.5703125 0.7927083333333333 0.1125 0.14375
3 0.8203125 0.8479166666666667 0.33437500000000003 0.2916666666666667
7 0.36171875000000003 0.7375 0.3921875 0.22083333333333333
2 0.6203125 0.9458333333333333 0.2 0.10416666666666667
14 0.403125 0.5854166666666667 0.17500000000000002 0.15416666666666667
4 0.39921875 0.91875 0.1015625 0.12083333333333333
18 0.253125 0.575 0.043750000000000004 0.16666666666666666
20 0.2515625 0.48854166666666665 0.14375000000000002 0.22291666666666665
13 0.2 0.9208333333333333 0.22812500000000002 0.08333333333333333
4 0.1453125 0.7479166666666667 0.0625 0.0875
5 0.18515625000000002 0.646875 0.035937500000000004 0.07708333333333334
3 0.09843750000000001 0.5520833333333334 0.19687500000000002 0.11666666666666667
