30 0.55390625 0.634375 0.1171875 0.16041666666666665
49 0.253125 0.7395833333333334 0.07187500000000001 0.19166666666666665
17 0.17343750000000002 0.61875 0.06875 0.1
44 0.13046875 0.7916666666666666 0.045312500000000006 0.07916666666666666
50 0.40078125000000003 0.5708333333333333 0.0703125 0.1125
24 0.40156250000000004 0.7208333333333333 0.09375 0.07083333333333333
25 0.33359375 0.9489583333333333 0.0734375 0.09375
33 0.2859375 0.6125 0.0625 0.17083333333333334
33 0.41250000000000003 0.7614583333333333 0.059375000000000004 0.23124999999999998
18 0.6117187500000001 0.9020833333333333 0.0578125 0.14166666666666666
46 0.03671875 0.66875 0.0703125 0.09583333333333333
