30 0.8835937500000001 0.690625 0.15156250000000002 0.18541666666666667
49 0.5578125 0.7104166666666667 0.0625 0.18333333333333332
17 0.49921875000000004 0.58125 0.0578125 0.0875
44 0.4453125 0.7260416666666667 0.03125 0.07291666666666667
50 0.7203125 0.584375 0.07187500000000001 0.11458333333333333
24 0.7039062500000001 0.7239583333333334 0.0859375 0.06875
25 0.61484375 0.9364583333333333 0.0703125 0.09791666666666667
33 0.60078125 0.5989583333333334 0.051562500000000004 0.16041666666666665
33 0.7117187500000001 0.778125 0.060937500000000006 0.23541666666666666
46 0.3765625 0.5958333333333333 0.07187500000000001 0.07916666666666666
16 0.31796875 0.6927083333333334 0.0859375 0.09375
48 0.359375 0.921875 0.025 0.05625
40 0.24296875 0.8916666666666666 0.1015625 0.13333333333333333
29 0.19062500000000002 0.75 0.08125 0.09166666666666666
18 0.15781250000000002 0.6395833333333333 0.10312500000000001 0.0625
43 0.16640625 0.5791666666666666 0.0859375 0.058333333333333334
32 0.0546875 0.840625 0.08125 0.10208333333333333
29 0.04609375 0.5625 0.0890625 0.058333333333333334
47 0.032031250000000004 0.7583333333333333 0.06406250000000001 0.15
