30 0.79453125 0.6666666666666666 0.1390625 0.17916666666666667
49 0.48281250000000003 0.7083333333333334 0.0625 0.18333333333333332
17 0.42109375000000004 0.5833333333333334 0.0578125 0.0875
44 0.36953125000000003 0.7354166666666666 0.035937500000000004 0.075
50 0.63828125 0.5729166666666666 0.0671875 0.1125
24 0.6257812500000001 0.715625 0.0859375 0.06875
25 0.54453125 0.9322916666666666 0.0671875 0.09375
33 0.52109375 0.596875 0.0484375 0.16041666666666665
33 0.6351562500000001 0.7625 0.0484375 0.23333333333333334
18 0.8390625 0.9416666666666667 0.06875 0.11666666666666667
46 0.29765625 0.60625 0.0703125 0.08333333333333333
16 0.2390625 0.7083333333333334 0.08750000000000001 0.09583333333333333
48 0.2859375 0.9395833333333333 0.028125 0.058333333333333334
40 0.1640625 0.9177083333333333 0.10312500000000001 0.13541666666666666
29 0.10390625 0.7760416666666666 0.0859375 0.09375
18 0.06796875000000001 0.6645833333333333 0.1078125 0.07083333333333333
43 0.07421875 0.6 0.0890625 0.06666666666666667
