49 0.671875 0.7208333333333333 0.0625 0.18333333333333332
17 0.61484375 0.58125 0.0578125 0.0875
44 0.5578125 0.7260416666666667 0.03125 0.06875
50 0.8539062500000001 0.6072916666666667 0.07968750000000001 0.11875
24 0.8210937500000001 0.7427083333333333 0.0859375 0.06875
25 0.72265625 0.946875 0.0734375 0.10625
33 0.7195312500000001 0.6145833333333334 0.0546875 0.1625
33 0.8328125000000001 0.8083333333333333 0.07187500000000001 0.24583333333333332
46 0.49453125000000003 0.590625 0.0703125 0.08125
16 0.4375 0.6791666666666667 0.078125 0.1
48 0.46406250000000004 0.9052083333333333 0.025 0.05625
40 0.35859375000000004 0.8614583333333333 0.0890625 0.12708333333333333
29 0.3125 0.71875 0.07500000000000001 0.0875
18 0.28750000000000003 0.6104166666666666 0.096875 0.05416666666666667
43 0.296875 0.5572916666666666 0.08125 0.05625
32 0.184375 0.79375 0.07500000000000001 0.1
29 0.18281250000000002 0.53125 0.09062500000000001 0.05
47 0.153125 0.7125 0.09375 0.1375
48 0.13359375 0.6010416666666667 0.0203125 0.035416666666666666
