30 0.63046875 0.640625 0.1265625 0.16458333333333333
49 0.33203125 0.7270833333333333 0.0734375 0.19166666666666665
17 0.259375 0.6020833333333333 0.06875 0.09166666666666666
44 0.21406250000000002 0.7645833333333333 0.040625 0.075
50 0.48046875 0.56875 0.0671875 0.1125
24 0.47421875 0.7135416666666666 0.0859375 0.06875
25 0.40546875000000004 0.9416666666666667 0.0671875 0.09583333333333333
33 0.36562500000000003 0.603125 0.05625 0.16041666666666665
33 0.48515625 0.75625 0.0484375 0.22916666666666666
18 0.68515625 0.9135416666666667 0.060937500000000006 0.14375
46 0.12578125 0.640625 0.07968750000000001 0.09375
16 0.06640625 0.7635416666666667 0.09843750000000001 0.08958333333333333
