21 0.9476562500000001 0.584375 0.09531250000000001 0.11458333333333333
20 0.68359375 0.45625 0.1484375 0.31666666666666665
2 0.57265625 0.64375 0.1046875 0.075
34 0.640625 0.3260416666666667 0.125 0.16458333333333333
30 0.76875 0.4197916666666667 0.05625 0.18125
31 0.8187500000000001 0.596875 0.059375000000000004 0.06458333333333333
5 0.88671875 0.5333333333333333 0.0859375 0.03333333333333333
13 0.8914062500000001 0.49374999999999997 0.0546875 0.041666666666666664
5 0.88203125 0.4458333333333333 0.0890625 0.03333333333333333
26 0.915625 0.42291666666666666 0.028125 0.025
29 0.978125 0.5677083333333334 0.037500000000000006 0.07291666666666667
33 0.86328125 0.36666666666666664 0.0390625 0.11666666666666667
21 0.49609375 0.7041666666666666 0.07968750000000001 0.14583333333333334
11 0.8093750000000001 0.7510416666666666 0.284375 0.3145833333333333
