36 0.6039062500000001 0.6145833333333334 0.06406250000000001 0.0875
21 0.5359375000000001 0.5322916666666666 0.07187500000000001 0.09791666666666667
20 0.28203125 0.46458333333333335 0.16718750000000002 0.3333333333333333
2 0.19687500000000002 0.6885416666666666 0.115625 0.06458333333333333
34 0.22578125000000002 0.334375 0.13593750000000002 0.17708333333333334
30 0.36640625000000004 0.41041666666666665 0.045312500000000006 0.17916666666666667
26 0.6273437500000001 0.75 0.0421875 0.05
31 0.43203125000000003 0.5666666666666667 0.051562500000000004 0.0625
5 0.48203125 0.49895833333333334 0.0703125 0.03125
13 0.48125 0.4583333333333333 0.043750000000000004 0.0375
5 0.46953125 0.41562499999999997 0.07968750000000001 0.027083333333333334
26 0.49375 0.390625 0.025 0.022916666666666665
29 0.565625 0.503125 0.043750000000000004 0.05625
33 0.44375000000000003 0.35 0.03125 0.10833333333333334
21 0.10859375 0.7760416666666666 0.09531250000000001 0.16458333333333333
11 0.42734375 0.721875 0.2859375 0.27708333333333335
