36 0.96484375 0.6895833333333333 0.0671875 0.10416666666666667
21 0.9 0.575 0.096875 0.1125
20 0.64453125 0.45416666666666666 0.1484375 0.31666666666666665
2 0.53671875 0.64375 0.1046875 0.075
34 0.60078125 0.3229166666666667 0.1265625 0.16666666666666666
30 0.7265625 0.41562499999999997 0.053125000000000006 0.18125
26 0.978125 0.8479166666666667 0.043750000000000004 0.05
31 0.7765625 0.590625 0.059375000000000004 0.06458333333333333
5 0.84140625 0.525 0.0859375 0.03333333333333333
13 0.8460937500000001 0.4864583333333333 0.0546875 0.03958333333333333
5 0.8367187500000001 0.4375 0.0921875 0.0375
26 0.8679687500000001 0.4166666666666667 0.026562500000000003 0.025
29 0.9421875000000001 0.5552083333333333 0.05625 0.07291666666666667
33 0.81640625 0.3625 0.0390625 0.11666666666666667
21 0.45859375 0.70625 0.07968750000000001 0.14583333333333334
11 0.76953125 0.74375 0.2765625 0.30416666666666664
