36 0.565625 0.6114583333333333 0.065625 0.08541666666666667
21 0.49843750000000003 0.5322916666666666 0.07187500000000001 0.09791666666666667
20 0.23984375000000002 0.46979166666666666 0.17343750000000002 0.33958333333333335
2 0.15625 0.6989583333333333 0.11875000000000001 0.06458333333333333
34 0.18046875 0.340625 0.1421875 0.18541666666666667
30 0.32656250000000003 0.4145833333333333 0.05 0.17916666666666667
26 0.59140625 0.7458333333333333 0.0421875 0.05
31 0.3953125 0.5697916666666667 0.053125000000000006 0.06458333333333333
5 0.44375000000000003 0.4979166666666667 0.07187500000000001 0.03333333333333333
13 0.44453125000000004 0.45729166666666665 0.045312500000000006 0.03958333333333333
5 0.43046875 0.4145833333333333 0.07968750000000001 0.029166666666666667
26 0.4546875 0.390625 0.025 0.022916666666666665
29 0.52734375 0.5010416666666666 0.045312500000000006 0.05625
33 0.40468750000000003 0.35 0.03125 0.10833333333333334
21 0.065625 0.790625 0.10312500000000001 0.16875
11 0.39453125 0.7260416666666667 0.2890625 0.27708333333333335
