21 0.97265625 0.5989583333333334 0.051562500000000004 0.11041666666666666
20 0.728125 0.459375 0.16562500000000002 0.3229166666666667
2 0.6101562500000001 0.6458333333333334 0.1046875 0.075
34 0.6875 0.3260416666666667 0.134375 0.16458333333333333
30 0.8132812500000001 0.42916666666666664 0.0578125 0.17916666666666667
31 0.86328125 0.6114583333333333 0.060937500000000006 0.06458333333333333
5 0.9359375000000001 0.5458333333333333 0.08750000000000001 0.03333333333333333
13 0.9375 0.503125 0.053125000000000006 0.03958333333333333
5 0.9296875 0.45416666666666666 0.08750000000000001 0.0375
26 0.9640625 0.43124999999999997 0.028125 0.025
33 0.9109375000000001 0.37395833333333334 0.040625 0.11875
21 0.5320312500000001 0.7041666666666666 0.07968750000000001 0.14583333333333334
11 0.8484375000000001 0.7625 0.284375 0.3125
