36 0.8390625 0.6489583333333333 0.06875 0.08958333333333333
21 0.7718750000000001 0.553125 0.084375 0.10208333333333333
20 0.5242187500000001 0.45208333333333334 0.1421875 0.31666666666666665
2 0.42812500000000003 0.6489583333333333 0.10312500000000001 0.06875
34 0.48046875 0.321875 0.1203125 0.16041666666666665
30 0.6039062500000001 0.40729166666666666 0.0390625 0.17708333333333334
26 0.8539062500000001 0.8 0.045312500000000006 0.05
31 0.6578125 0.5729166666666666 0.05625 0.0625
5 0.7117187500000001 0.5114583333333333 0.0703125 0.03125
13 0.7156250000000001 0.46875 0.043750000000000004 0.0375
5 0.7054687500000001 0.42604166666666665 0.07968750000000001 0.03125
26 0.7359375 0.3989583333333333 0.025 0.022916666666666665
29 0.80625 0.5260416666666666 0.05 0.06458333333333333
33 0.6882812500000001 0.35104166666666664 0.035937500000000004 0.11458333333333333
21 0.35078125000000004 0.7166666666666667 0.0859375 0.15416666666666667
11 0.65234375 0.725 0.2765625 0.2791666666666667
