36 0.6429687500000001 0.615625 0.06406250000000001 0.08541666666666667
21 0.57421875 0.5333333333333333 0.0734375 0.1
20 0.3203125 0.4614583333333333 0.16562500000000002 0.33125
2 0.23671875 0.6802083333333333 0.11406250000000001 0.06458333333333333
34 0.2671875 0.334375 0.13125 0.17708333333333334
30 0.40625 0.40729166666666666 0.043750000000000004 0.17708333333333334
26 0.6648437500000001 0.7541666666666667 0.0421875 0.05
31 0.4703125 0.565625 0.05 0.06041666666666667
5 0.51953125 0.49895833333333334 0.0703125 0.03125
13 0.5203125000000001 0.4583333333333333 0.043750000000000004 0.0375
5 0.509375 0.41562499999999997 0.078125 0.027083333333333334
26 0.5328125 0.390625 0.025 0.022916666666666665
29 0.6046875 0.5052083333333334 0.043750000000000004 0.05625
33 0.48281250000000003 0.35 0.03125 0.10833333333333334
21 0.15234375 0.7604166666666666 0.09531250000000001 0.1625
11 0.465625 0.7177083333333333 0.284375 0.27708333333333335
