32 0.6687500000000001 0.6666666666666666 0.037500000000000006 0.10833333333333334
14 0.596875 0.5395833333333333 0.125 0.1375
43 0.50234375 0.6104166666666666 0.060937500000000006 0.075
49 0.40859375000000003 0.6791666666666667 0.0578125 0.17916666666666667
18 0.5546875 0.7552083333333334 0.084375 0.12708333333333333
22 0.49921875000000004 0.48541666666666666 0.0703125 0.04583333333333333
46 0.44062500000000004 0.5 0.05 0.09166666666666666
12 0.3796875 0.5354166666666667 0.06875 0.1625
0 0.32890625 0.459375 0.1171875 0.10208333333333333
7 0.31953125000000004 0.37395833333333334 0.1296875 0.11875
17 0.39921875 0.33958333333333335 0.035937500000000004 0.05
9 0.465625 0.3052083333333333 0.053125000000000006 0.14375
30 0.28515625 0.6760416666666667 0.11093750000000001 0.18125
33 0.11093750000000001 0.7354166666666666 0.096875 0.2125
50 0.53515625 0.4 0.08281250000000001 0.0625
