32 0.8757812500000001 0.7104166666666667 0.0421875 0.11666666666666667
14 0.80625 0.5645833333333333 0.1375 0.14166666666666666
43 0.69453125 0.6229166666666667 0.060937500000000006 0.075
49 0.59609375 0.6739583333333333 0.060937500000000006 0.17708333333333334
18 0.7453125 0.778125 0.09062500000000001 0.13125
22 0.70234375 0.496875 0.0734375 0.04791666666666666
46 0.6421875 0.5020833333333333 0.05 0.09583333333333333
12 0.5765625 0.53125 0.0625 0.15833333333333333
0 0.5359375000000001 0.44895833333333335 0.109375 0.09791666666666667
7 0.5281250000000001 0.36875 0.12187500000000001 0.12083333333333333
17 0.60859375 0.3375 0.035937500000000004 0.05
9 0.6828125 0.3072916666666667 0.053125000000000006 0.14791666666666667
30 0.478125 0.6552083333333333 0.1 0.16875
33 0.31875000000000003 0.6822916666666666 0.07500000000000001 0.19791666666666666
50 0.7468750000000001 0.41041666666666665 0.09375 0.06666666666666667
44 0.7640625000000001 0.46770833333333334 0.046875 0.03125
