32 0.70625 0.671875 0.037500000000000006 0.11041666666666666
14 0.6375000000000001 0.5427083333333333 0.125 0.13541666666666666
43 0.5398437500000001 0.6104166666666666 0.060937500000000006 0.075
49 0.4453125 0.6770833333333334 0.059375000000000004 0.17916666666666667
18 0.5921875 0.7572916666666667 0.084375 0.12708333333333333
22 0.5398437500000001 0.48541666666666666 0.0703125 0.04583333333333333
46 0.47968750000000004 0.5 0.05 0.09166666666666666
12 0.41875 0.5333333333333333 0.06875 0.1625
0 0.371875 0.45625 0.1125 0.1
7 0.36171875000000003 0.37083333333333335 0.1234375 0.12083333333333333
17 0.44140625 0.3375 0.035937500000000004 0.05
9 0.509375 0.303125 0.05 0.14375
30 0.325 0.66875 0.10625000000000001 0.17916666666666667
33 0.15390625000000002 0.7208333333333333 0.0890625 0.20833333333333334
50 0.5750000000000001 0.4 0.084375 0.0625
