32 0.92109375 0.7229166666666667 0.0390625 0.12083333333333333
14 0.8460937500000001 0.5739583333333333 0.13593750000000002 0.13958333333333334
43 0.73828125 0.628125 0.06406250000000001 0.08125
49 0.6351562500000001 0.678125 0.060937500000000006 0.17708333333333334
18 0.7828125 0.7895833333333333 0.096875 0.12916666666666665
22 0.74765625 0.503125 0.07968750000000001 0.04791666666666666
46 0.6843750000000001 0.50625 0.053125000000000006 0.09583333333333333
12 0.6171875 0.5354166666666667 0.0625 0.1625
0 0.5750000000000001 0.4510416666666667 0.109375 0.09791666666666667
7 0.56796875 0.3697916666666667 0.1234375 0.12708333333333333
17 0.6507812500000001 0.33958333333333335 0.035937500000000004 0.05
9 0.728125 0.309375 0.05625 0.14791666666666667
30 0.515625 0.6520833333333333 0.1 0.1625
33 0.35859375000000004 0.675 0.0671875 0.19166666666666665
50 0.7921875 0.41562499999999997 0.09375 0.06875
44 0.80859375 0.47604166666666664 0.051562500000000004 0.035416666666666666
