43 0.9632812500000001 0.6822916666666666 0.0703125 0.09791666666666667
49 0.8390625 0.71875 0.078125 0.19166666666666665
46 0.9125000000000001 0.5416666666666666 0.0625 0.10416666666666667
12 0.83125 0.5614583333333333 0.07187500000000001 0.17291666666666666
0 0.7890625 0.46979166666666666 0.12812500000000002 0.10625
7 0.78828125 0.3854166666666667 0.1328125 0.13333333333333333
17 0.8812500000000001 0.36041666666666666 0.040625 0.05416666666666667
9 0.96640625 0.334375 0.06406250000000001 0.15625
30 0.70703125 0.6677083333333333 0.1046875 0.17708333333333334
33 0.54921875 0.6645833333333333 0.0546875 0.1875
