32 0.9671875000000001 0.7395833333333334 0.040625 0.125
14 0.89765625 0.5822916666666667 0.1453125 0.14791666666666667
43 0.7765625 0.634375 0.0625 0.08125
49 0.6734375 0.6854166666666667 0.065625 0.18333333333333332
18 0.82734375 0.803125 0.1015625 0.13125
22 0.7914062500000001 0.5083333333333333 0.07968750000000001 0.05
46 0.7265625 0.5114583333333333 0.053125000000000006 0.09375
12 0.6578125 0.5385416666666667 0.065625 0.16458333333333333
0 0.61640625 0.45416666666666666 0.11093750000000001 0.1
7 0.6101562500000001 0.371875 0.1234375 0.12291666666666666
17 0.69453125 0.34375 0.035937500000000004 0.05
9 0.7742187500000001 0.31354166666666666 0.0546875 0.14791666666666667
30 0.553125 0.6541666666666667 0.1 0.1625
33 0.39609375 0.671875 0.0671875 0.18958333333333333
50 0.8382812500000001 0.4239583333333333 0.09843750000000001 0.06875
44 0.8562500000000001 0.48333333333333334 0.053125000000000006 0.0375
