32 0.7484375000000001 0.678125 0.040625 0.11041666666666666
14 0.6765625000000001 0.546875 0.12812500000000002 0.13541666666666666
43 0.57734375 0.6104166666666666 0.060937500000000006 0.075
49 0.48281250000000003 0.675 0.059375000000000004 0.17916666666666667
18 0.6273437500000001 0.7604166666666666 0.0890625 0.125
22 0.58046875 0.48541666666666666 0.0703125 0.04583333333333333
46 0.52109375 0.49895833333333334 0.0484375 0.09375
12 0.45937500000000003 0.5302083333333333 0.0625 0.16041666666666665
0 0.41328125000000004 0.453125 0.11093750000000001 0.09791666666666667
7 0.40390625 0.36875 0.1234375 0.12083333333333333
17 0.48281250000000003 0.3364583333333333 0.037500000000000006 0.04791666666666666
9 0.55078125 0.30416666666666664 0.051562500000000004 0.14166666666666666
30 0.36484375 0.6625 0.1015625 0.17916666666666667
33 0.19609375 0.7083333333333334 0.0859375 0.20416666666666666
50 0.61875 0.40208333333333335 0.08750000000000001 0.0625
