32 0.7890625 0.6875 0.037500000000000006 0.1125
14 0.71875 0.5510416666666667 0.13125 0.13541666666666666
43 0.61640625 0.6145833333333334 0.060937500000000006 0.075
49 0.52109375 0.6739583333333333 0.060937500000000006 0.17708333333333334
18 0.6671875 0.7625 0.09062500000000001 0.13333333333333333
22 0.62109375 0.4875 0.0703125 0.04583333333333333
46 0.5593750000000001 0.49895833333333334 0.046875 0.09375
12 0.49843750000000003 0.53125 0.0625 0.15833333333333333
0 0.453125 0.453125 0.109375 0.09791666666666667
7 0.44609375 0.37083333333333335 0.1203125 0.12083333333333333
17 0.5242187500000001 0.3364583333333333 0.035937500000000004 0.04791666666666666
9 0.5945312500000001 0.303125 0.051562500000000004 0.14375
30 0.40234375 0.6572916666666666 0.09843750000000001 0.16875
33 0.23828125 0.6989583333333333 0.07968750000000001 0.20208333333333334
50 0.6609375000000001 0.4041666666666667 0.08750000000000001 0.06666666666666667
