6 0.42109375000000004 0.6635416666666667 0.0328125 0.09791666666666667
1 0.284375 0.6895833333333333 0.07187500000000001 0.175
10 0.24609375 0.625 0.0546875 0.1375
0 0.23984375000000002 0.5 0.1328125 0.11666666666666667
3 0.30703125000000003 0.584375 0.2109375 0.11458333333333333
23 0.1546875 0.628125 0.07187500000000001 0.10208333333333333
12 0.15625 0.421875 0.07187500000000001 0.13125
9 0.16015625 0.3677083333333333 0.09531250000000001 0.15625
2 0.065625 0.6614583333333334 0.07187500000000001 0.08541666666666667
7 0.1125 0.5072916666666667 0.14375000000000002 0.13125
3 0.08984375 0.76875 0.1765625 0.18333333333333332
4 0.037500000000000006 0.9260416666666667 0.07187500000000001 0.09791666666666667
22 0.046875 0.5697916666666667 0.05 0.08541666666666667
8 0.017968750000000002 0.44166666666666665 0.035937500000000004 0.06666666666666667
6 0.06328125 0.42916666666666664 0.0671875 0.025
3 0.0921875 0.403125 0.08125 0.052083333333333336
