6 0.496875 0.6583333333333333 0.034375 0.09583333333333333
1 0.36640625000000004 0.6760416666666667 0.060937500000000006 0.16875
10 0.33046875000000003 0.6104166666666666 0.0484375 0.1375
0 0.32890625 0.4864583333333333 0.1296875 0.11458333333333333
3 0.38906250000000003 0.5760416666666667 0.20625000000000002 0.09791666666666667
23 0.23828125 0.6104166666666666 0.0671875 0.09166666666666666
12 0.25 0.40729166666666666 0.07187500000000001 0.13125
9 0.25078125 0.3572916666666667 0.0921875 0.15625
2 0.15859375 0.6322916666666667 0.0703125 0.07708333333333334
7 0.19843750000000002 0.48020833333333335 0.15000000000000002 0.13541666666666666
3 0.13203125000000002 0.7520833333333333 0.2609375 0.175
4 0.10234375000000001 0.8937499999999999 0.1078125 0.09583333333333333
22 0.14140625 0.5458333333333333 0.045312500000000006 0.08333333333333333
8 0.11406250000000001 0.421875 0.040625 0.06041666666666667
6 0.15937500000000002 0.4125 0.065625 0.025
3 0.1875 0.3854166666666667 0.07500000000000001 0.05
25 0.07578125000000001 0.4145833333333333 0.029687500000000002 0.029166666666666667
24 0.065625 0.65 0.040625 0.05
5 0.060937500000000006 0.603125 0.07187500000000001 0.06875
11 0.06406250000000001 0.5166666666666666 0.109375 0.1125
26 0.025 0.45208333333333334 0.028125 0.020833333333333332
