6 0.81640625 0.6989583333333333 0.0421875 0.09791666666666667
1 0.6734375 0.6802083333333333 0.05625 0.16875
10 0.6492187500000001 0.6083333333333333 0.0484375 0.12916666666666665
0 0.65390625 0.48020833333333335 0.1296875 0.11875
3 0.7117187500000001 0.5927083333333333 0.21406250000000002 0.11875
23 0.5609375 0.5833333333333334 0.065625 0.07916666666666666
12 0.58515625 0.3958333333333333 0.0546875 0.12916666666666665
9 0.59296875 0.34791666666666665 0.0765625 0.15
2 0.48828125 0.5895833333333333 0.0578125 0.07083333333333333
7 0.53671875 0.45416666666666666 0.1265625 0.12916666666666665
3 0.45156250000000003 0.6885416666666666 0.23750000000000002 0.13541666666666666
4 0.415625 0.8072916666666666 0.09062500000000001 0.06458333333333333
22 0.47578125000000004 0.50625 0.0390625 0.075
8 0.465625 0.38958333333333334 0.034375 0.05416666666666667
6 0.5046875000000001 0.38958333333333334 0.053125000000000006 0.025
3 0.53125 0.3729166666666667 0.065625 0.04583333333333333
25 0.434375 0.3770833333333333 0.028125 0.025
24 0.4078125 0.584375 0.034375 0.04791666666666666
5 0.40703125 0.5447916666666667 0.060937500000000006 0.05625
11 0.41484375 0.46875 0.0890625 0.09166666666666666
26 0.39140625 0.40729166666666666 0.0234375 0.014583333333333334
