6 0.5359375000000001 0.6583333333333333 0.034375 0.09583333333333333
1 0.40546875000000004 0.671875 0.060937500000000006 0.16875
10 0.37031250000000004 0.6052083333333333 0.046875 0.13541666666666666
0 0.36875 0.48541666666666666 0.12812500000000002 0.1125
3 0.42812500000000003 0.571875 0.20625000000000002 0.09791666666666667
23 0.284375 0.6 0.06875 0.09166666666666666
12 0.2890625 0.4041666666666667 0.07187500000000001 0.12916666666666665
9 0.29609375 0.3520833333333333 0.0859375 0.15416666666666667
2 0.20390625 0.6229166666666667 0.0671875 0.075
7 0.23828125 0.47604166666666664 0.1484375 0.13541666666666666
3 0.17109375000000002 0.740625 0.2609375 0.17291666666666666
4 0.1421875 0.8781249999999999 0.10625000000000001 0.09375
22 0.18671875000000002 0.534375 0.045312500000000006 0.08125
8 0.1625 0.4145833333333333 0.040625 0.0625
6 0.20625000000000002 0.4083333333333333 0.065625 0.025
3 0.23593750000000002 0.3802083333333333 0.07500000000000001 0.052083333333333336
25 0.12734375 0.40520833333333334 0.029687500000000002 0.03125
24 0.11406250000000001 0.634375 0.040625 0.04791666666666666
5 0.11015625000000001 0.5895833333333333 0.06406250000000001 0.06666666666666667
11 0.11093750000000001 0.5083333333333333 0.10312500000000001 0.10416666666666667
26 0.07734375 0.4427083333333333 0.026562500000000003 0.01875
