6 0.45937500000000003 0.6614583333333334 0.034375 0.09791666666666667
1 0.32578125 0.6822916666666666 0.06406250000000001 0.16875
10 0.28515625 0.61875 0.0546875 0.1375
0 0.28750000000000003 0.4927083333333333 0.12812500000000002 0.11458333333333333
3 0.3484375 0.5791666666666666 0.20625000000000002 0.1
23 0.2 0.61875 0.06875 0.09166666666666666
12 0.2015625 0.41562499999999997 0.07187500000000001 0.13125
9 0.20546875 0.3614583333333333 0.0921875 0.15625
2 0.11328125 0.646875 0.0734375 0.07708333333333334
7 0.15156250000000002 0.49895833333333334 0.14375000000000002 0.13125
3 0.10859375 0.7625 0.2171875 0.17916666666666667
4 0.0578125 0.9125 0.10625000000000001 0.09583333333333333
22 0.0859375 0.55 0.05 0.08333333333333333
8 0.065625 0.43333333333333335 0.040625 0.0625
6 0.11171875 0.42083333333333334 0.0671875 0.025
3 0.14375000000000002 0.39479166666666665 0.08125 0.052083333333333336
25 0.026562500000000003 0.425 0.03125 0.029166666666666667
24 0.0203125 0.6635416666666667 0.040625 0.052083333333333336
5 0.0234375 0.6114583333333333 0.043750000000000004 0.06041666666666667
11 0.03671875 0.5291666666666667 0.0734375 0.10833333333333334
