6 0.6515625 0.6666666666666666 0.034375 0.09583333333333333
1 0.51953125 0.66875 0.0546875 0.1625
10 0.49062500000000003 0.6010416666666667 0.043750000000000004 0.13125
0 0.49140625000000004 0.475 0.1203125 0.10833333333333334
3 0.5484375 0.575 0.203125 0.09583333333333333
23 0.40468750000000003 0.5875 0.065625 0.08333333333333333
12 0.42031250000000003 0.396875 0.05625 0.12708333333333333
9 0.42500000000000004 0.346875 0.07500000000000001 0.14791666666666667
2 0.3296875 0.6020833333333333 0.059375000000000004 0.075
7 0.37265625 0.459375 0.1328125 0.13125
3 0.29453125 0.7052083333333333 0.2484375 0.13541666666666666
4 0.26484375 0.8364583333333333 0.09531250000000001 0.08125
22 0.31562500000000004 0.51875 0.040625 0.07916666666666666
8 0.296875 0.4 0.034375 0.05416666666666667
6 0.33906250000000004 0.39375 0.053125000000000006 0.025
3 0.36562500000000003 0.3729166666666667 0.06875 0.04583333333333333
25 0.265625 0.38958333333333334 0.028125 0.025
24 0.24765625000000002 0.6072916666666667 0.0390625 0.04791666666666666
5 0.2421875 0.5625 0.0625 0.0625
11 0.2484375 0.4864583333333333 0.09375 0.09791666666666667
26 0.21875 0.421875 0.021875000000000002 0.014583333333333334
