14 0.7507812500000001 0.7375 0.1921875 0.2
7 0.8562500000000001 0.6697916666666667 0.28750000000000003 0.29791666666666666
20 0.55703125 0.7052083333333333 0.1796875 0.20625
2 0.62109375 0.5822916666666667 0.1265625 0.07291666666666667
15 0.74765625 0.5416666666666666 0.09843750000000001 0.10416666666666667
3 0.89765625 0.5447916666666667 0.2015625 0.08541666666666667
19 0.8859375 0.4552083333333333 0.15937500000000002 0.08541666666666667
0 0.8601562500000001 0.38125 0.1015625 0.07916666666666666
11 0.7273437500000001 0.39166666666666666 0.1046875 0.06666666666666667
23 0.765625 0.4479166666666667 0.05625 0.04583333333333333
3 0.6664062500000001 0.50625 0.1265625 0.09166666666666666
6 0.77265625 0.48020833333333335 0.06406250000000001 0.03958333333333333
6 0.63671875 0.3541666666666667 0.0421875 0.029166666666666667
18 0.65625 0.384375 0.059375000000000004 0.04375
