14 0.7109375 0.7291666666666666 0.19375 0.2
7 0.85546875 0.68125 0.2890625 0.3
20 0.51953125 0.7041666666666666 0.1796875 0.20833333333333334
2 0.58203125 0.5791666666666666 0.1265625 0.075
15 0.70859375 0.5375 0.09843750000000001 0.10416666666666667
3 0.8578125000000001 0.5333333333333333 0.203125 0.0875
19 0.84765625 0.4510416666666667 0.1609375 0.08541666666666667
0 0.8203125 0.37604166666666666 0.10312500000000001 0.08125
11 0.6890625 0.3885416666666667 0.10625000000000001 0.06875
23 0.7250000000000001 0.44375 0.05625 0.04583333333333333
3 0.6265625 0.5020833333333333 0.12812500000000002 0.09166666666666666
6 0.73359375 0.475 0.06406250000000001 0.041666666666666664
6 0.596875 0.353125 0.043750000000000004 0.03125
18 0.6171875 0.38229166666666664 0.059375000000000004 0.04375
