14 0.88203125 0.76875 0.2234375 0.22916666666666666
20 0.6742187500000001 0.7177083333333333 0.18906250000000002 0.20208333333333334
2 0.7429687500000001 0.6041666666666666 0.13593750000000002 0.08333333333333333
15 0.89453125 0.5739583333333333 0.1234375 0.11041666666666666
11 0.8679687500000001 0.4083333333333333 0.1234375 0.075
23 0.9085937500000001 0.471875 0.06406250000000001 0.052083333333333336
3 0.790625 0.51875 0.13125 0.10833333333333334
6 0.9140625 0.503125 0.078125 0.052083333333333336
6 0.77265625 0.365625 0.0484375 0.035416666666666666
18 0.7937500000000001 0.39479166666666665 0.0625 0.03958333333333333
