14 0.5953125 0.7125 0.1875 0.2
7 0.7640625000000001 0.6604166666666667 0.34375 0.2875
20 0.40390625 0.7125 0.18906250000000002 0.21666666666666667
2 0.465625 0.578125 0.12812500000000002 0.08541666666666667
15 0.59140625 0.5270833333333333 0.09843750000000001 0.10416666666666667
3 0.7234375000000001 0.5125 0.1875 0.0875
19 0.7117187500000001 0.43333333333333335 0.1390625 0.07916666666666666
0 0.6828125 0.3645833333333333 0.09375 0.075
11 0.5625 0.3833333333333333 0.10312500000000001 0.0625
23 0.5984375000000001 0.434375 0.053125000000000006 0.04375
3 0.50390625 0.49583333333333335 0.1265625 0.0875
3 0.49453125000000003 0.4302083333333333 0.1078125 0.05625
6 0.603125 0.4635416666666667 0.0625 0.035416666666666666
6 0.47187500000000004 0.353125 0.043750000000000004 0.03125
18 0.48750000000000004 0.38229166666666664 0.059375000000000004 0.04375
