14 0.83984375 0.75625 0.21406250000000002 0.225
20 0.634375 0.7135416666666666 0.19062500000000002 0.20208333333333334
2 0.70234375 0.59375 0.13593750000000002 0.07916666666666666
15 0.8421875000000001 0.5635416666666666 0.109375 0.10625
11 0.8234375 0.4 0.12187500000000001 0.07083333333333333
23 0.8609375 0.4614583333333333 0.0625 0.052083333333333336
3 0.7507812500000001 0.5145833333333333 0.1328125 0.10833333333333334
6 0.8578125000000001 0.49166666666666664 0.07187500000000001 0.04583333333333333
6 0.7250000000000001 0.35833333333333334 0.043750000000000004 0.029166666666666667
18 0.7421875 0.3875 0.059375000000000004 0.04583333333333333
