14 0.6742187500000001 0.7229166666666667 0.18906250000000002 0.2
7 0.8226562500000001 0.6635416666666667 0.35468750000000004 0.29375
20 0.48046875 0.70625 0.18906250000000002 0.21666666666666667
2 0.5421875 0.5791666666666666 0.125 0.07916666666666666
15 0.66953125 0.5333333333333333 0.09843750000000001 0.10416666666666667
3 0.8054687500000001 0.5260416666666666 0.1921875 0.08541666666666667
19 0.7937500000000001 0.4427083333333333 0.146875 0.07708333333333334
0 0.7671875 0.3729166666666667 0.09375 0.075
11 0.6414062500000001 0.3854166666666667 0.1046875 0.0625
23 0.6765625000000001 0.4375 0.053125000000000006 0.041666666666666664
3 0.58125 0.49895833333333334 0.125 0.08958333333333333
3 0.5710937500000001 0.4302083333333333 0.09531250000000001 0.052083333333333336
6 0.68125 0.46770833333333334 0.0625 0.035416666666666666
6 0.54921875 0.3541666666666667 0.0421875 0.029166666666666667
18 0.56875 0.384375 0.059375000000000004 0.04375
