14 0.51875 0.7114583333333333 0.1875 0.19375
7 0.68671875 0.6447916666666667 0.3328125 0.2604166666666667
20 0.328125 0.725 0.2 0.23333333333333334
2 0.38828125 0.584375 0.1296875 0.08125
15 0.51328125 0.5270833333333333 0.09843750000000001 0.10416666666666667
3 0.6390625000000001 0.503125 0.17500000000000002 0.08958333333333333
19 0.625 0.428125 0.13125 0.07708333333333334
0 0.59765625 0.36041666666666666 0.0859375 0.07083333333333333
11 0.47734375 0.3854166666666667 0.1046875 0.058333333333333334
23 0.5164062500000001 0.43333333333333335 0.051562500000000004 0.041666666666666664
3 0.42578125 0.4979166666666667 0.1265625 0.0875
3 0.41484375 0.42916666666666664 0.1046875 0.05416666666666667
6 0.525 0.4635416666666667 0.0625 0.035416666666666666
6 0.3875 0.3541666666666667 0.043750000000000004 0.029166666666666667
18 0.40937500000000004 0.38229166666666664 0.059375000000000004 0.04375
