30 0.8546875 0.709375 0.25625000000000003 0.12708333333333333
50 0.8460937500000001 0.56875 0.0734375 0.1125
33 0.7195312500000001 0.5010416666666666 0.0390625 0.13958333333333334
46 0.675 0.45 0.05 0.058333333333333334
24 0.6734375 0.5979166666666667 0.053125000000000006 0.07916666666666666
49 0.596875 0.5083333333333333 0.043750000000000004 0.13333333333333333
33 0.5710937500000001 0.5625 0.045312500000000006 0.15833333333333333
43 0.6312500000000001 0.396875 0.05 0.03125
29 0.61328125 0.36666666666666664 0.060937500000000006 0.020833333333333332
18 0.58515625 0.41770833333333335 0.0484375 0.027083333333333334
18 0.53359375 0.7197916666666666 0.1234375 0.06041666666666667
48 0.5476562500000001 0.38229166666666664 0.0203125 0.014583333333333334
29 0.5234375 0.4510416666666667 0.05625 0.03125
25 0.484375 0.5875 0.040625 0.05416666666666667
47 0.48750000000000004 0.4125 0.08750000000000001 0.041666666666666664
48 0.4609375 0.525 0.028125 0.016666666666666666
32 0.44921875 0.43854166666666666 0.035937500000000004 0.04791666666666666
40 0.45 0.484375 0.046875 0.052083333333333336
0 0.45546875000000003 0.36875 0.09531250000000001 0.07083333333333333
