30 0.6078125000000001 0.6614583333333334 0.22187500000000002 0.08958333333333333
50 0.58828125 0.534375 0.060937500000000006 0.10625
33 0.47187500000000004 0.4875 0.034375 0.13333333333333333
17 0.496875 0.46875 0.03125 0.07083333333333333
46 0.42812500000000003 0.44375 0.05 0.058333333333333334
24 0.43828125 0.5895833333333333 0.0546875 0.07916666666666666
49 0.35234375 0.5145833333333333 0.051562500000000004 0.13333333333333333
33 0.33125000000000004 0.5729166666666666 0.05625 0.16666666666666666
43 0.38125000000000003 0.3958333333333333 0.053125000000000006 0.029166666666666667
29 0.36250000000000004 0.3677083333333333 0.0625 0.01875
18 0.33906250000000004 0.42083333333333334 0.05625 0.029166666666666667
18 0.30859375 0.740625 0.1328125 0.04791666666666666
48 0.29531250000000003 0.38958333333333334 0.021875000000000002 0.016666666666666666
29 0.275 0.465625 0.059375000000000004 0.035416666666666666
25 0.24375000000000002 0.6145833333333334 0.043750000000000004 0.058333333333333334
47 0.23515625 0.428125 0.0890625 0.04375
48 0.21406250000000002 0.553125 0.034375 0.01875
32 0.19296875000000002 0.4614583333333333 0.035937500000000004 0.04791666666666666
40 0.19609375 0.509375 0.0578125 0.05625
0 0.19453125000000002 0.384375 0.1046875 0.07291666666666667
