30 0.81171875 0.6947916666666667 0.2484375 0.11875
50 0.7992187500000001 0.559375 0.0703125 0.11041666666666666
33 0.6726562500000001 0.4947916666666667 0.0328125 0.13541666666666666
46 0.6312500000000001 0.44895833333333335 0.05 0.06041666666666667
24 0.6328125 0.5927083333333333 0.053125000000000006 0.08125
49 0.5546875 0.5072916666666667 0.043750000000000004 0.13125
33 0.53125 0.5614583333333333 0.046875 0.16041666666666665
43 0.5890625 0.39375 0.05 0.029166666666666667
29 0.5710937500000001 0.365625 0.060937500000000006 0.022916666666666665
18 0.54296875 0.41354166666666664 0.0484375 0.027083333333333334
18 0.49609375 0.7197916666666666 0.1234375 0.06041666666666667
48 0.50546875 0.3802083333333333 0.0203125 0.014583333333333334
29 0.484375 0.4510416666666667 0.05625 0.03125
25 0.4453125 0.5885416666666666 0.040625 0.05625
47 0.446875 0.4125 0.08750000000000001 0.041666666666666664
48 0.42109375000000004 0.5270833333333333 0.029687500000000002 0.016666666666666666
32 0.40390625 0.44166666666666665 0.0328125 0.04583333333333333
40 0.40703125 0.484375 0.0484375 0.052083333333333336
0 0.41250000000000003 0.37083333333333335 0.096875 0.07083333333333333
