30 0.4921875 0.6604166666666667 0.22187500000000002 0.12083333333333333
50 0.46875 0.5333333333333333 0.0625 0.10416666666666667
33 0.35234375 0.4947916666666667 0.045312500000000006 0.13541666666666666
17 0.37421875000000004 0.4708333333333333 0.0328125 0.07083333333333333
46 0.29921875000000003 0.45416666666666666 0.051562500000000004 0.0625
24 0.31953125000000004 0.5989583333333334 0.060937500000000006 0.07708333333333334
49 0.22890625 0.528125 0.0578125 0.13541666666666666
33 0.20859375000000002 0.5895833333333333 0.0671875 0.175
43 0.2546875 0.40625 0.05625 0.029166666666666667
29 0.23203125000000002 0.378125 0.06406250000000001 0.01875
18 0.20625000000000002 0.43333333333333335 0.059375000000000004 0.029166666666666667
18 0.18359375 0.7729166666666667 0.1421875 0.05416666666666667
48 0.1609375 0.4041666666666667 0.021875000000000002 0.016666666666666666
29 0.14453125 0.484375 0.06406250000000001 0.03958333333333333
25 0.1125 0.6427083333333333 0.05 0.06458333333333333
47 0.09609375 0.4510416666666667 0.09531250000000001 0.04791666666666666
48 0.078125 0.5802083333333333 0.034375 0.01875
32 0.051562500000000004 0.4864583333333333 0.040625 0.052083333333333336
40 0.0578125 0.5375 0.065625 0.0625
0 0.05390625 0.40729166666666666 0.1078125 0.08125
