30 0.4546875 0.6625 0.22187500000000002 0.12083333333333333
50 0.43046875 0.534375 0.06406250000000001 0.10625
33 0.31093750000000003 0.49895833333333334 0.046875 0.13541666666666666
17 0.3328125 0.475 0.034375 0.07083333333333333
46 0.259375 0.4583333333333333 0.053125000000000006 0.0625
24 0.27890625 0.6072916666666667 0.06406250000000001 0.08125
49 0.18515625000000002 0.5364583333333334 0.060937500000000006 0.13541666666666666
33 0.15937500000000002 0.6041666666666666 0.07500000000000001 0.17916666666666667
43 0.2109375 0.41041666666666665 0.05625 0.029166666666666667
29 0.1859375 0.384375 0.065625 0.01875
18 0.1625 0.43854166666666666 0.059375000000000004 0.03125
18 0.13828125 0.7885416666666667 0.1484375 0.06041666666666667
48 0.11328125 0.4114583333333333 0.0234375 0.01875
29 0.09062500000000001 0.49374999999999997 0.065625 0.041666666666666664
25 0.0625 0.6583333333333333 0.040625 0.06666666666666667
47 0.049218750000000006 0.459375 0.09531250000000001 0.052083333333333336
48 0.030468750000000003 0.59375 0.0328125 0.020833333333333332
