30 0.5296875 0.659375 0.22187500000000002 0.10208333333333333
50 0.5085937500000001 0.5333333333333333 0.060937500000000006 0.10416666666666667
33 0.39296875000000003 0.49166666666666664 0.0421875 0.13333333333333333
17 0.415625 0.46875 0.03125 0.07083333333333333
46 0.34453125 0.45 0.0484375 0.058333333333333334
24 0.35859375000000004 0.5947916666666666 0.0546875 0.07291666666666667
49 0.27265625 0.5229166666666667 0.0484375 0.13333333333333333
33 0.25 0.584375 0.0625 0.17291666666666666
43 0.296875 0.40208333333333335 0.053125000000000006 0.029166666666666667
29 0.275 0.37395833333333334 0.0625 0.01875
18 0.246875 0.4270833333333333 0.059375000000000004 0.029166666666666667
18 0.22265625 0.7635416666666667 0.1421875 0.052083333333333336
48 0.2078125 0.3989583333333333 0.021875000000000002 0.01875
29 0.18906250000000002 0.4770833333333333 0.059375000000000004 0.0375
25 0.15703125 0.6322916666666667 0.0484375 0.06041666666666667
47 0.146875 0.440625 0.09062500000000001 0.04791666666666666
48 0.125 0.56875 0.034375 0.020833333333333332
32 0.1015625 0.4770833333333333 0.037500000000000006 0.05
40 0.10546875 0.5260416666666666 0.06406250000000001 0.06041666666666667
0 0.09921875000000001 0.396875 0.11093750000000001 0.07708333333333334
