8 0.96875 0.671875 0.059375000000000004 0.07708333333333334
10 0.85703125 0.728125 0.0765625 0.13541666666666666
34 0.8460937500000001 0.5635416666666666 0.21406250000000002 0.19375
36 0.7117187500000001 0.6229166666666667 0.0734375 0.1
13 0.6687500000000001 0.8135416666666666 0.125 0.11458333333333333
25 0.7234375000000001 0.5197916666666667 0.03125 0.052083333333333336
15 0.7117187500000001 0.44687499999999997 0.09531250000000001 0.07708333333333334
9 0.665625 0.5322916666666666 0.115625 0.14375
49 0.6984375 0.3052083333333333 0.046875 0.17291666666666666
0 0.6781250000000001 0.41562499999999997 0.109375 0.06875
1 0.6390625000000001 0.35520833333333335 0.028125 0.08125
40 0.60546875 0.4302083333333333 0.0421875 0.07708333333333334
19 0.578125 0.6520833333333333 0.16562500000000002 0.1625
34 0.55078125 0.521875 0.18906250000000002 0.11041666666666666
14 0.578125 0.3625 0.059375000000000004 0.1
41 0.525 0.428125 0.08125 0.03958333333333333
2 0.50390625 0.40208333333333335 0.0578125 0.025
48 0.5109375 0.46770833333333334 0.028125 0.022916666666666665
