8 0.36875 0.5947916666666666 0.046875 0.06875
10 0.28359375000000003 0.6895833333333333 0.0703125 0.12916666666666665
34 0.24140625000000002 0.540625 0.1921875 0.16458333333333333
36 0.1265625 0.6510416666666666 0.08125 0.10625
13 0.11875000000000001 0.8635416666666667 0.12187500000000001 0.14791666666666667
25 0.1203125 0.5395833333333333 0.037500000000000006 0.058333333333333334
15 0.08828125 0.4708333333333333 0.1078125 0.09166666666666666
9 0.06171875 0.5677083333333334 0.1078125 0.16041666666666665
49 0.0484375 0.32708333333333334 0.07187500000000001 0.18333333333333332
0 0.05625 0.45 0.1125 0.09166666666666666
