8 0.6421875 0.59375 0.05 0.07083333333333333
10 0.553125 0.665625 0.065625 0.12708333333333333
34 0.52578125 0.5145833333333333 0.18281250000000002 0.15416666666666667
36 0.41718750000000004 0.6010416666666667 0.06875 0.09791666666666667
13 0.39296875000000003 0.7927083333333333 0.1203125 0.13958333333333334
25 0.41796875 0.49895833333333334 0.029687500000000002 0.052083333333333336
15 0.39687500000000003 0.434375 0.09062500000000001 0.07708333333333334
9 0.3453125 0.521875 0.125 0.15625
49 0.37343750000000003 0.2989583333333333 0.05 0.17291666666666666
0 0.36328125 0.40625 0.1015625 0.075
1 0.31875000000000003 0.35 0.03125 0.075
40 0.29453125 0.43124999999999997 0.045312500000000006 0.07916666666666666
19 0.284375 0.6583333333333333 0.184375 0.18333333333333332
34 0.240625 0.5322916666666666 0.20625000000000002 0.11041666666666666
14 0.259375 0.36354166666666665 0.065625 0.10625
41 0.20703125 0.440625 0.0921875 0.04375
2 0.18125000000000002 0.4145833333333333 0.0625 0.03333333333333333
48 0.19609375 0.484375 0.029687500000000002 0.022916666666666665
