8 0.76484375 0.6114583333333333 0.051562500000000004 0.07291666666666667
10 0.6687500000000001 0.6770833333333334 0.06875 0.12916666666666665
34 0.64765625 0.5229166666666667 0.18906250000000002 0.16666666666666666
36 0.5320312500000001 0.5989583333333334 0.0703125 0.09791666666666667
13 0.503125 0.7885416666666667 0.115625 0.11875
25 0.5375 0.496875 0.03125 0.052083333333333336
15 0.5203125000000001 0.43124999999999997 0.09062500000000001 0.075
9 0.48046875 0.5135416666666667 0.11406250000000001 0.14375
49 0.49843750000000003 0.2947916666666667 0.043750000000000004 0.16875
0 0.48671875000000003 0.40208333333333335 0.1015625 0.07083333333333333
1 0.446875 0.3458333333333333 0.028125 0.07083333333333333
40 0.41953125 0.4239583333333333 0.0421875 0.07708333333333334
19 0.40546875000000004 0.6427083333333333 0.1765625 0.16875
34 0.36484375 0.5177083333333333 0.20468750000000002 0.11041666666666666
14 0.38671875 0.35833333333333334 0.060937500000000006 0.1
41 0.3359375 0.42604166666666665 0.08750000000000001 0.04375
2 0.31015625 0.4 0.060937500000000006 0.029166666666666667
48 0.32265625000000003 0.46770833333333334 0.029687500000000002 0.022916666666666665
