8 0.853125 0.6291666666666667 0.05625 0.075
10 0.7468750000000001 0.6895833333333333 0.06875 0.12916666666666665
34 0.73359375 0.5322916666666666 0.19843750000000002 0.17708333333333334
36 0.6109375 0.6010416666666667 0.07187500000000001 0.09791666666666667
13 0.5765625 0.7885416666666667 0.12187500000000001 0.11458333333333333
25 0.6156250000000001 0.49895833333333334 0.03125 0.052083333333333336
15 0.6039062500000001 0.43333333333333335 0.09531250000000001 0.075
9 0.55859375 0.5135416666666667 0.11406250000000001 0.14375
49 0.5867187500000001 0.2947916666666667 0.0421875 0.16458333333333333
0 0.5671875000000001 0.40208333333333335 0.10625000000000001 0.07083333333333333
1 0.52890625 0.34479166666666666 0.026562500000000003 0.07291666666666667
40 0.503125 0.42083333333333334 0.043750000000000004 0.07916666666666666
19 0.47890625000000003 0.6354166666666666 0.1703125 0.1625
34 0.45 0.5125 0.1875 0.1125
14 0.47187500000000004 0.3541666666666667 0.059375000000000004 0.1
41 0.42109375000000004 0.421875 0.0859375 0.04375
2 0.40078125000000003 0.3958333333333333 0.060937500000000006 0.025
48 0.4078125 0.4614583333333333 0.028125 0.022916666666666665
