8 0.5632812500000001 0.5885416666666666 0.0484375 0.06875
10 0.47734375 0.6666666666666666 0.0671875 0.125
34 0.44765625000000003 0.5145833333333333 0.18281250000000002 0.15416666666666667
36 0.3375 0.6104166666666666 0.07187500000000001 0.1
13 0.31796875 0.8072916666666666 0.1203125 0.13958333333333334
25 0.33671875 0.50625 0.0328125 0.05416666666666667
15 0.31484375000000003 0.4395833333333333 0.09531250000000001 0.07916666666666666
9 0.2671875 0.5302083333333333 0.125 0.15625
49 0.28515625 0.3020833333333333 0.051562500000000004 0.175
0 0.278125 0.41354166666666664 0.109375 0.07708333333333334
1 0.22968750000000002 0.3572916666666667 0.034375 0.07708333333333334
40 0.20625000000000002 0.440625 0.053125000000000006 0.08541666666666667
19 0.20078125000000002 0.6770833333333334 0.1953125 0.1875
34 0.15234375 0.55 0.22031250000000002 0.12083333333333333
14 0.16796875 0.37395833333333334 0.0671875 0.11041666666666666
41 0.11640625 0.45416666666666666 0.09843750000000001 0.05
2 0.0859375 0.4302083333333333 0.06875 0.035416666666666666
48 0.1046875 0.49895833333333334 0.03125 0.022916666666666665
