8 0.80859375 0.6197916666666666 0.0546875 0.07291666666666667
10 0.7078125000000001 0.6833333333333333 0.06875 0.12916666666666665
34 0.690625 0.5270833333333333 0.19687500000000002 0.175
36 0.56953125 0.5989583333333334 0.0703125 0.09791666666666667
13 0.5390625 0.7885416666666667 0.115625 0.11875
25 0.5765625 0.496875 0.03125 0.052083333333333336
15 0.56171875 0.43124999999999997 0.09531250000000001 0.075
9 0.51953125 0.5135416666666667 0.11406250000000001 0.14375
49 0.54140625 0.29270833333333335 0.0421875 0.16458333333333333
0 0.5281250000000001 0.4010416666666667 0.10312500000000001 0.07291666666666667
1 0.48828125 0.34375 0.026562500000000003 0.075
40 0.4609375 0.421875 0.043750000000000004 0.07708333333333334
19 0.44453125000000004 0.6385416666666667 0.1765625 0.16875
34 0.40937500000000004 0.5135416666666667 0.1875 0.11458333333333333
14 0.4296875 0.353125 0.059375000000000004 0.10208333333333333
41 0.3796875 0.42291666666666666 0.084375 0.041666666666666664
2 0.35625 0.39791666666666664 0.059375000000000004 0.029166666666666667
48 0.36875 0.4635416666666667 0.028125 0.022916666666666665
