8 0.72421875 0.6041666666666666 0.051562500000000004 0.07083333333333333
10 0.6296875000000001 0.671875 0.065625 0.12708333333333333
34 0.6062500000000001 0.5197916666666667 0.1875 0.16458333333333333
36 0.49531250000000004 0.5989583333333334 0.07187500000000001 0.09791666666666667
13 0.46640625 0.7864583333333334 0.1171875 0.11875
25 0.49765625 0.4979166666666667 0.029687500000000002 0.05
15 0.48046875 0.43124999999999997 0.0921875 0.075
9 0.44140625 0.5125 0.11406250000000001 0.14583333333333334
49 0.45859375 0.2947916666666667 0.0421875 0.16875
0 0.4453125 0.40208333333333335 0.10312500000000001 0.07083333333333333
1 0.40468750000000003 0.3458333333333333 0.028125 0.07083333333333333
40 0.3796875 0.425 0.043750000000000004 0.07916666666666666
19 0.36562500000000003 0.6479166666666667 0.178125 0.17083333333333334
34 0.32578125 0.521875 0.20468750000000002 0.11041666666666666
14 0.34687500000000004 0.3572916666666667 0.0625 0.10208333333333333
41 0.29531250000000003 0.43124999999999997 0.08750000000000001 0.04583333333333333
2 0.2703125 0.4041666666666667 0.0625 0.029166666666666667
48 0.284375 0.471875 0.03125 0.022916666666666665
