8 0.52578125 0.5875 0.051562500000000004 0.07083333333333333
10 0.43828125 0.66875 0.0703125 0.12916666666666665
34 0.40703125 0.515625 0.18281250000000002 0.15208333333333332
36 0.2984375 0.615625 0.07187500000000001 0.10208333333333333
13 0.27968750000000003 0.8145833333333333 0.12187500000000001 0.14166666666666666
25 0.29375 0.509375 0.037500000000000006 0.05625
15 0.27109375 0.4427083333333333 0.1015625 0.08125
9 0.22812500000000002 0.534375 0.125 0.15625
49 0.240625 0.3072916666666667 0.05625 0.17708333333333334
0 0.23515625 0.41770833333333335 0.11406250000000001 0.08125
1 0.184375 0.36041666666666666 0.037500000000000006 0.07916666666666666
40 0.15937500000000002 0.44687499999999997 0.053125000000000006 0.08958333333333333
19 0.15859375 0.6895833333333333 0.2015625 0.19583333333333333
34 0.11015625000000001 0.55625 0.22031250000000002 0.12083333333333333
14 0.11953125 0.3802083333333333 0.0765625 0.11458333333333333
41 0.06640625 0.465625 0.1015625 0.052083333333333336
2 0.03671875 0.4375 0.0671875 0.03333333333333333
48 0.05625 0.5114583333333333 0.034375 0.027083333333333334
