8 0.946875 0.6552083333333333 0.059375000000000004 0.07708333333333334
10 0.83359375 0.7104166666666667 0.0765625 0.1375
34 0.8210937500000001 0.546875 0.21406250000000002 0.19375
36 0.6921875000000001 0.6114583333333333 0.07500000000000001 0.10208333333333333
13 0.65 0.796875 0.12187500000000001 0.11458333333333333
25 0.7015625000000001 0.5052083333333334 0.03125 0.052083333333333336
15 0.6890625 0.43645833333333334 0.096875 0.07708333333333334
9 0.64375 0.5197916666666667 0.115625 0.14375
49 0.675 0.29583333333333334 0.043750000000000004 0.16666666666666666
0 0.65390625 0.40520833333333334 0.1078125 0.06875
1 0.61640625 0.346875 0.026562500000000003 0.07708333333333334
40 0.584375 0.42083333333333334 0.043750000000000004 0.07916666666666666
19 0.5578125 0.6385416666666667 0.16562500000000002 0.16458333333333333
34 0.52890625 0.5114583333333333 0.18906250000000002 0.11041666666666666
14 0.55625 0.3541666666666667 0.059375000000000004 0.1
41 0.503125 0.41875 0.08125 0.041666666666666664
2 0.48281250000000003 0.3927083333333333 0.059375000000000004 0.027083333333333334
48 0.48750000000000004 0.459375 0.028125 0.022916666666666665
