28 0.61484375 0.709375 0.0546875 0.08958333333333333
35 0.7289062500000001 0.7854166666666667 0.0703125 0.09583333333333333
38 0.9703125 0.6239583333333333 0.046875 0.06041666666666667
7 0.7468750000000001 0.34791666666666665 0.19687500000000002 0.225
21 0.59921875 0.34479166666666666 0.0765625 0.12708333333333333
40 0.6109375 0.8375 0.078125 0.09583333333333333
21 0.43828125 0.39166666666666666 0.1328125 0.19583333333333333
39 0.30781250000000004 0.475 0.171875 0.1375
10 0.057031250000000006 0.3125 0.11406250000000001 0.30833333333333335
31 0.23593750000000002 0.9166666666666666 0.053125000000000006 0.1
