19 0.6687500000000001 0.7239583333333334 0.23750000000000002 0.18958333333333333
31 0.5828125000000001 0.43854166666666666 0.018750000000000003 0.035416666666666666
31 0.596875 0.5510416666666667 0.025 0.035416666666666666
27 0.35078125000000004 0.6354166666666666 0.11406250000000001 0.05416666666666667
15 0.5007812500000001 0.5833333333333334 0.0921875 0.1
23 0.54453125 0.4114583333333333 0.0671875 0.027083333333333334
23 0.44765625000000003 0.55 0.07968750000000001 0.05416666666666667
1 0.35546875 0.45625 0.0390625 0.1125
42 0.45156250000000003 0.48541666666666666 0.040625 0.05416666666666667
11 0.46875 0.453125 0.2 0.06875
6 0.53828125 0.3729166666666667 0.0484375 0.025
38 0.4890625 0.3572916666666667 0.021875000000000002 0.03125
32 0.44296875 0.3833333333333333 0.0421875 0.05
44 0.328125 0.42916666666666664 0.021875000000000002 0.075
4 0.27968750000000003 0.7645833333333333 0.07500000000000001 0.07916666666666666
39 0.41953125 0.7489583333333333 0.0671875 0.08541666666666667
43 0.55078125 0.509375 0.0328125 0.03125
43 0.35390625000000003 0.3697916666666667 0.0328125 0.035416666666666666
