19 0.7078125000000001 0.7333333333333333 0.23750000000000002 0.1875
31 0.6218750000000001 0.440625 0.018750000000000003 0.035416666666666666
31 0.6359375 0.553125 0.025 0.035416666666666666
27 0.390625 0.6322916666666667 0.115625 0.052083333333333336
15 0.540625 0.584375 0.09375 0.09791666666666667
23 0.58515625 0.4114583333333333 0.0671875 0.027083333333333334
23 0.48671875000000003 0.5520833333333334 0.07968750000000001 0.05416666666666667
1 0.3953125 0.4552083333333333 0.037500000000000006 0.11041666666666666
42 0.49140625000000004 0.4864583333333333 0.0390625 0.052083333333333336
11 0.50703125 0.45416666666666666 0.19843750000000002 0.06666666666666667
6 0.578125 0.37395833333333334 0.046875 0.022916666666666665
38 0.53046875 0.3572916666666667 0.0203125 0.027083333333333334
32 0.48281250000000003 0.3833333333333333 0.040625 0.05
44 0.36875 0.4270833333333333 0.021875000000000002 0.075
4 0.3203125 0.7572916666666667 0.07500000000000001 0.07708333333333334
39 0.4578125 0.7458333333333333 0.065625 0.08333333333333333
43 0.59140625 0.5114583333333333 0.0328125 0.03125
43 0.39296875000000003 0.36875 0.0328125 0.03333333333333333
