27 0.6984375 0.6416666666666666 0.115625 0.05
15 0.87265625 0.6291666666666667 0.1078125 0.10833333333333334
23 0.9453125 0.4552083333333333 0.084375 0.03958333333333333
23 0.81171875 0.58125 0.09531250000000001 0.05
1 0.72421875 0.4635416666666667 0.045312500000000006 0.11458333333333333
42 0.8265625000000001 0.5125 0.046875 0.05416666666666667
11 0.8523437500000001 0.48333333333333334 0.2265625 0.10833333333333334
6 0.94140625 0.409375 0.0578125 0.03125
38 0.8835937500000001 0.384375 0.0234375 0.03125
32 0.82578125 0.40208333333333335 0.0484375 0.05416666666666667
44 0.6984375 0.4302083333333333 0.025 0.07708333333333334
4 0.61875 0.740625 0.07187500000000001 0.07291666666666667
39 0.7578125 0.7760416666666666 0.078125 0.08541666666666667
43 0.9375 0.5604166666666667 0.043750000000000004 0.03333333333333333
