19 0.86640625 0.771875 0.2515625 0.20625
31 0.7937500000000001 0.45729166666666665 0.018750000000000003 0.035416666666666666
31 0.8031250000000001 0.5791666666666666 0.025 0.03333333333333333
27 0.5421875 0.625 0.109375 0.04583333333333333
15 0.7000000000000001 0.5958333333333333 0.09375 0.1
23 0.7507812500000001 0.42604166666666665 0.0703125 0.03125
23 0.6429687500000001 0.5541666666666667 0.07968750000000001 0.05416666666666667
1 0.55625 0.4510416666666667 0.03125 0.11041666666666666
42 0.6507812500000001 0.4875 0.0390625 0.05
11 0.675 0.4583333333333333 0.20625000000000002 0.09583333333333333
6 0.75 0.384375 0.05 0.027083333333333334
38 0.69921875 0.36354166666666665 0.0203125 0.027083333333333334
32 0.6492187500000001 0.3854166666666667 0.0421875 0.05
44 0.534375 0.42083333333333334 0.018750000000000003 0.075
4 0.4703125 0.734375 0.07187500000000001 0.07291666666666667
39 0.60546875 0.7489583333333333 0.0671875 0.08125
43 0.75390625 0.525 0.029687500000000002 0.029166666666666667
43 0.565625 0.36666666666666664 0.034375 0.03333333333333333
