27 0.659375 0.6354166666666666 0.115625 0.05
15 0.828125 0.6166666666666667 0.10625000000000001 0.10416666666666667
23 0.89375 0.44479166666666664 0.08125 0.03958333333333333
23 0.76875 0.5708333333333333 0.09375 0.05
1 0.6804687500000001 0.45729166666666665 0.0390625 0.11041666666666666
42 0.7820312500000001 0.50625 0.045312500000000006 0.05416666666666667
11 0.8070312500000001 0.4791666666666667 0.22031250000000002 0.1
6 0.88984375 0.40208333333333335 0.0546875 0.03333333333333333
38 0.83515625 0.378125 0.0234375 0.03125
32 0.77890625 0.39479166666666665 0.045312500000000006 0.052083333333333336
44 0.6546875000000001 0.42916666666666664 0.021875000000000002 0.075
4 0.58125 0.7364583333333333 0.07187500000000001 0.07291666666666667
39 0.71640625 0.765625 0.0765625 0.08125
43 0.8890625000000001 0.5510416666666667 0.040625 0.03125
43 0.6820312500000001 0.371875 0.0390625 0.035416666666666666
