23 0.9085937500000001 0.6979166666666666 0.09531250000000001 0.07916666666666666
42 0.828125 0.7166666666666667 0.07500000000000001 0.07083333333333333
27 0.8 0.85 0.153125 0.14166666666666666
32 0.9515625000000001 0.86875 0.09375 0.11666666666666667
22 0.6039062500000001 0.803125 0.0890625 0.08541666666666667
19 0.59921875 0.6447916666666667 0.2265625 0.18541666666666667
17 0.40937500000000004 0.7197916666666666 0.07187500000000001 0.10208333333333333
11 0.275 0.6979166666666666 0.33437500000000003 0.1875
43 0.23046875 0.8145833333333333 0.09531250000000001 0.0875
36 0.18906250000000002 0.5802083333333333 0.046875 0.06458333333333333
44 0.49062500000000003 0.9479166666666666 0.046875 0.0875
28 0.0921875 0.8333333333333334 0.10625000000000001 0.10416666666666667
4 0.053125000000000006 0.6979166666666666 0.078125 0.058333333333333334
31 0.01953125 0.7895833333333333 0.0390625 0.07083333333333333
20 0.059375000000000004 0.47812499999999997 0.115625 0.19375
