23 0.73984375 0.65625 0.0859375 0.07916666666666666
42 0.66796875 0.6864583333333333 0.0734375 0.06875
27 0.64375 0.8177083333333334 0.146875 0.12708333333333333
32 0.80078125 0.8072916666666666 0.0859375 0.11875
22 0.45859375 0.803125 0.0890625 0.08958333333333333
19 0.44375000000000003 0.6447916666666667 0.22812500000000002 0.18958333333333333
17 0.2546875 0.7458333333333333 0.08125 0.10833333333333334
45 0.7679687500000001 0.959375 0.1078125 0.08125
43 0.5703125 0.9770833333333333 0.096875 0.04583333333333333
11 0.1421875 0.7364583333333333 0.284375 0.21041666666666667
43 0.065625 0.8729166666666667 0.10625000000000001 0.09166666666666666
36 0.017968750000000002 0.6333333333333333 0.035937500000000004 0.075
44 0.353125 0.959375 0.046875 0.07708333333333334
