42 0.9593750000000001 0.759375 0.07500000000000001 0.08541666666666667
27 0.91796875 0.8916666666666666 0.1609375 0.16666666666666666
22 0.71484375 0.8229166666666666 0.09531250000000001 0.09583333333333333
19 0.7195312500000001 0.6583333333333333 0.2421875 0.1875
17 0.5203125000000001 0.7135416666666666 0.06875 0.10208333333333333
11 0.3953125 0.6739583333333333 0.309375 0.14791666666666667
43 0.34609375000000003 0.7864583333333334 0.0890625 0.08541666666666667
36 0.3203125 0.5614583333333333 0.046875 0.06041666666666667
44 0.5906250000000001 0.953125 0.05625 0.09375
28 0.22109375 0.7885416666666667 0.09843750000000001 0.09375
4 0.18671875000000002 0.6572916666666666 0.0765625 0.04791666666666666
31 0.14453125 0.74375 0.045312500000000006 0.07083333333333333
20 0.1921875 0.453125 0.10625000000000001 0.18958333333333333
6 0.05078125 0.7020833333333333 0.0390625 0.07916666666666666
