23 0.78125 0.6645833333333333 0.08750000000000001 0.07916666666666666
42 0.70625 0.690625 0.07187500000000001 0.06875
27 0.6820312500000001 0.8239583333333333 0.1484375 0.13125
32 0.8421875000000001 0.8197916666666667 0.08750000000000001 0.11875
22 0.49296875 0.8010416666666667 0.0921875 0.08958333333333333
19 0.48046875 0.6427083333333333 0.2265625 0.18958333333333333
17 0.2921875 0.7364583333333333 0.078125 0.10625
45 0.8078125 0.965625 0.109375 0.06875
43 0.6062500000000001 0.9770833333333333 0.096875 0.04583333333333333
11 0.16171875000000002 0.7291666666666666 0.32343750000000004 0.21666666666666667
43 0.10859375 0.853125 0.1046875 0.09375
36 0.05625 0.6177083333333333 0.053125000000000006 0.06875
44 0.3875 0.9541666666666666 0.046875 0.08333333333333333
