23 0.9546875 0.7135416666666666 0.08750000000000001 0.08958333333333333
42 0.8757812500000001 0.7291666666666666 0.08281250000000001 0.075
27 0.8406250000000001 0.8624999999999999 0.16562500000000002 0.15416666666666667
22 0.6414062500000001 0.8072916666666666 0.0890625 0.08541666666666667
19 0.63828125 0.6489583333333333 0.2265625 0.18541666666666667
17 0.446875 0.715625 0.07187500000000001 0.10208333333333333
11 0.3140625 0.6916666666666667 0.33437500000000003 0.1875
43 0.26796875000000003 0.80625 0.09531250000000001 0.0875
36 0.23750000000000002 0.575 0.046875 0.0625
44 0.52109375 0.9510416666666667 0.0578125 0.09375
28 0.1390625 0.8166666666666667 0.1 0.09583333333333333
4 0.09921875000000001 0.6833333333333333 0.0765625 0.058333333333333334
31 0.057031250000000006 0.7708333333333334 0.051562500000000004 0.07083333333333333
20 0.10234375000000001 0.4708333333333333 0.1171875 0.19583333333333333
