23 0.7718750000000001 0.9249999999999999 0.09062500000000001 0.15
23 0.58046875 0.6375 0.07968750000000001 0.075
42 0.51484375 0.675 0.0703125 0.07083333333333333
27 0.496875 0.8104166666666667 0.14375000000000002 0.1125
32 0.64375 0.771875 0.07500000000000001 0.11875
22 0.31015625 0.8291666666666666 0.09531250000000001 0.09166666666666666
19 0.28359375000000003 0.6666666666666666 0.2390625 0.19583333333333333
17 0.084375 0.7979166666666666 0.08750000000000001 0.11666666666666667
45 0.6257812500000001 0.9406249999999999 0.0890625 0.10625
43 0.4453125 0.9729166666666667 0.084375 0.041666666666666664
