23 0.86875 0.6854166666666667 0.096875 0.07916666666666666
42 0.7890625 0.7072916666666667 0.07500000000000001 0.07291666666666667
27 0.7601562500000001 0.8385416666666666 0.1546875 0.14375
32 0.92734375 0.8489583333333334 0.09531250000000001 0.11875
22 0.56640625 0.8020833333333334 0.0890625 0.0875
19 0.5593750000000001 0.6427083333333333 0.22812500000000002 0.18541666666666667
17 0.37109375 0.7229166666666667 0.0734375 0.10416666666666667
11 0.234375 0.7052083333333333 0.33437500000000003 0.18958333333333333
43 0.19062500000000002 0.8239583333333333 0.096875 0.08958333333333333
36 0.15000000000000002 0.5947916666666666 0.046875 0.06458333333333333
44 0.45625000000000004 0.95 0.046875 0.0875
28 0.053125000000000006 0.85 0.10625000000000001 0.10416666666666667
4 0.026562500000000003 0.7135416666666666 0.053125000000000006 0.06458333333333333
