22 0.8148437500000001 0.853125 0.09531250000000001 0.08958333333333333
19 0.8289062500000001 0.6875 0.2546875 0.19166666666666665
17 0.6171875 0.7239583333333334 0.07500000000000001 0.10208333333333333
11 0.49375 0.6770833333333334 0.30625 0.1375
43 0.4421875 0.7802083333333333 0.08750000000000001 0.08541666666666667
36 0.42421875000000003 0.5552083333333333 0.045312500000000006 0.06041666666666667
28 0.32343750000000004 0.7697916666666667 0.09375 0.08958333333333333
4 0.29609375 0.6395833333333333 0.0734375 0.05
31 0.25546875 0.71875 0.045312500000000006 0.06666666666666667
20 0.31171875000000004 0.44479166666666664 0.09531250000000001 0.18541666666666667
6 0.1703125 0.675 0.034375 0.07916666666666666
