23 0.88984375 0.9427083333333334 0.09843750000000001 0.11458333333333333
23 0.6976562500000001 0.65 0.07968750000000001 0.075
42 0.62890625 0.68125 0.0703125 0.07083333333333333
27 0.6046875 0.8125 0.14375000000000002 0.11666666666666667
32 0.7609375 0.7947916666666667 0.08125 0.11875
22 0.421875 0.8072916666666666 0.09062500000000001 0.08958333333333333
19 0.40468750000000003 0.65 0.23125 0.19583333333333333
17 0.21250000000000002 0.753125 0.084375 0.11458333333333333
45 0.7273437500000001 0.9541666666666666 0.1078125 0.09166666666666666
43 0.5359375000000001 0.975 0.096875 0.04583333333333333
11 0.12187500000000001 0.7375 0.24375000000000002 0.19583333333333333
43 0.0390625 0.8927083333333333 0.078125 0.08958333333333333
