23 0.80859375 0.93125 0.0890625 0.1375
23 0.6195312500000001 0.6395833333333333 0.07968750000000001 0.075
42 0.55234375 0.675 0.0703125 0.07083333333333333
27 0.53359375 0.8104166666666667 0.1421875 0.1125
32 0.68125 0.7791666666666667 0.07500000000000001 0.11666666666666667
22 0.3484375 0.821875 0.09375 0.08958333333333333
19 0.32265625000000003 0.659375 0.2390625 0.19375
17 0.1296875 0.7833333333333333 0.08750000000000001 0.11666666666666667
45 0.66171875 0.9447916666666667 0.0890625 0.10625
43 0.4765625 0.9729166666666667 0.084375 0.041666666666666664
11 0.07890625000000001 0.7458333333333333 0.15781250000000002 0.1625
