5 0.33046875000000003 0.759375 0.1171875 0.07291666666666667
30 0.31171875000000004 0.5375 0.1546875 0.24166666666666667
27 0.77890625 0.7239583333333334 0.1296875 0.10625
33 0.6203125 0.6302083333333334 0.05625 0.20208333333333334
8 0.6742187500000001 0.578125 0.0546875 0.08541666666666667
35 0.6765625000000001 0.49895833333333334 0.046875 0.05625
28 0.55859375 0.5479166666666666 0.06406250000000001 0.05416666666666667
32 0.47421875 0.6072916666666667 0.07968750000000001 0.09791666666666667
34 0.4 0.428125 0.146875 0.28125
5 0.48828125 0.7385416666666667 0.051562500000000004 0.13958333333333334
26 0.6296875000000001 0.7875 0.05 0.05416666666666667
5 0.18984375 0.7541666666666667 0.0421875 0.1125
29 0.10703125000000001 0.8604166666666666 0.15781250000000002 0.10416666666666667
20 0.07265625 0.47291666666666665 0.1453125 0.3416666666666667
31 0.022656250000000003 0.6802083333333333 0.045312500000000006 0.06458333333333333
