5 0.6156250000000001 0.7447916666666666 0.109375 0.09375
30 0.6234375000000001 0.521875 0.1375 0.21875
33 0.94140625 0.703125 0.0859375 0.22291666666666665
28 0.884375 0.5895833333333333 0.07500000000000001 0.06666666666666667
32 0.77734375 0.6364583333333333 0.0765625 0.10625
34 0.7289062500000001 0.43645833333333334 0.1546875 0.29791666666666666
5 0.7828125 0.7729166666666667 0.040625 0.1375
26 0.9398437500000001 0.8666666666666667 0.06406250000000001 0.06666666666666667
5 0.48750000000000004 0.7083333333333334 0.046875 0.10833333333333334
29 0.4109375 0.7822916666666666 0.134375 0.11041666666666666
20 0.4109375 0.4302083333333333 0.10625000000000001 0.3104166666666667
31 0.34765625 0.6010416666666667 0.051562500000000004 0.06041666666666667
21 0.31562500000000004 0.6614583333333334 0.08125 0.13541666666666666
2 0.34140625 0.496875 0.0734375 0.03958333333333333
21 0.25234375000000003 0.440625 0.06406250000000001 0.08541666666666667
11 0.2015625 0.5583333333333333 0.290625 0.125
36 0.14765625000000002 0.6729166666666666 0.0765625 0.1
26 0.039843750000000004 0.65 0.0328125 0.05416666666666667
