13 0.10859375 0.8229166666666666 0.1328125 0.075
30 0.08671875000000001 0.5833333333333334 0.1609375 0.2791666666666667
27 0.565625 0.6916666666666667 0.12812500000000002 0.09583333333333333
33 0.41250000000000003 0.6333333333333333 0.05625 0.2
8 0.46171875 0.5697916666666667 0.0546875 0.08541666666666667
35 0.4578125 0.4927083333333333 0.043750000000000004 0.05625
28 0.34609375000000003 0.553125 0.0671875 0.06041666666666667
32 0.25546875 0.634375 0.07968750000000001 0.09375
34 0.16015625 0.45208333333333334 0.18906250000000002 0.3
5 0.2859375 0.7645833333333333 0.046875 0.13333333333333333
26 0.43046875 0.78125 0.0484375 0.058333333333333334
