5 0.76484375 0.775 0.1046875 0.09583333333333333
30 0.7875000000000001 0.5447916666666667 0.15625 0.21875
32 0.946875 0.6802083333333333 0.08750000000000001 0.11875
34 0.91015625 0.459375 0.1765625 0.31875
5 0.94921875 0.828125 0.0484375 0.14375
5 0.63046875 0.7125 0.0484375 0.1
29 0.55078125 0.7791666666666667 0.13593750000000002 0.1125
20 0.56953125 0.4270833333333333 0.09843750000000001 0.30416666666666664
31 0.49921875000000004 0.5916666666666667 0.0484375 0.05416666666666667
21 0.46718750000000003 0.6458333333333334 0.07500000000000001 0.12916666666666665
2 0.49609375 0.4875 0.0703125 0.029166666666666667
21 0.41640625000000003 0.428125 0.0578125 0.08125
11 0.36484375 0.5364583333333334 0.2671875 0.08958333333333333
36 0.31093750000000003 0.6375 0.06875 0.09166666666666666
26 0.21484375 0.6072916666666667 0.026562500000000003 0.04791666666666666
