5 0.65234375 0.75 0.1078125 0.09166666666666666
30 0.6648437500000001 0.528125 0.1484375 0.21458333333333332
33 0.9734375000000001 0.7166666666666667 0.053125000000000006 0.22083333333333333
28 0.92890625 0.6052083333333333 0.0765625 0.06875
32 0.8171875000000001 0.6447916666666667 0.078125 0.10625
34 0.7734375 0.44375 0.15937500000000002 0.30416666666666664
5 0.821875 0.7864583333333334 0.040625 0.13958333333333334
26 0.9750000000000001 0.8916666666666666 0.046875 0.07083333333333333
5 0.5234375 0.709375 0.046875 0.10625
29 0.44843750000000004 0.7822916666666666 0.134375 0.11041666666666666
20 0.45156250000000003 0.4270833333333333 0.10312500000000001 0.30416666666666664
31 0.38593750000000004 0.5979166666666667 0.05 0.058333333333333334
21 0.35390625000000003 0.6572916666666666 0.07968750000000001 0.13541666666666666
2 0.38203125000000004 0.4927083333333333 0.0734375 0.035416666666666666
21 0.2921875 0.4354166666666667 0.065625 0.0875
11 0.24296875 0.553125 0.2859375 0.11458333333333333
36 0.1875 0.6625 0.07500000000000001 0.1
26 0.08671875000000001 0.6375 0.0328125 0.05416666666666667
