5 0.43828125 0.7458333333333333 0.1078125 0.07916666666666666
30 0.43046875 0.528125 0.1390625 0.22708333333333333
27 0.90390625 0.7572916666666667 0.13593750000000002 0.12291666666666666
33 0.7351562500000001 0.6458333333333334 0.06406250000000001 0.20833333333333334
8 0.79609375 0.596875 0.051562500000000004 0.08125
35 0.80078125 0.5145833333333333 0.0484375 0.05416666666666667
28 0.6781250000000001 0.5552083333333333 0.06875 0.05625
32 0.584375 0.609375 0.07187500000000001 0.09791666666666667
34 0.5203125000000001 0.425 0.14375000000000002 0.2833333333333333
5 0.59609375 0.7427083333333333 0.0421875 0.13958333333333334
26 0.7406250000000001 0.8052083333333333 0.053125000000000006 0.05625
5 0.30546875 0.721875 0.045312500000000006 0.10625
29 0.22812500000000002 0.8197916666666667 0.146875 0.10625
20 0.19843750000000002 0.4510416666666667 0.140625 0.32708333333333334
31 0.14609375 0.6395833333333333 0.060937500000000006 0.0625
21 0.11328125 0.7083333333333334 0.0890625 0.14166666666666666
2 0.134375 0.5302083333333333 0.084375 0.05625
21 0.030468750000000003 0.47812499999999997 0.060937500000000006 0.09375
11 0.0734375 0.5979166666666667 0.140625 0.1375
