5 0.6898437500000001 0.75625 0.1078125 0.09166666666666666
30 0.7046875 0.53125 0.146875 0.2125
28 0.9695312500000001 0.6125 0.0578125 0.07083333333333333
32 0.8617187500000001 0.6541666666666667 0.0859375 0.12083333333333333
34 0.8203125 0.4479166666666667 0.16562500000000002 0.3125
5 0.86484375 0.796875 0.0484375 0.14375
5 0.55859375 0.7041666666666666 0.0484375 0.10833333333333334
29 0.48046875 0.7760416666666666 0.1328125 0.11041666666666666
20 0.4890625 0.425 0.096875 0.30416666666666664
31 0.4234375 0.59375 0.05 0.058333333333333334
21 0.39140625 0.6552083333333333 0.0734375 0.13958333333333334
2 0.42109375000000004 0.490625 0.0703125 0.03125
21 0.33515625000000004 0.4322916666666667 0.0578125 0.08125
11 0.28515625 0.546875 0.2828125 0.10208333333333333
36 0.23203125000000002 0.6510416666666666 0.0703125 0.09375
26 0.12890625 0.6270833333333333 0.026562500000000003 0.04583333333333333
