5 0.40468750000000003 0.7479166666666667 0.1125 0.07916666666666666
30 0.39140625 0.5291666666666667 0.1453125 0.22916666666666666
27 0.859375 0.7416666666666667 0.1375 0.125
33 0.696875 0.6395833333333333 0.065625 0.20833333333333334
8 0.7546875000000001 0.590625 0.053125000000000006 0.08125
35 0.7585937500000001 0.5072916666666667 0.0484375 0.05625
28 0.6351562500000001 0.5520833333333334 0.06406250000000001 0.05416666666666667
32 0.54609375 0.6072916666666667 0.0703125 0.09791666666666667
34 0.47968750000000004 0.42291666666666666 0.14375000000000002 0.2833333333333333
5 0.56484375 0.7416666666666667 0.051562500000000004 0.1375
26 0.703125 0.796875 0.053125000000000006 0.05625
5 0.26875 0.7333333333333333 0.046875 0.11666666666666667
29 0.18671875000000002 0.8312499999999999 0.1546875 0.10833333333333334
20 0.15937500000000002 0.45416666666666666 0.140625 0.32916666666666666
31 0.1 0.65 0.059375000000000004 0.0625
21 0.06875 0.7239583333333334 0.09375 0.14791666666666667
2 0.08359375000000001 0.5385416666666667 0.08281250000000001 0.05625
