5 0.36640625000000004 0.7520833333333333 0.11406250000000001 0.07916666666666666
30 0.35234375 0.53125 0.1484375 0.2375
27 0.81953125 0.73125 0.1296875 0.11666666666666667
33 0.6609375000000001 0.6354166666666666 0.05625 0.20416666666666666
8 0.71484375 0.584375 0.0546875 0.08541666666666667
35 0.71640625 0.503125 0.0484375 0.05625
28 0.59609375 0.55 0.06406250000000001 0.05416666666666667
32 0.51015625 0.609375 0.07968750000000001 0.09791666666666667
34 0.43984375000000003 0.42604166666666665 0.1484375 0.28125
5 0.52734375 0.7416666666666667 0.051562500000000004 0.1375
26 0.66796875 0.7895833333333333 0.051562500000000004 0.058333333333333334
5 0.23046875 0.7395833333333334 0.0484375 0.11666666666666667
29 0.15000000000000002 0.8447916666666666 0.15937500000000002 0.10208333333333333
20 0.11406250000000001 0.4635416666666667 0.153125 0.33541666666666664
31 0.06015625 0.6645833333333333 0.060937500000000006 0.0625
21 0.040625 0.7416666666666667 0.07187500000000001 0.15833333333333333
2 0.04296875 0.546875 0.08281250000000001 0.05625
