5 0.25625000000000003 0.775 0.125 0.075
30 0.22890625 0.5510416666666667 0.1640625 0.24791666666666667
27 0.70234375 0.7083333333333334 0.1265625 0.1
33 0.546875 0.6270833333333333 0.05625 0.2
8 0.59765625 0.571875 0.0546875 0.08541666666666667
35 0.59765625 0.490625 0.045312500000000006 0.05625
28 0.484375 0.5458333333333333 0.065625 0.05416666666666667
32 0.39609375 0.6135416666666667 0.07968750000000001 0.09791666666666667
34 0.28203125 0.43854166666666666 0.1640625 0.28541666666666665
5 0.41953125 0.7458333333333333 0.051562500000000004 0.1375
26 0.55859375 0.778125 0.0546875 0.05625
5 0.1078125 0.778125 0.043750000000000004 0.12708333333333333
29 0.05625 0.8958333333333334 0.109375 0.1
