5 0.7273437500000001 0.7666666666666666 0.1046875 0.09583333333333333
30 0.7484375000000001 0.5385416666666667 0.15625 0.21875
32 0.9031250000000001 0.665625 0.08750000000000001 0.11875
34 0.86328125 0.45208333333333334 0.17343750000000002 0.31666666666666665
5 0.90546875 0.8114583333333333 0.0484375 0.14375
5 0.5945312500000001 0.70625 0.0484375 0.1
29 0.5164062500000001 0.7791666666666667 0.13593750000000002 0.1125
20 0.5296875 0.42604166666666665 0.096875 0.3020833333333333
31 0.46015625000000004 0.5927083333333333 0.0484375 0.05625
21 0.4296875 0.6479166666666667 0.07500000000000001 0.12916666666666665
2 0.46171875 0.4895833333333333 0.0703125 0.029166666666666667
21 0.37578125 0.4302083333333333 0.0578125 0.08125
11 0.32421875 0.5416666666666666 0.2703125 0.1
36 0.27187500000000003 0.64375 0.06875 0.09166666666666666
26 0.17265625 0.6166666666666667 0.026562500000000003 0.04583333333333333
