5 0.21640625000000002 0.7895833333333333 0.1234375 0.075
30 0.18671875000000002 0.559375 0.1796875 0.2604166666666667
27 0.6625000000000001 0.7 0.12812500000000002 0.09583333333333333
33 0.5109375 0.6291666666666667 0.05625 0.2
8 0.55859375 0.571875 0.0546875 0.08541666666666667
35 0.56015625 0.49166666666666664 0.045312500000000006 0.05416666666666667
28 0.44375000000000003 0.546875 0.0625 0.052083333333333336
32 0.36015625 0.6177083333333333 0.0765625 0.09791666666666667
34 0.275 0.434375 0.16562500000000002 0.28541666666666665
5 0.38515625000000003 0.7489583333333333 0.051562500000000004 0.13958333333333334
26 0.52578125 0.7791666666666667 0.0546875 0.058333333333333334
5 0.0625 0.79375 0.043750000000000004 0.125
