5 0.8078125 0.7822916666666666 0.1125 0.10208333333333333
30 0.83203125 0.5552083333333333 0.1703125 0.23541666666666666
32 0.9773437500000001 0.6927083333333334 0.0421875 0.11875
34 0.93515625 0.4708333333333333 0.1328125 0.3416666666666667
5 0.98359375 0.8447916666666666 0.0328125 0.14791666666666667
5 0.66953125 0.7166666666666667 0.0484375 0.1
29 0.5890625 0.7791666666666667 0.134375 0.11666666666666667
20 0.6140625000000001 0.42604166666666665 0.1 0.30625
31 0.53828125 0.5916666666666667 0.0484375 0.05416666666666667
21 0.5046875000000001 0.6458333333333334 0.07500000000000001 0.12916666666666665
2 0.53671875 0.4875 0.0703125 0.029166666666666667
21 0.45546875000000003 0.42604166666666665 0.0578125 0.08125
11 0.40390625 0.5333333333333333 0.26406250000000003 0.0875
36 0.3515625 0.63125 0.065625 0.0875
26 0.25625000000000003 0.5989583333333334 0.025 0.04375
