22 0.83984375 0.8624999999999999 0.1171875 0.10416666666666667
43 0.9070312500000001 0.665625 0.09843750000000001 0.08541666666666667
49 0.7820312500000001 0.65625 0.0703125 0.175
7 0.628125 0.5927083333333333 0.1875 0.21458333333333332
12 0.5789062500000001 0.765625 0.1609375 0.17291666666666666
30 0.728125 0.49374999999999997 0.134375 0.0625
17 0.77265625 0.41770833333333335 0.0484375 0.06458333333333333
0 0.6703125000000001 0.4197916666666667 0.1125 0.08958333333333333
24 0.84140625 0.3802083333333333 0.0546875 0.04375
29 0.95703125 0.50625 0.07968750000000001 0.04583333333333333
50 0.8617187500000001 0.496875 0.1171875 0.09375
14 0.82421875 0.5635416666666666 0.1484375 0.13958333333333334
9 0.69296875 0.3145833333333333 0.051562500000000004 0.15
