22 0.9265625000000001 0.8947916666666667 0.13125 0.10208333333333333
49 0.86875 0.6770833333333334 0.07187500000000001 0.18333333333333332
7 0.7109375 0.6010416666666667 0.203125 0.22291666666666665
12 0.6531250000000001 0.7739583333333333 0.16875 0.16875
30 0.81796875 0.503125 0.1390625 0.05625
17 0.8671875 0.4302083333333333 0.05 0.06875
0 0.7578125 0.4270833333333333 0.1125 0.0875
24 0.94296875 0.39479166666666665 0.0546875 0.04375
50 0.9500000000000001 0.5135416666666667 0.096875 0.09375
14 0.91953125 0.5822916666666667 0.1546875 0.15208333333333332
9 0.7859375000000001 0.3208333333333333 0.05625 0.15416666666666667
