32 0.8031250000000001 0.7854166666666667 0.08125 0.11666666666666667
22 0.60859375 0.8114583333333333 0.1015625 0.11041666666666666
46 0.7312500000000001 0.6447916666666667 0.059375000000000004 0.11875
18 0.74765625 0.5916666666666667 0.1078125 0.06666666666666667
44 0.7195312500000001 0.525 0.0546875 0.0375
43 0.6507812500000001 0.615625 0.0859375 0.06458333333333333
49 0.5437500000000001 0.6291666666666667 0.05625 0.16666666666666666
7 0.39296875000000003 0.5864583333333333 0.1859375 0.21458333333333332
12 0.35468750000000004 0.7770833333333333 0.15625 0.19583333333333333
30 0.48281250000000003 0.4770833333333333 0.12812500000000002 0.06666666666666667
17 0.51875 0.4041666666666667 0.043750000000000004 0.0625
0 0.421875 0.4145833333333333 0.10625000000000001 0.08333333333333333
33 0.51484375 0.3677083333333333 0.0484375 0.04375
24 0.57734375 0.36041666666666666 0.045312500000000006 0.0375
48 0.63984375 0.371875 0.010937500000000001 0.03125
48 0.6546875000000001 0.396875 0.009375000000000001 0.027083333333333334
29 0.59296875 0.40208333333333335 0.0703125 0.029166666666666667
29 0.6820312500000001 0.465625 0.0671875 0.035416666666666666
50 0.6015625 0.465625 0.1 0.07708333333333334
14 0.578125 0.5364583333333334 0.12812500000000002 0.13541666666666666
