22 0.88203125 0.8781249999999999 0.1234375 0.10208333333333333
43 0.94921875 0.6770833333333334 0.09531250000000001 0.09166666666666666
49 0.82421875 0.6677083333333333 0.0734375 0.17708333333333334
7 0.6671875 0.596875 0.1875 0.21458333333333332
12 0.61484375 0.7677083333333333 0.1609375 0.16875
30 0.7718750000000001 0.496875 0.14375000000000002 0.06041666666666667
17 0.81953125 0.42083333333333334 0.0484375 0.06666666666666667
0 0.7125 0.42291666666666666 0.1125 0.0875
24 0.8929687500000001 0.3854166666666667 0.0546875 0.04583333333333333
50 0.91328125 0.50625 0.1203125 0.09583333333333333
14 0.8765625 0.5739583333333333 0.1625 0.15208333333333332
9 0.7375 0.31666666666666665 0.053125000000000006 0.15416666666666667
