32 0.721875 0.7666666666666666 0.078125 0.11666666666666667
22 0.53671875 0.80625 0.09843750000000001 0.1125
46 0.65 0.6322916666666667 0.05625 0.11875
18 0.6648437500000001 0.584375 0.1046875 0.052083333333333336
44 0.6390625000000001 0.51875 0.05 0.03333333333333333
43 0.5734375 0.6083333333333333 0.084375 0.0625
49 0.46640625 0.628125 0.0546875 0.16458333333333333
7 0.31328125 0.59375 0.18906250000000002 0.22083333333333333
12 0.28046875 0.7916666666666666 0.1609375 0.20833333333333334
30 0.40234375 0.48125 0.1296875 0.07083333333333333
17 0.43671875000000004 0.4041666666666667 0.045312500000000006 0.0625
0 0.33984375 0.41875 0.11406250000000001 0.0875
33 0.43359375 0.3697916666666667 0.0484375 0.04375
24 0.49453125000000003 0.35833333333333334 0.045312500000000006 0.0375
48 0.5554687500000001 0.36875 0.010937500000000001 0.029166666666666667
48 0.5703125 0.3927083333333333 0.009375000000000001 0.027083333333333334
29 0.51171875 0.40208333333333335 0.0671875 0.029166666666666667
29 0.5984375000000001 0.459375 0.065625 0.035416666666666666
50 0.521875 0.4635416666666667 0.1 0.07708333333333334
14 0.49843750000000003 0.534375 0.12812500000000002 0.13541666666666666
