32 0.68359375 0.7583333333333333 0.0703125 0.11666666666666667
22 0.49921875000000004 0.8052083333333333 0.09531250000000001 0.11458333333333333
46 0.6101562500000001 0.628125 0.0578125 0.11875
18 0.625 0.5791666666666666 0.1 0.05
44 0.5984375000000001 0.5145833333333333 0.05 0.03333333333333333
43 0.534375 0.60625 0.084375 0.0625
49 0.4296875 0.628125 0.05625 0.16875
7 0.2703125 0.6010416666666667 0.19062500000000002 0.22291666666666665
12 0.2421875 0.8020833333333334 0.16562500000000002 0.2125
30 0.359375 0.48333333333333334 0.134375 0.07083333333333333
17 0.39609375 0.40520833333333334 0.045312500000000006 0.06458333333333333
0 0.296875 0.42291666666666666 0.1125 0.0875
33 0.3921875 0.37083333333333335 0.046875 0.041666666666666664
24 0.45390625 0.36041666666666666 0.045312500000000006 0.0375
48 0.51484375 0.3677083333333333 0.010937500000000001 0.03125
48 0.5296875 0.39166666666666666 0.009375000000000001 0.029166666666666667
29 0.47187500000000004 0.40208333333333335 0.065625 0.029166666666666667
29 0.55859375 0.4583333333333333 0.06406250000000001 0.03333333333333333
50 0.48281250000000003 0.46041666666666664 0.1 0.075
14 0.45937500000000003 0.5364583333333334 0.12812500000000002 0.13958333333333334
