11 0.62890625 0.7447916666666666 0.2890625 0.17291666666666666
5 0.53671875 0.8947916666666667 0.1015625 0.13125
16 0.81953125 0.7208333333333333 0.0546875 0.10833333333333334
23 0.375 0.79375 0.146875 0.0875
26 0.31562500000000004 0.7135416666666666 0.043750000000000004 0.035416666666666666
0 0.72265625 0.921875 0.2859375 0.15208333333333332
18 0.6156250000000001 0.65 0.115625 0.07083333333333333
3 0.20859375000000002 0.6927083333333334 0.2734375 0.18958333333333333
3 0.4265625 0.6375 0.178125 0.15833333333333333
19 0.3296875 0.9135416666666667 0.309375 0.16875
6 0.2421875 0.7927083333333333 0.1 0.12291666666666666
6 0.74765625 0.6208333333333333 0.07968750000000001 0.0625
4 0.8367187500000001 0.8333333333333334 0.09531250000000001 0.10416666666666667
