11 0.915625 0.8468749999999999 0.16562500000000002 0.13125
5 0.87421875 0.9562499999999999 0.1203125 0.08333333333333333
23 0.7093750000000001 0.8041666666666667 0.15625 0.11666666666666667
26 0.6609375000000001 0.7072916666666667 0.043750000000000004 0.035416666666666666
3 0.5671875000000001 0.65625 0.24375000000000002 0.175
3 0.78671875 0.675 0.2078125 0.19583333333333333
19 0.65546875 0.9166666666666666 0.3015625 0.16666666666666666
6 0.5828125000000001 0.7552083333333334 0.096875 0.09375
3 0.3765625 0.85625 0.23125 0.25416666666666665
15 0.37265625 0.625 0.1234375 0.12916666666666665
20 0.28203125 0.503125 0.17343750000000002 0.10208333333333333
4 0.23750000000000002 0.7770833333333333 0.084375 0.075
7 0.15937500000000002 0.6864583333333333 0.31875000000000003 0.18958333333333333
14 0.1875 0.553125 0.15937500000000002 0.14375
