11 0.790625 0.771875 0.31562500000000004 0.15625
5 0.6804687500000001 0.9093749999999999 0.1078125 0.12291666666666666
23 0.525 0.7833333333333333 0.146875 0.0875
26 0.4734375 0.6989583333333333 0.043750000000000004 0.035416666666666666
18 0.775 0.6708333333333333 0.12187500000000001 0.0875
3 0.37343750000000003 0.6645833333333333 0.25625000000000003 0.1875
3 0.5828125000000001 0.6458333333333334 0.184375 0.17083333333333334
19 0.478125 0.90625 0.30312500000000003 0.17916666666666667
6 0.39687500000000003 0.7604166666666666 0.1 0.1125
6 0.9242187500000001 0.6625 0.0921875 0.0625
3 0.19375 0.8770833333333333 0.23750000000000002 0.24166666666666667
15 0.16953125000000002 0.659375 0.1390625 0.13958333333333334
20 0.0765625 0.5447916666666667 0.153125 0.11041666666666666
4 0.03828125 0.8510416666666667 0.0734375 0.09375
