11 0.74921875 0.7635416666666667 0.2984375 0.16041666666666665
5 0.64453125 0.9020833333333333 0.09843750000000001 0.125
16 0.9539062500000001 0.7604166666666666 0.060937500000000006 0.10833333333333334
23 0.48750000000000004 0.7833333333333333 0.146875 0.0875
26 0.43593750000000003 0.7010416666666667 0.043750000000000004 0.035416666666666666
0 0.8187500000000001 0.9406249999999999 0.27187500000000003 0.11875
18 0.7328125000000001 0.6677083333333333 0.115625 0.06875
3 0.33203125 0.6677083333333333 0.2609375 0.18541666666666667
3 0.5437500000000001 0.6385416666666667 0.178125 0.16875
19 0.43984375000000003 0.9083333333333333 0.30781250000000004 0.18333333333333332
6 0.359375 0.7645833333333333 0.1 0.1125
6 0.8773437500000001 0.65 0.0921875 0.0625
4 0.95625 0.8802083333333334 0.084375 0.11041666666666666
3 0.15703125 0.8802083333333334 0.2421875 0.23541666666666666
15 0.11875000000000001 0.6708333333333333 0.1375 0.14166666666666666
20 0.05234375 0.55625 0.1015625 0.1125
