11 0.6671875 0.75 0.28750000000000003 0.17083333333333334
5 0.5734375 0.8947916666666667 0.1 0.13125
16 0.85859375 0.7333333333333333 0.0546875 0.10833333333333334
23 0.41250000000000003 0.7895833333333333 0.146875 0.0875
26 0.35468750000000004 0.7072916666666667 0.043750000000000004 0.035416666666666666
0 0.7562500000000001 0.9270833333333334 0.28750000000000003 0.14583333333333334
18 0.6546875000000001 0.653125 0.115625 0.06875
3 0.2515625 0.6864583333333333 0.27187500000000003 0.18958333333333333
3 0.46406250000000004 0.6354166666666666 0.178125 0.15833333333333333
19 0.36484375 0.9125 0.31093750000000003 0.16666666666666666
6 0.28359375000000003 0.7791666666666667 0.1015625 0.1125
6 0.7875000000000001 0.6291666666666667 0.078125 0.0625
4 0.8757812500000001 0.8458333333333333 0.09531250000000001 0.10416666666666667
3 0.10078125 0.8927083333333333 0.2015625 0.21041666666666667
15 0.05078125 0.7010416666666667 0.09843750000000001 0.14791666666666667
