11 0.5140625 0.7458333333333333 0.278125 0.2
5 0.43046875 0.9010416666666666 0.09531250000000001 0.13125
16 0.696875 0.6947916666666667 0.043750000000000004 0.10625
23 0.2625 0.8166666666666667 0.15937500000000002 0.1125
26 0.19843750000000002 0.740625 0.043750000000000004 0.035416666666666666
13 0.83125 0.9260416666666667 0.06875 0.14791666666666667
0 0.62265625 0.9166666666666666 0.27968750000000003 0.16666666666666666
18 0.5007812500000001 0.6458333333333334 0.11093750000000001 0.0625
3 0.11093750000000001 0.7333333333333333 0.22187500000000002 0.2125
3 0.31093750000000003 0.6583333333333333 0.184375 0.17083333333333334
19 0.22031250000000002 0.9249999999999999 0.309375 0.15
6 0.115625 0.8322916666666667 0.10625000000000001 0.13125
6 0.6273437500000001 0.6083333333333333 0.0734375 0.06666666666666667
4 0.7171875000000001 0.8010416666666667 0.09062500000000001 0.09375
