11 0.8539062500000001 0.7958333333333333 0.2890625 0.14583333333333334
5 0.753125 0.928125 0.10625000000000001 0.12291666666666666
23 0.5984375000000001 0.7854166666666667 0.146875 0.0875
26 0.5484375 0.696875 0.043750000000000004 0.035416666666666666
18 0.859375 0.6916666666666667 0.134375 0.09583333333333333
3 0.45234375000000004 0.6583333333333333 0.2546875 0.1875
3 0.6609375000000001 0.653125 0.184375 0.16875
19 0.54921875 0.9052083333333333 0.3015625 0.18125
6 0.4734375 0.7520833333333333 0.1 0.1125
3 0.26953125 0.859375 0.2421875 0.25625
15 0.2515625 0.6416666666666666 0.13125 0.12916666666666665
20 0.15156250000000002 0.5229166666666667 0.17500000000000002 0.10416666666666667
4 0.11015625000000001 0.8177083333333334 0.0921875 0.08958333333333333
7 0.09843750000000001 0.7197916666666666 0.19687500000000002 0.18541666666666667
14 0.06796875000000001 0.5864583333333333 0.13593750000000002 0.14791666666666667
