11 0.70859375 0.7552083333333334 0.2984375 0.16041666666666665
5 0.60859375 0.896875 0.09843750000000001 0.12708333333333333
16 0.9070312500000001 0.7458333333333333 0.060937500000000006 0.10833333333333334
23 0.45 0.7854166666666667 0.146875 0.0875
26 0.39687500000000003 0.7041666666666666 0.043750000000000004 0.0375
0 0.7914062500000001 0.9322916666666666 0.2859375 0.13541666666666666
18 0.6937500000000001 0.659375 0.115625 0.06875
3 0.29375 0.675 0.2625 0.1875
3 0.5046875000000001 0.6364583333333333 0.178125 0.16875
19 0.403125 0.9093749999999999 0.309375 0.17708333333333334
6 0.3203125 0.7708333333333334 0.1 0.1125
6 0.83359375 0.6375 0.0859375 0.0625
4 0.921875 0.8635416666666667 0.10625000000000001 0.10625
3 0.12109375 0.8885416666666667 0.2390625 0.22291666666666665
15 0.07500000000000001 0.6822916666666666 0.146875 0.14375
