11 0.8953125000000001 0.8312499999999999 0.209375 0.12916666666666665
5 0.83359375 0.9489583333333333 0.1171875 0.09791666666666667
23 0.6734375 0.79375 0.146875 0.0875
26 0.6234375000000001 0.703125 0.043750000000000004 0.035416666666666666
18 0.9398437500000001 0.7197916666666666 0.1171875 0.10208333333333333
3 0.5281250000000001 0.6541666666666667 0.24375000000000002 0.175
3 0.74140625 0.6645833333333333 0.1953125 0.1875
19 0.62109375 0.9166666666666666 0.3015625 0.16666666666666666
6 0.5484375 0.75 0.1 0.1125
3 0.340625 0.859375 0.234375 0.26875
15 0.33359375 0.6291666666666667 0.1234375 0.12916666666666665
20 0.24296875 0.509375 0.17343750000000002 0.10208333333333333
4 0.1953125 0.7885416666666667 0.09062500000000001 0.08541666666666667
7 0.140625 0.7 0.278125 0.19583333333333333
14 0.14609375 0.5625 0.16718750000000002 0.15
