3 0.55625 0.88125 0.34687500000000004 0.2375
1 0.5945312500000001 0.640625 0.051562500000000004 0.15625
10 0.4703125 0.625 0.046875 0.12916666666666665
23 0.2734375 0.753125 0.109375 0.13125
2 0.2765625 0.8697916666666666 0.146875 0.11875
4 0.6960937500000001 0.8416666666666667 0.09531250000000001 0.0875
3 0.3515625 0.6239583333333333 0.20625000000000002 0.16458333333333333
6 0.5546875 0.5833333333333334 0.043750000000000004 0.07083333333333333
0 0.1328125 0.6302083333333334 0.1875 0.14791666666666667
22 0.10546875 0.803125 0.0671875 0.12291666666666666
24 0.26875 0.9708333333333333 0.05625 0.05416666666666667
5 0.1390625 0.9520833333333333 0.10625000000000001 0.09583333333333333
