3 0.48359375000000004 0.88125 0.3484375 0.22916666666666666
1 0.5171875 0.6395833333333333 0.05 0.15416666666666667
10 0.39609375 0.6322916666666667 0.051562500000000004 0.13958333333333334
23 0.18984375 0.7770833333333333 0.1171875 0.1375
2 0.19921875 0.9010416666666666 0.1609375 0.11875
4 0.62109375 0.8312499999999999 0.09531250000000001 0.0875
3 0.2703125 0.634375 0.22187500000000002 0.17291666666666666
6 0.47578125000000004 0.5833333333333334 0.045312500000000006 0.07083333333333333
0 0.0734375 0.65625 0.14375000000000002 0.15416666666666667
22 0.025781250000000002 0.8447916666666666 0.051562500000000004 0.11875
