3 0.70078125 0.8864583333333333 0.35468750000000004 0.22291666666666665
1 0.7546875000000001 0.6635416666666667 0.0625 0.16458333333333333
10 0.625 0.63125 0.05 0.13333333333333333
23 0.42578125 0.7270833333333333 0.09843750000000001 0.12083333333333333
2 0.42500000000000004 0.8395833333333333 0.1375 0.13333333333333333
4 0.85078125 0.8864583333333333 0.11093750000000001 0.08541666666666667
3 0.509375 0.6166666666666667 0.2 0.14166666666666666
6 0.7132812500000001 0.6 0.0484375 0.075
0 0.30546875 0.5947916666666666 0.17343750000000002 0.13541666666666666
22 0.2703125 0.7552083333333334 0.059375000000000004 0.11041666666666666
24 0.40937500000000004 0.95 0.05625 0.075
5 0.2765625 0.9239583333333333 0.134375 0.12291666666666666
7 0.1421875 0.7020833333333333 0.284375 0.17916666666666667
12 0.11328125 0.5479166666666666 0.1015625 0.15
11 0.08984375 0.8572916666666667 0.1765625 0.19375
