3 0.51953125 0.8791666666666667 0.3484375 0.2375
1 0.5546875 0.6395833333333333 0.05 0.15416666666666667
10 0.43281250000000004 0.6302083333333334 0.046875 0.13125
23 0.2328125 0.7635416666666667 0.109375 0.13125
2 0.23984375000000002 0.884375 0.15156250000000002 0.11875
4 0.6585937500000001 0.8354166666666667 0.09531250000000001 0.0875
3 0.3125 0.6302083333333334 0.20625000000000002 0.16458333333333333
6 0.515625 0.5833333333333334 0.043750000000000004 0.07083333333333333
0 0.09453125000000001 0.6416666666666666 0.18906250000000002 0.15
22 0.060937500000000006 0.8239583333333333 0.07187500000000001 0.11875
24 0.23125 0.9739583333333334 0.059375000000000004 0.04375
