10 0.92578125 0.6916666666666667 0.0703125 0.15416666666666667
23 0.6921875000000001 0.7354166666666666 0.09375 0.11666666666666667
2 0.68125 0.8468749999999999 0.1375 0.16458333333333333
3 0.7898437500000001 0.6447916666666667 0.21406250000000002 0.12708333333333333
0 0.58203125 0.5833333333333334 0.1640625 0.1375
22 0.53671875 0.7270833333333333 0.0578125 0.10833333333333334
24 0.65546875 0.9520833333333333 0.0546875 0.07916666666666666
5 0.5281250000000001 0.8864583333333333 0.12812500000000002 0.09791666666666667
7 0.38125000000000003 0.6322916666666667 0.35000000000000003 0.15625
12 0.41015625 0.5104166666666666 0.08281250000000001 0.14166666666666666
11 0.29375 0.790625 0.31875000000000003 0.20208333333333334
9 0.33437500000000003 0.4666666666666667 0.09062500000000001 0.2
3 0.17500000000000002 0.525 0.20625000000000002 0.1
8 0.1796875 0.6104166666666666 0.065625 0.08333333333333333
26 0.11406250000000001 0.6979166666666666 0.021875000000000002 0.041666666666666664
25 0.02890625 0.6614583333333334 0.051562500000000004 0.05625
