3 0.65 0.88125 0.34687500000000004 0.2375
1 0.7125 0.653125 0.053125000000000006 0.15625
10 0.5859375 0.6270833333333333 0.05 0.13333333333333333
23 0.38984375000000004 0.73125 0.1078125 0.12916666666666665
2 0.38828125 0.8468749999999999 0.1421875 0.12708333333333333
4 0.8132812500000001 0.8708333333333333 0.09531250000000001 0.0875
3 0.47109375000000003 0.6135416666666667 0.2015625 0.16458333333333333
6 0.671875 0.59375 0.043750000000000004 0.07083333333333333
0 0.2609375 0.6 0.184375 0.1375
22 0.22968750000000002 0.7645833333333333 0.0625 0.11666666666666667
24 0.375 0.94375 0.05625 0.05416666666666667
5 0.23828125 0.9270833333333334 0.13593750000000002 0.11666666666666667
7 0.12265625000000001 0.7125 0.24531250000000002 0.17916666666666667
12 0.06796875000000001 0.559375 0.11093750000000001 0.15625
