3 0.83359375 0.90625 0.3296875 0.1875
1 0.93125 0.7072916666666667 0.078125 0.18125
10 0.7898437500000001 0.659375 0.0578125 0.13958333333333334
23 0.578125 0.725 0.09375 0.11666666666666667
2 0.5703125 0.834375 0.134375 0.14375
3 0.6687500000000001 0.6229166666666667 0.2 0.1375
6 0.8890625000000001 0.634375 0.05625 0.07291666666666667
0 0.465625 0.5802083333333333 0.16562500000000002 0.13958333333333334
22 0.42421875000000003 0.73125 0.0578125 0.10833333333333334
24 0.5484375 0.9416666666666667 0.05625 0.075
5 0.421875 0.8927083333333333 0.12812500000000002 0.10208333333333333
7 0.26015625000000003 0.6541666666666667 0.3640625 0.17083333333333334
12 0.28984375 0.5208333333333334 0.0921875 0.14166666666666666
11 0.171875 0.8229166666666666 0.33125000000000004 0.22083333333333333
9 0.209375 0.48333333333333334 0.096875 0.20416666666666666
3 0.07421875 0.5552083333333333 0.1484375 0.11041666666666666
8 0.04609375 0.646875 0.06406250000000001 0.08541666666666667
