20 0.525 0.7302083333333333 0.1 0.34791666666666665
6 0.9187500000000001 0.7739583333333333 0.07500000000000001 0.08125
4 0.7835937500000001 0.696875 0.08281250000000001 0.06458333333333333
28 0.8875000000000001 0.59375 0.065625 0.06666666666666667
36 0.60078125 0.6322916666666667 0.0484375 0.07291666666666667
11 0.6984375 0.578125 0.246875 0.15625
43 0.8031250000000001 0.4239583333333333 0.028125 0.03958333333333333
43 0.8250000000000001 0.5520833333333334 0.046875 0.05416666666666667
44 0.8289062500000001 0.46875 0.060937500000000006 0.025
17 0.7125 0.48541666666666666 0.05 0.0625
19 0.6000000000000001 0.4479166666666667 0.13125 0.1
27 0.70703125 0.40520833333333334 0.060937500000000006 0.03125
45 0.7859375000000001 0.384375 0.028125 0.035416666666666666
32 0.69296875 0.375 0.0546875 0.041666666666666664
42 0.63046875 0.38645833333333335 0.029687500000000002 0.03958333333333333
22 0.7265625 0.4395833333333333 0.043750000000000004 0.041666666666666664
31 0.8929687500000001 0.6604166666666667 0.045312500000000006 0.058333333333333334
