20 0.33437500000000003 0.7447916666666666 0.10625000000000001 0.35625
6 0.7109375 0.7197916666666666 0.065625 0.07708333333333334
4 0.5859375 0.6697916666666667 0.07500000000000001 0.06458333333333333
28 0.6703125000000001 0.5552083333333333 0.05625 0.06458333333333333
36 0.40937500000000004 0.6333333333333333 0.05 0.075
11 0.49843750000000003 0.5645833333333333 0.234375 0.13333333333333333
43 0.5890625 0.40625 0.025 0.0375
43 0.6140625000000001 0.5239583333333333 0.040625 0.04791666666666666
44 0.61328125 0.44687499999999997 0.0578125 0.027083333333333334
17 0.50703125 0.47604166666666664 0.045312500000000006 0.06458333333333333
19 0.4 0.44895833333333335 0.12812500000000002 0.10208333333333333
27 0.5 0.39791666666666664 0.05625 0.03333333333333333
45 0.5703125 0.37083333333333335 0.025 0.0375
32 0.48515625 0.3677083333333333 0.051562500000000004 0.035416666666666666
42 0.4265625 0.38229166666666664 0.028125 0.03958333333333333
22 0.51796875 0.4270833333333333 0.045312500000000006 0.041666666666666664
