20 0.41250000000000003 0.7333333333333333 0.1 0.3541666666666667
6 0.79296875 0.7354166666666666 0.0703125 0.07916666666666666
4 0.6640625 0.678125 0.07500000000000001 0.06458333333333333
28 0.75 0.5625 0.05625 0.0625
36 0.484375 0.628125 0.05 0.07291666666666667
11 0.5765625 0.5645833333333333 0.234375 0.13333333333333333
43 0.6726562500000001 0.4114583333333333 0.026562500000000003 0.035416666666666666
43 0.69296875 0.5302083333333333 0.0390625 0.04791666666666666
44 0.70078125 0.45416666666666666 0.060937500000000006 0.025
17 0.58828125 0.47812499999999997 0.045312500000000006 0.06041666666666667
19 0.47968750000000004 0.44479166666666664 0.13125 0.09791666666666667
27 0.58046875 0.39791666666666664 0.0546875 0.03333333333333333
45 0.6546875000000001 0.37395833333333334 0.025 0.035416666666666666
32 0.56796875 0.3677083333333333 0.051562500000000004 0.035416666666666666
42 0.5078125 0.38229166666666664 0.025 0.035416666666666666
22 0.59921875 0.42916666666666664 0.0421875 0.041666666666666664
