20 0.67890625 0.7458333333333333 0.1171875 0.3625
4 0.95625 0.7447916666666666 0.08125 0.07291666666666667
36 0.7601562500000001 0.6552083333333333 0.051562500000000004 0.07291666666666667
11 0.8695312500000001 0.609375 0.2546875 0.18125
17 0.8921875 0.5125 0.05625 0.06666666666666667
19 0.76953125 0.46041666666666664 0.1328125 0.10416666666666667
27 0.890625 0.425 0.065625 0.03333333333333333
45 0.9812500000000001 0.41041666666666665 0.028125 0.0375
32 0.8757812500000001 0.3927083333333333 0.0578125 0.04375
42 0.8070312500000001 0.3989583333333333 0.029687500000000002 0.03958333333333333
22 0.91015625 0.46458333333333335 0.0484375 0.04583333333333333
