20 0.56171875 0.7322916666666667 0.1015625 0.3520833333333333
6 0.9617187500000001 0.7895833333333333 0.0734375 0.08333333333333333
4 0.8226562500000001 0.7052083333333333 0.08281250000000001 0.06458333333333333
28 0.9359375000000001 0.6010416666666667 0.065625 0.06875
36 0.640625 0.6333333333333333 0.046875 0.07083333333333333
11 0.73828125 0.5833333333333334 0.24531250000000002 0.15416666666666667
43 0.84921875 0.428125 0.026562500000000003 0.03958333333333333
43 0.8703125 0.559375 0.05 0.05625
44 0.878125 0.47812499999999997 0.07187500000000001 0.027083333333333334
17 0.7562500000000001 0.490625 0.05 0.06458333333333333
19 0.6421875 0.45 0.13125 0.1
27 0.7515625 0.4083333333333333 0.065625 0.0375
45 0.8328125000000001 0.3885416666666667 0.028125 0.035416666666666666
32 0.73359375 0.37604166666666666 0.0546875 0.03958333333333333
42 0.675 0.3885416666666667 0.028125 0.03958333333333333
22 0.76953125 0.44375 0.045312500000000006 0.041666666666666664
31 0.93671875 0.6739583333333333 0.045312500000000006 0.06041666666666667
