20 0.45 0.7302083333333333 0.1 0.3520833333333333
6 0.83203125 0.7458333333333333 0.0703125 0.075
4 0.7015625000000001 0.6822916666666666 0.07500000000000001 0.06458333333333333
28 0.7953125000000001 0.571875 0.0625 0.06458333333333333
36 0.521875 0.6260416666666666 0.05 0.07291666666666667
11 0.6171875 0.5697916666666667 0.240625 0.14375
43 0.7125 0.41354166666666664 0.025 0.035416666666666666
43 0.7351562500000001 0.5375 0.0484375 0.05416666666666667
44 0.73984375 0.4583333333333333 0.060937500000000006 0.025
17 0.6273437500000001 0.48020833333333335 0.045312500000000006 0.06041666666666667
19 0.51953125 0.4458333333333333 0.1328125 0.1
27 0.62265625 0.39791666666666664 0.0546875 0.03333333333333333
45 0.6953125 0.37604166666666666 0.025 0.035416666666666666
32 0.6078125000000001 0.3677083333333333 0.05 0.035416666666666666
42 0.5484375 0.38229166666666664 0.028125 0.03958333333333333
22 0.6390625000000001 0.4322916666666667 0.040625 0.03958333333333333
31 0.8031250000000001 0.6395833333333333 0.043750000000000004 0.058333333333333334
