14 0.728125 0.6854166666666667 0.146875 0.20416666666666666
29 0.6921875000000001 0.5677083333333334 0.065625 0.052083333333333336
32 0.478125 0.6208333333333333 0.043750000000000004 0.09583333333333333
16 0.34609375000000003 0.6927083333333334 0.026562500000000003 0.11458333333333333
43 0.5953125 0.6041666666666666 0.0625 0.07083333333333333
46 0.51015625 0.51875 0.0484375 0.09583333333333333
33 0.3765625 0.590625 0.11875000000000001 0.08125
48 0.34687500000000004 0.809375 0.028125 0.04791666666666666
18 0.53828125 0.746875 0.1296875 0.06458333333333333
17 0.51796875 0.43854166666666666 0.045312500000000006 0.06458333333333333
30 0.5953125 0.4083333333333333 0.09062500000000001 0.07083333333333333
24 0.6265625 0.45208333333333334 0.05625 0.04583333333333333
48 0.6429687500000001 0.5 0.029687500000000002 0.016666666666666666
44 0.6078125000000001 0.5385416666666667 0.03125 0.035416666666666666
0 0.41796875 0.4510416666666667 0.1015625 0.09791666666666667
9 0.39296875000000003 0.34270833333333334 0.09531250000000001 0.15625
49 0.46640625 0.3177083333333333 0.029687500000000002 0.07291666666666667
12 0.4703125 0.37604166666666666 0.078125 0.052083333333333336
7 0.5632812500000001 0.32708333333333334 0.09531250000000001 0.1125
