14 0.9 0.728125 0.171875 0.21458333333333332
29 0.86484375 0.596875 0.0703125 0.06041666666666667
32 0.6312500000000001 0.6270833333333333 0.05 0.09583333333333333
16 0.496875 0.678125 0.034375 0.11458333333333333
43 0.7546875000000001 0.6239583333333333 0.065625 0.08125
46 0.6726562500000001 0.5302083333333333 0.051562500000000004 0.10208333333333333
33 0.53359375 0.5854166666666667 0.1171875 0.07083333333333333
48 0.4921875 0.7958333333333333 0.028125 0.04583333333333333
18 0.6882812500000001 0.7645833333333333 0.1328125 0.07916666666666666
17 0.68359375 0.44479166666666664 0.0484375 0.06458333333333333
30 0.765625 0.42083333333333334 0.09375 0.07083333333333333
24 0.7976562500000001 0.4666666666666667 0.060937500000000006 0.05
48 0.8148437500000001 0.5197916666666667 0.035937500000000004 0.01875
44 0.7718750000000001 0.553125 0.034375 0.04375
0 0.578125 0.4479166666666667 0.10312500000000001 0.09583333333333333
9 0.5625 0.34270833333333334 0.1 0.15625
49 0.6335937500000001 0.31979166666666664 0.029687500000000002 0.07708333333333334
12 0.6351562500000001 0.37916666666666665 0.08281250000000001 0.05416666666666667
7 0.7367187500000001 0.3364583333333333 0.1046875 0.11458333333333333
