14 0.92578125 0.7447916666666666 0.1453125 0.21875
29 0.9109375000000001 0.6083333333333333 0.07187500000000001 0.0625
32 0.66953125 0.6291666666666667 0.0484375 0.09583333333333333
16 0.534375 0.68125 0.034375 0.1125
43 0.796875 0.6322916666666667 0.06875 0.08541666666666667
46 0.7125 0.5333333333333333 0.05 0.1
33 0.5703125 0.5854166666666667 0.12187500000000001 0.06666666666666667
48 0.5265625 0.7958333333333333 0.028125 0.04583333333333333
18 0.7273437500000001 0.7697916666666667 0.1421875 0.08541666666666667
17 0.7250000000000001 0.4479166666666667 0.05 0.06666666666666667
30 0.81171875 0.4270833333333333 0.09843750000000001 0.075
24 0.84140625 0.475 0.0671875 0.05
48 0.859375 0.5270833333333333 0.037500000000000006 0.020833333333333332
44 0.815625 0.5625 0.040625 0.04583333333333333
0 0.61640625 0.45 0.1046875 0.1
9 0.60546875 0.34270833333333334 0.1015625 0.15625
49 0.67578125 0.31979166666666664 0.0328125 0.07708333333333334
12 0.67578125 0.3802083333333333 0.0859375 0.05625
7 0.7820312500000001 0.3416666666666667 0.1078125 0.11666666666666667
