32 0.88046875 0.675 0.0578125 0.10416666666666667
46 0.940625 0.5770833333333333 0.0625 0.11666666666666667
33 0.7734375 0.6083333333333333 0.13125 0.058333333333333334
48 0.7132812500000001 0.81875 0.029687500000000002 0.041666666666666664
18 0.9281250000000001 0.8364583333333333 0.1375 0.10625
17 0.96015625 0.4875 0.0546875 0.075
0 0.83203125 0.47291666666666665 0.1203125 0.1125
9 0.8304687500000001 0.359375 0.1203125 0.17291666666666666
49 0.91171875 0.3416666666666667 0.0390625 0.07916666666666666
12 0.91015625 0.4041666666666667 0.09843750000000001 0.07083333333333333
