32 0.79296875 0.6510416666666666 0.0578125 0.09791666666666667
43 0.9320312500000001 0.6666666666666666 0.0734375 0.09166666666666666
46 0.8453125 0.5541666666666667 0.0625 0.10833333333333334
33 0.690625 0.5979166666666667 0.125 0.058333333333333334
48 0.63828125 0.803125 0.029687500000000002 0.04375
18 0.85078125 0.80625 0.1484375 0.1
17 0.8617187500000001 0.46875 0.051562500000000004 0.07083333333333333
30 0.9500000000000001 0.45 0.096875 0.08333333333333333
44 0.9554687500000001 0.59375 0.045312500000000006 0.05416666666666667
0 0.74375 0.46041666666666664 0.115625 0.10833333333333334
9 0.73828125 0.35104166666666664 0.11093750000000001 0.16458333333333333
49 0.8132812500000001 0.3333333333333333 0.035937500000000004 0.07916666666666666
12 0.8125 0.39375 0.09062500000000001 0.0625
7 0.9281250000000001 0.3572916666666667 0.12187500000000001 0.13125
