29 0.95703125 0.6208333333333333 0.0734375 0.0625
32 0.7093750000000001 0.6364583333333333 0.05 0.09791666666666667
16 0.571875 0.6822916666666666 0.034375 0.11041666666666666
43 0.8390625 0.6427083333333333 0.06875 0.08541666666666667
46 0.75546875 0.5395833333333333 0.0578125 0.10416666666666667
33 0.609375 0.5875 0.12187500000000001 0.06666666666666667
48 0.5632812500000001 0.796875 0.029687500000000002 0.04375
18 0.7664062500000001 0.7822916666666666 0.1421875 0.08958333333333333
17 0.76953125 0.453125 0.051562500000000004 0.06875
30 0.859375 0.434375 0.1 0.07708333333333334
24 0.88828125 0.484375 0.0671875 0.04791666666666666
48 0.90625 0.5375 0.037500000000000006 0.020833333333333332
44 0.8609375 0.5729166666666666 0.043750000000000004 0.05
0 0.66015625 0.453125 0.1078125 0.10208333333333333
9 0.64765625 0.34375 0.1015625 0.1625
49 0.7203125 0.325 0.03125 0.075
12 0.7234375000000001 0.38645833333333335 0.08750000000000001 0.05625
7 0.82734375 0.3458333333333333 0.11093750000000001 0.12083333333333333
