14 0.6882812500000001 0.68125 0.1484375 0.19583333333333333
29 0.6515625 0.5635416666666666 0.0625 0.052083333333333336
32 0.4390625 0.621875 0.043750000000000004 0.09375
16 0.30703125000000003 0.6979166666666666 0.029687500000000002 0.11666666666666667
43 0.5554687500000001 0.6020833333333333 0.06406250000000001 0.07083333333333333
46 0.4703125 0.521875 0.05 0.10208333333333333
33 0.33671875 0.596875 0.1203125 0.08125
48 0.30859375 0.8177083333333334 0.026562500000000003 0.04791666666666666
18 0.5046875000000001 0.7458333333333333 0.1375 0.058333333333333334
17 0.478125 0.4375 0.046875 0.06666666666666667
30 0.5546875 0.4083333333333333 0.08750000000000001 0.07083333333333333
24 0.58515625 0.44895833333333335 0.0546875 0.04375
48 0.603125 0.49583333333333335 0.028125 0.020833333333333332
44 0.56796875 0.5354166666666667 0.0328125 0.0375
0 0.3765625 0.45416666666666666 0.10625000000000001 0.10416666666666667
9 0.35000000000000003 0.3458333333333333 0.096875 0.15833333333333333
49 0.42265625 0.31875 0.0328125 0.075
12 0.4296875 0.3770833333333333 0.078125 0.05
7 0.5234375 0.32708333333333334 0.096875 0.1125
