2 0.7921875 0.753125 0.11875000000000001 0.08125
41 0.7445312500000001 0.6270833333333333 0.1296875 0.09583333333333333
48 0.75 0.5645833333333333 0.037500000000000006 0.025
34 0.6937500000000001 0.49374999999999997 0.209375 0.125
40 0.625 0.521875 0.05 0.10208333333333333
1 0.49921875000000004 0.6885416666666666 0.051562500000000004 0.16041666666666665
0 0.50546875 0.5770833333333333 0.16718750000000002 0.1375
49 0.38359375 0.571875 0.0921875 0.33541666666666664
15 0.51796875 0.48125 0.09843750000000001 0.09166666666666666
34 0.5 0.42083333333333334 0.146875 0.1
10 0.5640625 0.34791666666666665 0.03125 0.058333333333333334
8 0.48281250000000003 0.36666666666666664 0.028125 0.041666666666666664
14 0.634375 0.6604166666666667 0.115625 0.19583333333333333
19 0.69296875 0.41041666666666665 0.09843750000000001 0.07083333333333333
9 0.6171875 0.4 0.08125 0.10833333333333334
