2 0.6734375 0.7322916666666667 0.109375 0.08541666666666667
41 0.6234375000000001 0.6114583333333333 0.12187500000000001 0.09375
48 0.628125 0.5489583333333333 0.034375 0.022916666666666665
34 0.5710937500000001 0.4864583333333333 0.20468750000000002 0.12708333333333333
40 0.5078125 0.5197916666666667 0.05 0.10208333333333333
1 0.384375 0.6947916666666667 0.05625 0.16041666666666665
0 0.38828125 0.58125 0.16718750000000002 0.1375
49 0.2625 0.5927083333333333 0.10625000000000001 0.34791666666666665
15 0.39609375 0.48333333333333334 0.09843750000000001 0.09166666666666666
34 0.37734375000000003 0.42291666666666666 0.15156250000000002 0.10833333333333334
10 0.43984375000000003 0.3489583333333333 0.0328125 0.06041666666666667
8 0.36171875000000003 0.37083333333333335 0.029687500000000002 0.041666666666666664
14 0.521875 0.65625 0.115625 0.19583333333333333
19 0.56796875 0.4 0.1046875 0.075
