2 0.7125 0.740625 0.109375 0.08541666666666667
41 0.6625000000000001 0.615625 0.12187500000000001 0.09375
48 0.6671875 0.5510416666666667 0.034375 0.022916666666666665
34 0.6101562500000001 0.490625 0.20468750000000002 0.12708333333333333
40 0.546875 0.5197916666666667 0.05 0.10208333333333333
1 0.421875 0.690625 0.05625 0.16041666666666665
0 0.42734375 0.5791666666666666 0.16718750000000002 0.1375
49 0.3015625 0.5885416666666666 0.10625000000000001 0.34791666666666665
15 0.43515625 0.48125 0.09843750000000001 0.09166666666666666
34 0.41718750000000004 0.42291666666666666 0.15000000000000002 0.10833333333333334
10 0.47890625000000003 0.3489583333333333 0.0328125 0.06041666666666667
8 0.4 0.36875 0.028125 0.041666666666666664
14 0.5593750000000001 0.65625 0.115625 0.19583333333333333
19 0.6062500000000001 0.4010416666666667 0.10312500000000001 0.07291666666666667
