34 0.7093750000000001 0.5927083333333333 0.19687500000000002 0.4354166666666667
26 0.51328125 0.8072916666666666 0.051562500000000004 0.04791666666666666
5 0.51796875 0.6572916666666666 0.1171875 0.04791666666666666
28 0.53515625 0.5552083333333333 0.0390625 0.05625
8 0.43046875 0.70625 0.06406250000000001 0.09583333333333333
30 0.44765625000000003 0.48020833333333335 0.1453125 0.12708333333333333
32 0.40234375 0.6135416666666667 0.1046875 0.08541666666666667
2 0.44921875 0.38125 0.0578125 0.020833333333333332
5 0.40546875000000004 0.40208333333333335 0.026562500000000003 0.03333333333333333
21 0.34687500000000004 0.3541666666666667 0.034375 0.058333333333333334
29 0.340625 0.471875 0.05625 0.04791666666666666
21 0.29609375 0.40625 0.0421875 0.06666666666666667
11 0.28046875 0.5489583333333333 0.2171875 0.13125
31 0.265625 0.45729166666666665 0.037500000000000006 0.03958333333333333
33 0.25078125 0.69375 0.0671875 0.21666666666666667
35 0.30781250000000004 0.8729166666666667 0.08125 0.10833333333333334
36 0.2078125 0.42916666666666664 0.040625 0.05416666666666667
20 0.20703125 0.3229166666666667 0.11093750000000001 0.2
27 0.1953125 0.6625 0.065625 0.075
13 0.19765625 0.4875 0.0546875 0.029166666666666667
