34 0.5453125 0.5822916666666667 0.184375 0.41041666666666665
26 0.37578125 0.8156249999999999 0.051562500000000004 0.04791666666666666
5 0.371875 0.6635416666666667 0.115625 0.05625
28 0.384375 0.5583333333333333 0.040625 0.058333333333333334
8 0.2828125 0.7291666666666666 0.065625 0.1
30 0.2890625 0.490625 0.15625 0.12708333333333333
32 0.2484375 0.6375 0.10625000000000001 0.09166666666666666
2 0.2859375 0.3927083333333333 0.0625 0.027083333333333334
5 0.240625 0.4166666666666667 0.03125 0.03333333333333333
21 0.17500000000000002 0.36666666666666664 0.040625 0.06666666666666667
29 0.16171875000000002 0.49374999999999997 0.06406250000000001 0.05416666666666667
21 0.12265625000000001 0.42916666666666664 0.0546875 0.075
11 0.115625 0.584375 0.23125 0.13541666666666666
31 0.08984375 0.48541666666666666 0.045312500000000006 0.04583333333333333
33 0.08359375000000001 0.7395833333333334 0.0890625 0.22083333333333333
35 0.15937500000000002 0.9229166666666666 0.08125 0.10833333333333334
36 0.02421875 0.46041666666666664 0.045312500000000006 0.0625
20 0.043750000000000004 0.3458333333333333 0.08750000000000001 0.22083333333333333
27 0.028125 0.7125 0.05625 0.08333333333333333
