34 0.90390625 0.6395833333333333 0.18906250000000002 0.4875
26 0.69140625 0.8239583333333333 0.051562500000000004 0.04791666666666666
5 0.70703125 0.671875 0.1234375 0.05625
28 0.7289062500000001 0.56875 0.0390625 0.058333333333333334
8 0.6117187500000001 0.709375 0.06406250000000001 0.09791666666666667
30 0.6453125000000001 0.4822916666666667 0.15000000000000002 0.12708333333333333
32 0.5906250000000001 0.6104166666666666 0.10312500000000001 0.07916666666666666
2 0.6492187500000001 0.3833333333333333 0.060937500000000006 0.020833333333333332
5 0.603125 0.40208333333333335 0.025 0.03333333333333333
21 0.55 0.3489583333333333 0.034375 0.06041666666666667
29 0.534375 0.465625 0.053125000000000006 0.04375
21 0.49765625 0.39791666666666664 0.0421875 0.06666666666666667
11 0.4765625 0.5354166666666667 0.203125 0.1375
31 0.465625 0.4427083333333333 0.034375 0.03958333333333333
33 0.43984375000000003 0.6645833333333333 0.0578125 0.2
35 0.48359375000000004 0.8479166666666667 0.0703125 0.10416666666666667
36 0.41484375 0.4114583333333333 0.035937500000000004 0.052083333333333336
20 0.421875 0.3104166666666667 0.09062500000000001 0.19166666666666665
27 0.39296875000000003 0.63125 0.0578125 0.07083333333333333
13 0.40156250000000004 0.4666666666666667 0.046875 0.029166666666666667
