34 0.4296875 0.5833333333333334 0.2 0.4083333333333333
26 0.26640625 0.840625 0.051562500000000004 0.04791666666666666
5 0.25703125 0.6854166666666667 0.1265625 0.06666666666666667
28 0.2671875 0.5739583333333333 0.040625 0.06041666666666667
8 0.1640625 0.7614583333333333 0.06875 0.10208333333333333
30 0.16171875000000002 0.509375 0.1703125 0.13125
32 0.12109375 0.6697916666666667 0.1171875 0.10625
2 0.15546875000000002 0.40625 0.06406250000000001 0.029166666666666667
5 0.109375 0.434375 0.03125 0.035416666666666666
21 0.034375 0.38958333333333334 0.046875 0.07083333333333333
29 0.03671875 0.521875 0.0671875 0.06041666666666667
35 0.040625 0.9583333333333334 0.08125 0.07916666666666666
