34 0.6265625 0.5885416666666666 0.19062500000000002 0.42291666666666666
26 0.44453125000000004 0.809375 0.051562500000000004 0.04791666666666666
5 0.44453125000000004 0.6583333333333333 0.1171875 0.05
28 0.46015625000000004 0.5572916666666666 0.0390625 0.05625
8 0.35703125 0.7166666666666667 0.06406250000000001 0.09583333333333333
30 0.36953125000000003 0.48541666666666666 0.15156250000000002 0.12916666666666665
32 0.325 0.6270833333333333 0.10625000000000001 0.09166666666666666
2 0.36796875 0.38645833333333335 0.0578125 0.022916666666666665
5 0.32421875 0.409375 0.029687500000000002 0.035416666666666666
21 0.2625 0.36041666666666666 0.040625 0.06666666666666667
29 0.2578125 0.4822916666666667 0.05625 0.052083333333333336
21 0.21015625000000002 0.41770833333333335 0.0484375 0.06875
11 0.19687500000000002 0.5666666666666667 0.22812500000000002 0.13333333333333333
31 0.1796875 0.4708333333333333 0.040625 0.041666666666666664
33 0.16875 0.7145833333333333 0.07500000000000001 0.21666666666666667
35 0.234375 0.8958333333333334 0.08125 0.10833333333333334
36 0.11796875000000001 0.44479166666666664 0.0421875 0.05625
20 0.11406250000000001 0.334375 0.125 0.21041666666666667
27 0.10859375 0.6833333333333333 0.0671875 0.07916666666666666
13 0.10703125000000001 0.5041666666666667 0.0546875 0.029166666666666667
