34 0.584375 0.584375 0.1875 0.41875
26 0.41015625 0.8114583333333333 0.051562500000000004 0.04791666666666666
5 0.4078125 0.6604166666666667 0.115625 0.05416666666666667
28 0.42265625 0.5572916666666666 0.0390625 0.05625
8 0.3203125 0.7208333333333333 0.065625 0.1
30 0.32890625 0.4875 0.15156250000000002 0.12916666666666665
32 0.28750000000000003 0.63125 0.10625000000000001 0.09166666666666666
2 0.32734375000000004 0.3885416666666667 0.060937500000000006 0.027083333333333334
5 0.28359375000000003 0.4114583333333333 0.0328125 0.035416666666666666
21 0.21953125 0.3645833333333333 0.0421875 0.06666666666666667
29 0.215625 0.4864583333333333 0.0625 0.052083333333333336
21 0.1609375 0.42291666666666666 0.053125000000000006 0.075
11 0.1546875 0.571875 0.23125 0.13541666666666666
31 0.13515625 0.4770833333333333 0.0421875 0.04583333333333333
33 0.1265625 0.725 0.08125 0.21666666666666667
35 0.19687500000000002 0.9083333333333333 0.08125 0.10833333333333334
36 0.07187500000000001 0.45208333333333334 0.046875 0.0625
20 0.06796875000000001 0.3385416666666667 0.1296875 0.21458333333333332
27 0.06640625 0.69375 0.0703125 0.08333333333333333
13 0.06171875 0.515625 0.0578125 0.03125
