34 0.88203125 0.628125 0.22968750000000002 0.47291666666666665
26 0.65546875 0.8177083333333334 0.051562500000000004 0.04791666666666666
5 0.6664062500000001 0.6677083333333333 0.1203125 0.052083333333333336
28 0.6898437500000001 0.5635416666666666 0.0390625 0.05625
8 0.57421875 0.70625 0.06406250000000001 0.1
30 0.6046875 0.48125 0.146875 0.12916666666666665
32 0.553125 0.6083333333333333 0.10312500000000001 0.07916666666666666
2 0.60859375 0.38229166666666664 0.0578125 0.01875
5 0.5632812500000001 0.40208333333333335 0.0234375 0.03333333333333333
21 0.51015625 0.35 0.0328125 0.058333333333333334
29 0.49609375 0.465625 0.0546875 0.04791666666666666
21 0.45859375 0.39791666666666664 0.0421875 0.0625
11 0.43984375000000003 0.5354166666666667 0.2078125 0.13333333333333333
31 0.4265625 0.44479166666666664 0.034375 0.03958333333333333
33 0.40234375 0.66875 0.0578125 0.2
35 0.44921875 0.85 0.0703125 0.10416666666666667
36 0.37421875000000004 0.4145833333333333 0.0390625 0.05416666666666667
20 0.38046875 0.31145833333333334 0.09531250000000001 0.18958333333333333
27 0.35468750000000004 0.6375 0.059375000000000004 0.075
13 0.36171875000000003 0.46770833333333334 0.0484375 0.03125
