14 0.9437500000000001 0.753125 0.109375 0.24791666666666667
10 0.8984375 0.634375 0.07187500000000001 0.11458333333333333
25 0.8929687500000001 0.5697916666666667 0.045312500000000006 0.04791666666666666
48 0.8609375 0.5145833333333333 0.021875000000000002 0.041666666666666664
8 0.82421875 0.4458333333333333 0.0390625 0.05
36 0.8031250000000001 0.38229166666666664 0.046875 0.06041666666666667
9 0.7296875 0.39166666666666666 0.09375 0.10833333333333334
19 0.7273437500000001 0.5104166666666666 0.1546875 0.10416666666666667
2 0.76328125 0.6010416666666667 0.0390625 0.06458333333333333
13 0.7000000000000001 0.6666666666666666 0.06875 0.08333333333333333
1 0.5859375 0.5770833333333333 0.043750000000000004 0.12916666666666665
49 0.6234375000000001 0.440625 0.0625 0.2604166666666667
34 0.58515625 0.4354166666666667 0.1390625 0.12083333333333333
34 0.5171875 0.7864583333333334 0.296875 0.29375
41 0.75 0.7645833333333333 0.16562500000000002 0.13333333333333333
