8 0.9695312500000001 0.47291666666666665 0.0421875 0.05416666666666667
36 0.9382812500000001 0.4 0.045312500000000006 0.058333333333333334
9 0.8671875 0.409375 0.10625000000000001 0.11041666666666666
19 0.85703125 0.521875 0.1703125 0.11875
2 0.90390625 0.628125 0.0546875 0.06875
13 0.82578125 0.69375 0.0859375 0.09166666666666666
1 0.7054687500000001 0.5864583333333333 0.0484375 0.13125
49 0.75 0.453125 0.07500000000000001 0.26875
34 0.70625 0.44375 0.140625 0.125
41 0.8734375000000001 0.8020833333333334 0.1875 0.15
