14 0.92109375 0.7375 0.15781250000000002 0.24583333333333332
10 0.85546875 0.625 0.06406250000000001 0.11666666666666667
25 0.846875 0.5583333333333333 0.037500000000000006 0.04583333333333333
48 0.815625 0.5072916666666667 0.018750000000000003 0.03958333333333333
8 0.7796875000000001 0.4395833333333333 0.034375 0.05
36 0.7578125 0.37916666666666665 0.043750000000000004 0.058333333333333334
9 0.67734375 0.38645833333333335 0.0859375 0.10625
19 0.6820312500000001 0.5052083333333334 0.1421875 0.10625
2 0.72421875 0.5927083333333333 0.0390625 0.06458333333333333
13 0.6609375000000001 0.6604166666666667 0.06875 0.08333333333333333
1 0.5476562500000001 0.575 0.0421875 0.12916666666666665
49 0.57734375 0.43854166666666666 0.0578125 0.2604166666666667
34 0.5437500000000001 0.4354166666666667 0.140625 0.1125
34 0.478125 0.7927083333333333 0.30625 0.30625
41 0.70859375 0.7552083333333334 0.1609375 0.13125
