48 0.9554687500000001 0.5364583333333334 0.0234375 0.04375
8 0.91953125 0.4635416666666667 0.0390625 0.052083333333333336
36 0.8984375 0.3927083333333333 0.046875 0.06041666666666667
9 0.8187500000000001 0.40208333333333335 0.096875 0.10833333333333334
19 0.81015625 0.5239583333333333 0.1640625 0.10208333333333333
2 0.85078125 0.61875 0.0484375 0.06666666666666667
13 0.77890625 0.6833333333333333 0.07968750000000001 0.08333333333333333
1 0.66328125 0.5833333333333334 0.0421875 0.12916666666666665
49 0.7054687500000001 0.44479166666666664 0.0671875 0.2604166666666667
34 0.6671875 0.4395833333333333 0.140625 0.125
34 0.59609375 0.79375 0.30781250000000004 0.2791666666666667
41 0.83125 0.7864583333333334 0.18125000000000002 0.14375
