10 0.94296875 0.6489583333333333 0.0765625 0.12291666666666666
25 0.93671875 0.5802083333333333 0.045312500000000006 0.04791666666666666
48 0.9070312500000001 0.525 0.0234375 0.04583333333333333
8 0.87109375 0.453125 0.0390625 0.052083333333333336
36 0.8484375000000001 0.3875 0.046875 0.058333333333333334
9 0.7742187500000001 0.39791666666666664 0.09843750000000001 0.10833333333333334
19 0.77109375 0.515625 0.1640625 0.10208333333333333
2 0.8109375000000001 0.6072916666666667 0.05 0.06875
13 0.7406250000000001 0.675 0.08125 0.08333333333333333
1 0.62421875 0.5791666666666666 0.0421875 0.12916666666666665
49 0.66171875 0.44166666666666665 0.0671875 0.2625
34 0.6273437500000001 0.43645833333333334 0.1421875 0.12708333333333333
34 0.55390625 0.7875 0.3015625 0.2875
41 0.7875000000000001 0.7729166666666667 0.17500000000000002 0.14166666666666666
