14 0.66953125 0.6770833333333334 0.1296875 0.23333333333333334
10 0.6015625 0.5864583333333333 0.05625 0.11041666666666666
25 0.5945312500000001 0.53125 0.035937500000000004 0.04583333333333333
48 0.5625 0.48125 0.018750000000000003 0.041666666666666664
8 0.52578125 0.42291666666666666 0.0328125 0.05
36 0.5007812500000001 0.3677083333333333 0.0421875 0.05625
9 0.434375 0.3833333333333333 0.084375 0.10416666666666667
19 0.4421875 0.4947916666666667 0.14375000000000002 0.10625
2 0.48984375 0.578125 0.0390625 0.06875
13 0.43203125000000003 0.6541666666666667 0.0671875 0.09166666666666666
1 0.309375 0.5885416666666666 0.05 0.13125
49 0.33515625000000004 0.44479166666666664 0.0671875 0.26458333333333334
34 0.29921875000000003 0.4479166666666667 0.15156250000000002 0.11666666666666667
34 0.24765625000000002 0.8312499999999999 0.3359375 0.3333333333333333
41 0.48359375000000004 0.7364583333333333 0.1546875 0.13125
