39 0.8367187500000001 0.6333333333333333 0.0765625 0.08333333333333333
8 0.9046875000000001 0.5927083333333333 0.05625 0.07291666666666667
1 0.6335937500000001 0.3302083333333333 0.051562500000000004 0.15625
25 0.5765625 0.35520833333333335 0.046875 0.06458333333333333
49 0.5421875 0.5822916666666667 0.09062500000000001 0.38125
24 0.5867187500000001 0.775 0.045312500000000006 0.06666666666666667
14 0.6796875 0.6552083333333333 0.125 0.23958333333333334
40 0.7640625000000001 0.64375 0.065625 0.14166666666666666
41 0.34687500000000004 0.4270833333333333 0.225 0.09166666666666666
1 0.07265625 0.28229166666666666 0.1453125 0.28541666666666665
