45 0.8515625 0.8333333333333334 0.08125 0.09583333333333333
47 0.7390625000000001 0.890625 0.12187500000000001 0.07291666666666667
42 0.9617187500000001 0.79375 0.0765625 0.09583333333333333
15 0.57578125 0.8322916666666667 0.15156250000000002 0.18125
38 0.7195312500000001 0.44895833333333335 0.0546875 0.06875
39 0.8054687500000001 0.453125 0.09843750000000001 0.07291666666666667
46 0.6484375 0.4197916666666667 0.084375 0.10208333333333333
31 0.403125 0.4927083333333333 0.0625 0.07708333333333334
45 0.31328125 0.5354166666666667 0.06406250000000001 0.075
1 0.1875 0.44375 0.1375 0.31666666666666665
