45 0.7679687500000001 0.809375 0.0765625 0.09375
47 0.6625000000000001 0.871875 0.11875000000000001 0.06875
42 0.8773437500000001 0.765625 0.0859375 0.09375
15 0.5007812500000001 0.8302083333333333 0.15156250000000002 0.18125
38 0.63046875 0.44479166666666664 0.0546875 0.06875
39 0.71640625 0.44375 0.09531250000000001 0.06666666666666667
46 0.56015625 0.41562499999999997 0.07968750000000001 0.10208333333333333
31 0.31875000000000003 0.5 0.0625 0.075
45 0.22968750000000002 0.5458333333333333 0.065625 0.075
1 0.09062500000000001 0.46249999999999997 0.153125 0.325
