45 0.80859375 0.8208333333333333 0.07968750000000001 0.09583333333333333
47 0.70078125 0.88125 0.1234375 0.075
42 0.91953125 0.7802083333333333 0.0890625 0.09791666666666667
15 0.53828125 0.8302083333333333 0.15156250000000002 0.18125
38 0.66953125 0.44895833333333335 0.0546875 0.06875
39 0.76171875 0.44375 0.09531250000000001 0.06666666666666667
46 0.6039062500000001 0.4166666666666667 0.0859375 0.10416666666666667
31 0.359375 0.496875 0.0625 0.07708333333333334
45 0.27265625 0.540625 0.06406250000000001 0.07291666666666667
1 0.140625 0.45416666666666666 0.14375000000000002 0.31666666666666665
