1 0.55625 0.7083333333333334 0.053125000000000006 0.17916666666666667
6 0.6125 0.6833333333333333 0.07187500000000001 0.041666666666666664
4 0.73203125 0.703125 0.08281250000000001 0.07291666666666667
11 0.3125 0.7770833333333333 0.30000000000000004 0.2
3 0.42734375 0.6427083333333333 0.2328125 0.17708333333333334
12 0.5945312500000001 0.5697916666666667 0.0890625 0.18125
5 0.66796875 0.590625 0.0703125 0.027083333333333334
10 0.478125 0.4875 0.037500000000000006 0.10833333333333334
3 0.59140625 0.4822916666666667 0.1546875 0.09375
8 0.5796875 0.396875 0.037500000000000006 0.052083333333333336
3 0.56796875 0.3614583333333333 0.11406250000000001 0.03958333333333333
2 0.44921875 0.3989583333333333 0.051562500000000004 0.035416666666666666
24 0.38593750000000004 0.35104166666666664 0.021875000000000002 0.027083333333333334
25 0.3921875 0.37604166666666666 0.028125 0.027083333333333334
0 0.36250000000000004 0.3989583333333333 0.053125000000000006 0.08541666666666667
9 0.31484375000000003 0.3958333333333333 0.07968750000000001 0.18333333333333332
7 0.4390625 0.46875 0.209375 0.10833333333333334
6 0.3515625 0.5697916666666667 0.078125 0.06875
23 0.4734375 0.371875 0.06875 0.03125
26 0.54609375 0.39479166666666665 0.0203125 0.01875
22 0.49140625000000004 0.403125 0.0390625 0.03958333333333333
