1 0.83125 0.7583333333333333 0.078125 0.19166666666666665
6 0.9 0.7447916666666666 0.09062500000000001 0.06041666666666667
11 0.57734375 0.759375 0.27968750000000003 0.22708333333333333
3 0.70234375 0.6572916666666666 0.2515625 0.18541666666666667
12 0.890625 0.6166666666666667 0.109375 0.2
5 0.9656250000000001 0.653125 0.065625 0.04375
10 0.7671875 0.5083333333333333 0.05 0.10833333333333334
3 0.8992187500000001 0.5239583333333333 0.18906250000000002 0.11041666666666666
8 0.8890625000000001 0.42604166666666665 0.043750000000000004 0.05625
3 0.87890625 0.38645833333333335 0.1328125 0.05625
2 0.7445312500000001 0.4125 0.060937500000000006 0.029166666666666667
24 0.67890625 0.3541666666666667 0.0203125 0.029166666666666667
25 0.68359375 0.3802083333333333 0.029687500000000002 0.027083333333333334
0 0.65390625 0.3989583333333333 0.0484375 0.08125
9 0.60703125 0.39166666666666666 0.0703125 0.175
7 0.73046875 0.47604166666666664 0.2265625 0.08958333333333333
6 0.62421875 0.5697916666666667 0.0765625 0.05625
23 0.7703125000000001 0.3833333333333333 0.07500000000000001 0.029166666666666667
26 0.8515625 0.4197916666666667 0.021875000000000002 0.022916666666666665
22 0.78515625 0.4197916666666667 0.0484375 0.03958333333333333
