1 0.51796875 0.7083333333333334 0.0546875 0.17916666666666667
6 0.5734375 0.6802083333333333 0.07187500000000001 0.04375
4 0.69140625 0.6947916666666667 0.08281250000000001 0.07291666666666667
11 0.27187500000000003 0.784375 0.30312500000000003 0.18958333333333333
3 0.38906250000000003 0.646875 0.234375 0.17708333333333334
12 0.5546875 0.5697916666666667 0.09062500000000001 0.18125
5 0.6273437500000001 0.5864583333333333 0.0703125 0.027083333333333334
10 0.43984375000000003 0.48854166666666665 0.0390625 0.11041666666666666
3 0.5515625000000001 0.4822916666666667 0.15625 0.09375
8 0.5390625 0.39479166666666665 0.037500000000000006 0.052083333333333336
3 0.52734375 0.359375 0.11406250000000001 0.03958333333333333
2 0.41015625 0.4010416666666667 0.051562500000000004 0.035416666666666666
24 0.34453125 0.3520833333333333 0.0203125 0.025
25 0.35234375 0.378125 0.029687500000000002 0.027083333333333334
0 0.32343750000000004 0.40208333333333335 0.053125000000000006 0.0875
9 0.275 0.4 0.08125 0.18333333333333332
7 0.3984375 0.46875 0.209375 0.10833333333333334
6 0.31093750000000003 0.578125 0.078125 0.06875
23 0.43203125000000003 0.3729166666666667 0.0703125 0.03333333333333333
26 0.50625 0.3958333333333333 0.021875000000000002 0.020833333333333332
22 0.45078125 0.40208333333333335 0.0390625 0.0375
