1 0.59375 0.7104166666666667 0.053125000000000006 0.17916666666666667
6 0.6515625 0.6875 0.07187500000000001 0.041666666666666664
4 0.77109375 0.7114583333333333 0.08281250000000001 0.07291666666666667
11 0.35078125000000004 0.771875 0.2984375 0.19791666666666666
3 0.46484375 0.640625 0.2328125 0.17708333333333334
12 0.6335937500000001 0.5739583333333333 0.0890625 0.18125
5 0.70859375 0.5958333333333333 0.0734375 0.029166666666666667
10 0.51953125 0.4875 0.035937500000000004 0.10833333333333334
3 0.6351562500000001 0.4875 0.15781250000000002 0.09166666666666666
8 0.6218750000000001 0.3989583333333333 0.037500000000000006 0.052083333333333336
3 0.609375 0.3625 0.115625 0.0375
2 0.49140625000000004 0.4 0.051562500000000004 0.0375
24 0.42812500000000003 0.3489583333333333 0.021875000000000002 0.027083333333333334
25 0.43593750000000003 0.37395833333333334 0.028125 0.027083333333333334
0 0.40625 0.39791666666666664 0.05 0.08333333333333333
9 0.35859375000000004 0.39375 0.0765625 0.17916666666666667
7 0.48125 0.465625 0.209375 0.10208333333333333
6 0.3921875 0.5677083333333334 0.078125 0.06875
23 0.5140625 0.371875 0.06875 0.03125
26 0.5890625 0.396875 0.021875000000000002 0.01875
22 0.5320312500000001 0.403125 0.0390625 0.03958333333333333
