1 0.7890625 0.7447916666666666 0.07187500000000001 0.18958333333333333
6 0.8562500000000001 0.7302083333333333 0.08125 0.052083333333333336
4 0.9703125 0.7729166666666667 0.05625 0.07916666666666666
11 0.5398437500000001 0.7635416666666667 0.27968750000000003 0.21458333333333332
3 0.66171875 0.6510416666666666 0.2390625 0.17708333333333334
12 0.8460937500000001 0.6083333333333333 0.1015625 0.2
5 0.9281250000000001 0.6427083333333333 0.08750000000000001 0.04375
10 0.7203125 0.5010416666666666 0.040625 0.10625
3 0.84921875 0.515625 0.1859375 0.11041666666666666
8 0.8421875000000001 0.41875 0.043750000000000004 0.05416666666666667
3 0.82421875 0.378125 0.1265625 0.052083333333333336
2 0.7000000000000001 0.4083333333333333 0.059375000000000004 0.03333333333333333
24 0.6351562500000001 0.3520833333333333 0.0203125 0.029166666666666667
25 0.6414062500000001 0.378125 0.029687500000000002 0.027083333333333334
0 0.6125 0.396875 0.046875 0.08125
9 0.56171875 0.39166666666666666 0.0703125 0.175
7 0.6859375000000001 0.47291666666666665 0.21875 0.09166666666666666
6 0.584375 0.5645833333333333 0.078125 0.058333333333333334
23 0.72578125 0.3802083333333333 0.0734375 0.03125
26 0.8046875 0.4125 0.021875000000000002 0.020833333333333332
22 0.73984375 0.4125 0.0484375 0.0375
