1 0.95859375 0.8 0.07968750000000001 0.20416666666666666
11 0.6960937500000001 0.778125 0.29531250000000003 0.24375
3 0.83203125 0.684375 0.2734375 0.19375
10 0.90390625 0.5333333333333333 0.051562500000000004 0.1125
2 0.884375 0.43124999999999997 0.06875 0.03333333333333333
24 0.8148437500000001 0.3645833333333333 0.0234375 0.029166666666666667
25 0.8203125 0.39479166666666665 0.03125 0.03125
0 0.7875000000000001 0.41041666666666665 0.046875 0.08333333333333333
9 0.7359375 0.4010416666666667 0.07187500000000001 0.18125
7 0.86640625 0.4947916666666667 0.2484375 0.08541666666666667
6 0.74765625 0.584375 0.08281250000000001 0.052083333333333336
23 0.9140625 0.403125 0.084375 0.03125
22 0.92890625 0.4395833333333333 0.0546875 0.041666666666666664
