19 0.8609375 0.6770833333333334 0.26875 0.18333333333333332
23 0.6921875000000001 0.9395833333333333 0.134375 0.12083333333333333
43 0.6156250000000001 0.828125 0.07500000000000001 0.07708333333333334
36 0.6296875000000001 0.61875 0.05 0.06666666666666667
28 0.6546875000000001 0.7177083333333333 0.08750000000000001 0.08541666666666667
17 0.509375 0.73125 0.07500000000000001 0.10833333333333334
44 0.49453125000000003 0.6447916666666667 0.0484375 0.06875
45 0.34765625 0.8135416666666666 0.07968750000000001 0.08958333333333333
20 0.36640625000000004 0.5135416666666667 0.1015625 0.23124999999999998
43 0.3015625 0.6802083333333333 0.078125 0.08541666666666667
45 0.30312500000000003 0.5385416666666667 0.037500000000000006 0.03958333333333333
22 0.240625 0.6052083333333333 0.046875 0.06041666666666667
27 0.2421875 0.509375 0.09375 0.04791666666666666
6 0.16484375 0.7625 0.0921875 0.058333333333333334
4 0.1203125 0.5989583333333334 0.06875 0.04791666666666666
23 0.045312500000000006 0.6895833333333333 0.084375 0.09166666666666666
