19 0.80859375 0.665625 0.2421875 0.17708333333333334
11 0.8546875 0.8697916666666666 0.28750000000000003 0.22708333333333333
23 0.6570312500000001 0.93125 0.1328125 0.12916666666666665
43 0.5796875 0.8239583333333333 0.07500000000000001 0.07708333333333334
36 0.5890625 0.6145833333333334 0.05 0.06666666666666667
28 0.61484375 0.7104166666666667 0.07968750000000001 0.08333333333333333
17 0.4703125 0.7333333333333333 0.07187500000000001 0.10833333333333334
44 0.45703125 0.6447916666666667 0.0484375 0.06875
45 0.30781250000000004 0.8239583333333333 0.078125 0.08958333333333333
20 0.32421875 0.5177083333333333 0.1015625 0.23124999999999998
43 0.26171875 0.6895833333333333 0.07968750000000001 0.0875
45 0.2625 0.5427083333333333 0.037500000000000006 0.03958333333333333
22 0.19687500000000002 0.615625 0.046875 0.06041666666666667
27 0.19687500000000002 0.5166666666666666 0.09375 0.04583333333333333
6 0.12421875 0.7760416666666666 0.0921875 0.06041666666666667
4 0.07421875 0.609375 0.0734375 0.04791666666666666
