42 0.5953125 0.5979166666666667 0.065625 0.058333333333333334
32 0.578125 0.7208333333333333 0.05 0.125
19 0.41171875 0.6354166666666666 0.2328125 0.18333333333333332
11 0.5859375 0.8729166666666667 0.41250000000000003 0.25
23 0.30859375 0.9458333333333333 0.1453125 0.10416666666666667
43 0.2109375 0.8708333333333333 0.078125 0.09583333333333333
36 0.19140625 0.6520833333333333 0.0546875 0.07083333333333333
28 0.23125 0.7447916666666666 0.08125 0.08958333333333333
17 0.0734375 0.8260416666666667 0.084375 0.12291666666666666
44 0.041406250000000006 0.7270833333333333 0.0578125 0.09166666666666666
