42 0.6734375 0.6072916666666667 0.065625 0.06041666666666667
32 0.65390625 0.7291666666666666 0.051562500000000004 0.125
19 0.49062500000000003 0.6354166666666666 0.23125 0.17916666666666667
11 0.6640625 0.8760416666666666 0.421875 0.24791666666666667
23 0.3796875 0.9375 0.140625 0.12083333333333333
43 0.28828125 0.8468749999999999 0.0765625 0.08958333333333333
36 0.27578125000000003 0.634375 0.051562500000000004 0.06875
28 0.31171875000000004 0.7270833333333333 0.08281250000000001 0.0875
17 0.16015625 0.7958333333333333 0.08281250000000001 0.11666666666666667
44 0.134375 0.696875 0.05625 0.08541666666666667
