42 0.7578125 0.6177083333333333 0.06875 0.06458333333333333
32 0.73046875 0.7395833333333334 0.051562500000000004 0.12916666666666665
19 0.56796875 0.634375 0.22968750000000002 0.17291666666666666
11 0.7421875 0.875 0.434375 0.24583333333333332
23 0.45 0.9333333333333333 0.1375 0.12916666666666665
43 0.36328125 0.8322916666666667 0.0765625 0.08541666666666667
36 0.35703125 0.621875 0.051562500000000004 0.06875
28 0.38906250000000003 0.7145833333333333 0.08125 0.08333333333333333
17 0.2421875 0.771875 0.078125 0.11458333333333333
44 0.22031250000000002 0.675 0.05 0.07916666666666666
45 0.06640625 0.9072916666666666 0.0890625 0.10208333333333333
20 0.060937500000000006 0.565625 0.11875000000000001 0.25625
