42 0.84296875 0.6364583333333333 0.0734375 0.06458333333333333
32 0.8140625 0.7625 0.05625 0.14166666666666666
19 0.6484375 0.6395833333333333 0.234375 0.175
11 0.7992187500000001 0.8791666666666667 0.40156250000000004 0.23333333333333334
23 0.51875 0.9291666666666667 0.1375 0.12916666666666665
43 0.43593750000000003 0.8260416666666667 0.07500000000000001 0.07708333333333334
36 0.43359375 0.615625 0.051562500000000004 0.06875
28 0.46484375 0.7072916666666667 0.07968750000000001 0.08125
17 0.32109375 0.7510416666666666 0.0765625 0.11041666666666666
44 0.30000000000000004 0.6583333333333333 0.05 0.07916666666666666
45 0.15156250000000002 0.8729166666666667 0.084375 0.1
20 0.14140625 0.546875 0.1234375 0.24791666666666667
43 0.09531250000000001 0.7395833333333334 0.09375 0.1
45 0.08281250000000001 0.5791666666666666 0.043750000000000004 0.04583333333333333
22 0.0203125 0.6635416666666667 0.040625 0.07291666666666667
