29 0.634375 0.7177083333333333 0.08125 0.08541666666666667
9 0.82734375 0.6885416666666666 0.23593750000000002 0.32708333333333334
48 0.8359375 0.9364583333333333 0.046875 0.04375
48 0.47500000000000003 0.6979166666666666 0.040625 0.0375
50 0.48515625 0.8520833333333333 0.1921875 0.20833333333333334
16 0.6726562500000001 0.9135416666666667 0.1046875 0.16875
7 0.54609375 0.5479166666666666 0.1421875 0.2125
0 0.36328125 0.5833333333333334 0.15781250000000002 0.14583333333333334
29 0.32734375000000004 0.7260416666666667 0.06406250000000001 0.09791666666666667
44 0.278125 0.8572916666666667 0.08125 0.08541666666666667
22 0.19062500000000002 0.7447916666666666 0.09062500000000001 0.09375
46 0.1421875 0.6375 0.06875 0.12083333333333333
12 0.08125 0.5572916666666666 0.09062500000000001 0.17291666666666666
