29 0.521875 0.7135416666666666 0.084375 0.08541666666666667
9 0.7039062500000001 0.6677083333333333 0.22031250000000002 0.31875
48 0.7203125 0.9 0.046875 0.041666666666666664
48 0.36250000000000004 0.7083333333333334 0.040625 0.0375
50 0.37421875000000004 0.8624999999999999 0.1953125 0.21666666666666667
16 0.56953125 0.9114583333333334 0.1078125 0.17708333333333334
7 0.43046875 0.546875 0.1453125 0.21458333333333332
0 0.240625 0.6 0.16875 0.15
29 0.2078125 0.753125 0.06875 0.10625
44 0.15625 0.8947916666666667 0.09062500000000001 0.09791666666666667
22 0.06171875 0.7875 0.09531250000000001 0.10416666666666667
46 0.02421875 0.6770833333333334 0.0484375 0.12916666666666665
