29 0.446875 0.7125 0.084375 0.0875
9 0.6234375000000001 0.6572916666666666 0.20625000000000002 0.30625
48 0.64765625 0.8854166666666666 0.045312500000000006 0.0375
48 0.284375 0.7239583333333334 0.043750000000000004 0.03958333333333333
50 0.30078125 0.8791666666666667 0.2015625 0.23333333333333334
16 0.5007812500000001 0.9114583333333334 0.11406250000000001 0.16875
7 0.34921875 0.5541666666666667 0.15156250000000002 0.21666666666666667
0 0.1546875 0.615625 0.178125 0.16041666666666665
29 0.12265625000000001 0.7791666666666667 0.0734375 0.1125
44 0.07578125000000001 0.93125 0.0890625 0.10416666666666667
