29 0.6734375 0.7239583333333334 0.08125 0.08541666666666667
9 0.8679687500000001 0.7072916666666667 0.2328125 0.34791666666666665
48 0.875 0.9510416666666667 0.046875 0.04375
48 0.5125000000000001 0.6989583333333333 0.040625 0.035416666666666666
50 0.52109375 0.8520833333333333 0.1921875 0.20833333333333334
16 0.7054687500000001 0.9135416666666667 0.1046875 0.16875
7 0.58515625 0.55 0.1421875 0.2125
0 0.40234375 0.58125 0.15781250000000002 0.14583333333333334
29 0.36484375 0.71875 0.06406250000000001 0.09166666666666666
44 0.31562500000000004 0.8489583333333334 0.08125 0.08125
22 0.23593750000000002 0.734375 0.08750000000000001 0.08958333333333333
46 0.19453125000000002 0.6260416666666666 0.06406250000000001 0.11458333333333333
12 0.13046875 0.5479166666666666 0.0890625 0.16666666666666666
