29 0.87109375 0.7697916666666667 0.0921875 0.09375
48 0.6953125 0.7166666666666667 0.043750000000000004 0.029166666666666667
50 0.6960937500000001 0.8729166666666667 0.2078125 0.18333333333333332
16 0.878125 0.94375 0.065625 0.1125
7 0.78828125 0.5770833333333333 0.1703125 0.225
0 0.5945312500000001 0.5791666666666666 0.15156250000000002 0.14583333333333334
29 0.5453125 0.7104166666666667 0.0625 0.09166666666666666
44 0.48984375 0.825 0.0765625 0.06666666666666667
22 0.42421875000000003 0.703125 0.08281250000000001 0.07708333333333334
46 0.39453125 0.5979166666666667 0.0578125 0.10833333333333334
12 0.34140625 0.5135416666666667 0.0703125 0.16041666666666665
14 0.2234375 0.696875 0.20625000000000002 0.16458333333333333
43 0.2328125 0.6104166666666666 0.084375 0.0375
33 0.26484375 0.4125 0.0328125 0.12083333333333333
30 0.309375 0.509375 0.16875 0.06458333333333333
49 0.178125 0.4947916666666667 0.046875 0.12708333333333333
18 0.08203125 0.5958333333333333 0.0421875 0.05416666666666667
32 0.043750000000000004 0.6729166666666666 0.065625 0.07083333333333333
