29 0.484375 0.7135416666666666 0.084375 0.08541666666666667
9 0.66015625 0.6604166666666667 0.2109375 0.30833333333333335
48 0.68515625 0.8937499999999999 0.045312500000000006 0.0375
48 0.32343750000000004 0.7166666666666667 0.040625 0.0375
50 0.3375 0.871875 0.2 0.23124999999999998
16 0.53515625 0.9114583333333334 0.11406250000000001 0.16875
7 0.39140625 0.55 0.1453125 0.21666666666666667
0 0.19765625 0.60625 0.17343750000000002 0.15833333333333333
29 0.16640625 0.7625 0.0734375 0.1125
44 0.1171875 0.9104166666666667 0.09062500000000001 0.1
22 0.03359375 0.80625 0.06406250000000001 0.1125
