34 0.5 0.5927083333333333 0.19062500000000002 0.42291666666666666
47 0.6664062500000001 0.7645833333333333 0.1421875 0.11666666666666667
42 0.8054687500000001 0.7645833333333333 0.06406250000000001 0.08333333333333333
30 0.9015625 0.5625 0.10312500000000001 0.19583333333333333
50 0.76484375 0.6020833333333333 0.1234375 0.075
2 0.7859375000000001 0.534375 0.084375 0.03958333333333333
41 0.8296875 0.46979166666666666 0.13125 0.06875
28 0.8148437500000001 0.3802083333333333 0.045312500000000006 0.027083333333333334
19 0.72421875 0.4166666666666667 0.13593750000000002 0.07083333333333333
37 0.7328125000000001 0.3614583333333333 0.03125 0.03958333333333333
36 0.66171875 0.35833333333333334 0.0390625 0.05416666666666667
12 0.6609375000000001 0.4895833333333333 0.06875 0.14583333333333334
15 0.6359375 0.596875 0.10312500000000001 0.13125
13 0.8296875 0.4145833333333333 0.040625 0.03333333333333333
34 0.6109375 0.3260416666666667 0.065625 0.20625
