34 0.62265625 0.6 0.1921875 0.42916666666666664
47 0.7859375000000001 0.7875 0.15000000000000002 0.13333333333333333
42 0.9343750000000001 0.803125 0.0625 0.08541666666666667
50 0.8984375 0.6302083333333334 0.1375 0.07708333333333334
2 0.9164062500000001 0.5614583333333333 0.08281250000000001 0.03958333333333333
28 0.9617187500000001 0.40208333333333335 0.051562500000000004 0.03333333333333333
19 0.8734375000000001 0.434375 0.15937500000000002 0.08541666666666667
37 0.87421875 0.371875 0.0328125 0.03958333333333333
36 0.79453125 0.36666666666666664 0.0390625 0.05416666666666667
12 0.7914062500000001 0.5083333333333333 0.0921875 0.17083333333333334
15 0.7546875000000001 0.6104166666666666 0.1125 0.13333333333333333
13 0.9750000000000001 0.43854166666666666 0.046875 0.03958333333333333
34 0.7468750000000001 0.33229166666666665 0.07500000000000001 0.21041666666666667
