34 0.34453125 0.6 0.21406250000000002 0.4166666666666667
47 0.5171875 0.75 0.1375 0.10416666666666667
42 0.6468750000000001 0.73125 0.053125000000000006 0.075
9 0.7718750000000001 0.6572916666666666 0.17500000000000002 0.19375
30 0.7203125 0.5291666666666667 0.084375 0.17083333333333334
50 0.6023437500000001 0.58125 0.11093750000000001 0.07083333333333333
2 0.61640625 0.5145833333333333 0.0671875 0.041666666666666664
41 0.6578125 0.4479166666666667 0.11875000000000001 0.0625
28 0.6390625000000001 0.36666666666666664 0.037500000000000006 0.029166666666666667
19 0.5640625 0.409375 0.134375 0.06875
37 0.56171875 0.35104166666666664 0.026562500000000003 0.035416666666666666
36 0.49375 0.3541666666666667 0.040625 0.05416666666666667
12 0.49921875000000004 0.484375 0.0671875 0.14791666666666667
15 0.47968750000000004 0.590625 0.10312500000000001 0.13125
13 0.6515625 0.39791666666666664 0.037500000000000006 0.03333333333333333
34 0.4421875 0.32708333333333334 0.065625 0.20833333333333334
