34 0.21015625000000002 0.6145833333333334 0.2484375 0.42916666666666664
47 0.40703125 0.7520833333333333 0.1390625 0.09583333333333333
42 0.5359375000000001 0.7229166666666667 0.053125000000000006 0.075
9 0.6484375 0.6354166666666666 0.15625 0.18333333333333332
30 0.59921875 0.515625 0.0703125 0.16041666666666665
50 0.4859375 0.5770833333333333 0.109375 0.06666666666666667
2 0.49921875000000004 0.5125 0.0671875 0.041666666666666664
41 0.5328125 0.4427083333333333 0.10625000000000001 0.05625
28 0.5109375 0.36354166666666665 0.034375 0.03125
19 0.44140625 0.40729166666666666 0.13593750000000002 0.06875
37 0.43515625 0.35 0.026562500000000003 0.0375
36 0.36640625000000004 0.359375 0.0390625 0.06041666666666667
12 0.3796875 0.4875 0.07187500000000001 0.14583333333333334
15 0.35859375000000004 0.6020833333333333 0.1171875 0.13333333333333333
13 0.5281250000000001 0.39375 0.034375 0.03333333333333333
34 0.31015625 0.3333333333333333 0.07968750000000001 0.2125
