34 0.38125000000000003 0.5989583333333334 0.20625000000000002 0.41875
47 0.55390625 0.7520833333333333 0.13593750000000002 0.10833333333333334
42 0.68515625 0.7395833333333334 0.0546875 0.07916666666666666
9 0.815625 0.6666666666666666 0.184375 0.2
30 0.7640625000000001 0.534375 0.09375 0.17291666666666666
50 0.640625 0.5854166666666667 0.109375 0.07083333333333333
2 0.65546875 0.51875 0.0671875 0.041666666666666664
41 0.6976562500000001 0.45208333333333334 0.1171875 0.0625
28 0.67890625 0.3677083333333333 0.035937500000000004 0.027083333333333334
19 0.603125 0.409375 0.134375 0.06875
37 0.6039062500000001 0.3520833333333333 0.026562500000000003 0.0375
36 0.53671875 0.3541666666666667 0.0390625 0.05416666666666667
12 0.53828125 0.484375 0.0671875 0.14791666666666667
15 0.51875 0.590625 0.10312500000000001 0.13125
13 0.6960937500000001 0.4010416666666667 0.035937500000000004 0.03125
34 0.48515625 0.3260416666666667 0.06406250000000001 0.20625
