34 0.421875 0.5947916666666666 0.19062500000000002 0.42291666666666666
47 0.59140625 0.7541666666666667 0.1390625 0.1125
42 0.7250000000000001 0.7447916666666666 0.059375000000000004 0.08125
9 0.8578125000000001 0.6760416666666667 0.19062500000000002 0.20625
30 0.8125 0.5447916666666667 0.09062500000000001 0.17291666666666666
50 0.6796875 0.5895833333333333 0.109375 0.07083333333333333
2 0.69453125 0.5229166666666667 0.0671875 0.041666666666666664
41 0.7445312500000001 0.45625 0.1203125 0.0625
28 0.7250000000000001 0.37083333333333335 0.040625 0.029166666666666667
19 0.64609375 0.4114583333333333 0.13593750000000002 0.07291666666666667
37 0.6468750000000001 0.3541666666666667 0.028125 0.0375
36 0.578125 0.3541666666666667 0.040625 0.05416666666666667
12 0.58203125 0.4822916666666667 0.0703125 0.14791666666666667
15 0.5578125 0.590625 0.10312500000000001 0.13125
13 0.7390625000000001 0.4041666666666667 0.040625 0.03333333333333333
34 0.5242187500000001 0.3260416666666667 0.06406250000000001 0.20625
