24 0.88046875 0.634375 0.0765625 0.07291666666666667
17 0.7609375 0.665625 0.07187500000000001 0.10625
7 0.74921875 0.484375 0.1640625 0.16875
0 0.6742187500000001 0.45 0.1015625 0.1
29 0.6648437500000001 0.596875 0.0390625 0.04791666666666666
9 0.6125 0.596875 0.09062500000000001 0.3020833333333333
33 0.6257812500000001 0.3 0.0234375 0.0875
30 0.61484375 0.3645833333333333 0.0671875 0.058333333333333334
12 0.56796875 0.35520833333333335 0.0390625 0.11458333333333333
29 0.5421875 0.48854166666666665 0.06875 0.03958333333333333
48 0.50390625 0.7166666666666667 0.029687500000000002 0.0375
46 0.5375 0.4041666666666667 0.037500000000000006 0.06666666666666667
49 0.521875 0.32395833333333335 0.028125 0.08541666666666667
43 0.48828125 0.3875 0.0390625 0.03333333333333333
22 0.5 0.44895833333333335 0.065625 0.03958333333333333
16 0.4734375 0.6427083333333333 0.1125 0.07291666666666667
18 0.4578125 0.35833333333333334 0.037500000000000006 0.029166666666666667
44 0.44843750000000004 0.49895833333333334 0.05 0.027083333333333334
50 0.47421875 0.55 0.1203125 0.09166666666666666
14 0.42734375 0.40625 0.08281250000000001 0.09166666666666666
