24 0.39140625 0.5947916666666666 0.0671875 0.052083333333333336
17 0.28828125 0.6614583333333334 0.0671875 0.10625
7 0.25625000000000003 0.4864583333333333 0.15937500000000002 0.18125
0 0.16484375 0.4739583333333333 0.11093750000000001 0.10625
29 0.1859375 0.6291666666666667 0.05 0.058333333333333334
9 0.11796875000000001 0.646875 0.13593750000000002 0.32708333333333334
33 0.09375 0.3229166666666667 0.040625 0.09583333333333333
30 0.0890625 0.396875 0.08750000000000001 0.06041666666666667
12 0.029687500000000002 0.3885416666666667 0.053125000000000006 0.11458333333333333
29 0.032031250000000004 0.5510416666666667 0.060937500000000006 0.06041666666666667
48 0.01953125 0.8260416666666667 0.029687500000000002 0.052083333333333336
