24 0.8359375 0.6229166666666667 0.07187500000000001 0.075
17 0.7195312500000001 0.659375 0.0703125 0.10625
7 0.71015625 0.4791666666666667 0.1640625 0.17083333333333334
0 0.63203125 0.44687499999999997 0.09843750000000001 0.09791666666666667
29 0.6257812500000001 0.5916666666666667 0.0390625 0.05
9 0.56875 0.5947916666666666 0.08750000000000001 0.29791666666666666
33 0.5828125000000001 0.3 0.025 0.0875
30 0.5710937500000001 0.36354166666666665 0.0671875 0.05625
12 0.521875 0.35520833333333335 0.037500000000000006 0.11458333333333333
29 0.5007812500000001 0.48854166666666665 0.06406250000000001 0.03958333333333333
48 0.46640625 0.7166666666666667 0.029687500000000002 0.0375
46 0.49843750000000003 0.4041666666666667 0.037500000000000006 0.06666666666666667
49 0.48125 0.32395833333333335 0.028125 0.08541666666666667
43 0.44765625000000003 0.38958333333333334 0.0390625 0.03333333333333333
22 0.4609375 0.44895833333333335 0.065625 0.03958333333333333
16 0.4375 0.6416666666666666 0.1125 0.075
18 0.41718750000000004 0.36041666666666666 0.037500000000000006 0.029166666666666667
44 0.40859375000000003 0.5010416666666666 0.0484375 0.022916666666666665
50 0.43593750000000003 0.5510416666666667 0.12187500000000001 0.09375
14 0.38593750000000004 0.40729166666666666 0.084375 0.08958333333333333
