24 0.7453125 0.60625 0.06875 0.07083333333333333
17 0.63828125 0.6458333333333334 0.06406250000000001 0.1
7 0.62109375 0.46979166666666666 0.15156250000000002 0.16458333333333333
0 0.5453125 0.44687499999999997 0.1 0.10208333333333333
29 0.5476562500000001 0.5916666666666667 0.0421875 0.058333333333333334
9 0.48984375 0.5958333333333333 0.0921875 0.30416666666666664
33 0.49453125000000003 0.2989583333333333 0.0234375 0.08541666666666667
30 0.48671875000000003 0.3645833333333333 0.06406250000000001 0.05416666666666667
12 0.4390625 0.3572916666666667 0.037500000000000006 0.11458333333333333
29 0.41796875 0.490625 0.0671875 0.04375
48 0.390625 0.7229166666666667 0.028125 0.0375
46 0.4140625 0.40729166666666666 0.037500000000000006 0.06875
49 0.36640625000000004 0.3458333333333333 0.029687500000000002 0.08333333333333333
43 0.321875 0.41770833333333335 0.040625 0.03125
22 0.37734375000000003 0.4552083333333333 0.0671875 0.03958333333333333
16 0.35546875 0.6541666666666667 0.1171875 0.08333333333333333
18 0.26640625 0.3802083333333333 0.0390625 0.027083333333333334
44 0.32109375 0.509375 0.0546875 0.022916666666666665
50 0.35234375 0.55625 0.1265625 0.0875
14 0.296875 0.41354166666666664 0.09062500000000001 0.09375
