48 0.46171875 0.746875 0.0421875 0.027083333333333334
33 0.49609375 0.55 0.0421875 0.1625
16 0.596875 0.6770833333333334 0.078125 0.10416666666666667
40 0.66796875 0.7552083333333334 0.0765625 0.10625
49 0.85859375 0.7083333333333334 0.0671875 0.17916666666666667
18 0.7601562500000001 0.5916666666666667 0.029687500000000002 0.13333333333333333
46 0.6000000000000001 0.5739583333333333 0.065625 0.07708333333333334
50 0.51953125 0.39375 0.0484375 0.075
33 0.59609375 0.4114583333333333 0.029687500000000002 0.11458333333333333
0 0.6984375 0.3697916666666667 0.096875 0.07291666666666667
29 0.70859375 0.5791666666666666 0.08281250000000001 0.041666666666666664
25 0.64765625 0.496875 0.0328125 0.04375
48 0.70703125 0.525 0.029687500000000002 0.020833333333333332
47 0.6984375 0.4322916666666667 0.09062500000000001 0.04375
24 0.7328125000000001 0.47604166666666664 0.03125 0.05625
18 0.775 0.546875 0.07187500000000001 0.052083333333333336
17 0.58359375 0.5197916666666667 0.0546875 0.07291666666666667
30 0.52890625 0.48541666666666666 0.11093750000000001 0.05416666666666667
