48 0.53359375 0.746875 0.0390625 0.022916666666666665
33 0.57578125 0.5541666666666667 0.0390625 0.16666666666666666
16 0.66953125 0.6875 0.08281250000000001 0.09583333333333333
40 0.74609375 0.76875 0.08281250000000001 0.1125
49 0.95703125 0.74375 0.08281250000000001 0.19583333333333333
18 0.85546875 0.609375 0.0390625 0.13958333333333334
46 0.6796875 0.5822916666666667 0.065625 0.07708333333333334
50 0.6039062500000001 0.39479166666666665 0.045312500000000006 0.07708333333333334
33 0.6796875 0.41770833333333335 0.037500000000000006 0.11458333333333333
0 0.796875 0.375 0.109375 0.07083333333333333
29 0.7937500000000001 0.5958333333333333 0.08750000000000001 0.05
25 0.7375 0.5052083333333334 0.037500000000000006 0.04375
48 0.7937500000000001 0.5395833333333333 0.034375 0.029166666666666667
47 0.79453125 0.44479166666666664 0.1046875 0.04791666666666666
24 0.83125 0.49374999999999997 0.037500000000000006 0.058333333333333334
18 0.8734375000000001 0.5708333333333333 0.078125 0.05416666666666667
17 0.6671875 0.5229166666666667 0.05625 0.06666666666666667
30 0.6171875 0.48854166666666665 0.109375 0.052083333333333336
