48 0.27109375 0.7770833333333333 0.0421875 0.029166666666666667
33 0.29921875000000003 0.5645833333333333 0.0484375 0.16666666666666666
16 0.40468750000000003 0.6822916666666666 0.07500000000000001 0.10625
40 0.48203125 0.7427083333333333 0.0765625 0.10625
49 0.66171875 0.66875 0.060937500000000006 0.17916666666666667
18 0.56640625 0.5697916666666667 0.026562500000000003 0.12708333333333333
46 0.403125 0.5770833333333333 0.065625 0.08333333333333333
50 0.31796875 0.4 0.0484375 0.075
33 0.3921875 0.4125 0.037500000000000006 0.11666666666666667
0 0.49609375 0.35520833333333335 0.09531250000000001 0.07291666666666667
29 0.5140625 0.5645833333333333 0.084375 0.041666666666666664
25 0.45234375000000004 0.49166666666666664 0.0328125 0.04583333333333333
48 0.509375 0.5125 0.03125 0.020833333333333332
47 0.49609375 0.42291666666666666 0.0890625 0.041666666666666664
24 0.534375 0.4635416666666667 0.03125 0.05625
18 0.57578125 0.5270833333333333 0.0671875 0.04583333333333333
17 0.38828125 0.5229166666666667 0.0546875 0.075
30 0.3328125 0.4927083333333333 0.1125 0.05625
