48 0.31015625 0.7697916666666667 0.0421875 0.027083333333333334
33 0.3375 0.5604166666666667 0.046875 0.16666666666666666
16 0.44375000000000003 0.6791666666666667 0.07500000000000001 0.10416666666666667
40 0.5203125000000001 0.7427083333333333 0.07500000000000001 0.10625
49 0.7000000000000001 0.675 0.065625 0.175
18 0.6039062500000001 0.5729166666666666 0.029687500000000002 0.12916666666666665
46 0.44375000000000003 0.575 0.065625 0.08333333333333333
50 0.35859375000000004 0.396875 0.0484375 0.07708333333333334
33 0.43359375 0.4114583333333333 0.0328125 0.11458333333333333
0 0.5375 0.359375 0.09375 0.07291666666666667
29 0.55234375 0.565625 0.08281250000000001 0.03958333333333333
25 0.49140625000000004 0.4927083333333333 0.0328125 0.04375
48 0.54921875 0.5145833333333333 0.029687500000000002 0.020833333333333332
47 0.5359375000000001 0.42291666666666666 0.08750000000000001 0.041666666666666664
24 0.57421875 0.4635416666666667 0.029687500000000002 0.05625
18 0.6156250000000001 0.53125 0.065625 0.05
17 0.42734375 0.521875 0.0546875 0.07291666666666667
30 0.371875 0.48854166666666665 0.1125 0.05625
