48 0.56953125 0.7489583333333333 0.0421875 0.022916666666666665
33 0.61484375 0.55625 0.0390625 0.16666666666666666
16 0.71015625 0.69375 0.0859375 0.09583333333333333
40 0.78828125 0.778125 0.0890625 0.11458333333333333
18 0.9007812500000001 0.6177083333333333 0.0390625 0.13958333333333334
46 0.721875 0.5885416666666666 0.07187500000000001 0.08125
50 0.6492187500000001 0.396875 0.0484375 0.07708333333333334
33 0.72265625 0.42083333333333334 0.0390625 0.12083333333333333
0 0.84375 0.378125 0.109375 0.08125
29 0.8328125000000001 0.6041666666666666 0.08750000000000001 0.05
25 0.7765625 0.509375 0.037500000000000006 0.04375
48 0.8445312500000001 0.5458333333333333 0.035937500000000004 0.029166666666666667
47 0.83984375 0.4510416666666667 0.1046875 0.04791666666666666
24 0.8796875000000001 0.49895833333333334 0.040625 0.06041666666666667
18 0.91796875 0.5791666666666666 0.07968750000000001 0.05416666666666667
17 0.7109375 0.5270833333333333 0.05625 0.06666666666666667
30 0.6570312500000001 0.4875 0.11093750000000001 0.058333333333333334
