48 0.34921875 0.7614583333333333 0.0421875 0.027083333333333334
33 0.37812500000000004 0.55625 0.040625 0.1625
16 0.47968750000000004 0.6770833333333334 0.078125 0.10416666666666667
40 0.5546875 0.7416666666666667 0.078125 0.1
49 0.7406250000000001 0.6822916666666666 0.065625 0.17708333333333334
18 0.6429687500000001 0.575 0.029687500000000002 0.12916666666666665
46 0.48281250000000003 0.5729166666666666 0.065625 0.08333333333333333
50 0.40078125000000003 0.39791666666666664 0.0484375 0.075
33 0.47265625 0.41041666666666665 0.0328125 0.1125
0 0.5789062500000001 0.36041666666666666 0.09531250000000001 0.07083333333333333
29 0.59140625 0.5677083333333334 0.08281250000000001 0.03958333333333333
25 0.53046875 0.4927083333333333 0.0328125 0.04375
48 0.5890625 0.5145833333333333 0.03125 0.020833333333333332
47 0.58125 0.4239583333333333 0.096875 0.04375
24 0.6156250000000001 0.46770833333333334 0.03125 0.05625
18 0.6546875000000001 0.5333333333333333 0.065625 0.05
17 0.46640625 0.5197916666666667 0.0546875 0.07291666666666667
30 0.41250000000000003 0.4864583333333333 0.1125 0.05625
