24 0.7976562500000001 0.6354166666666666 0.035937500000000004 0.05
23 0.7523437500000001 0.775 0.1390625 0.14166666666666666
2 0.61484375 0.740625 0.15781250000000002 0.09375
3 0.88046875 0.921875 0.23593750000000002 0.15625
8 0.53125 0.934375 0.10312500000000001 0.12291666666666666
26 0.6234375000000001 0.9104166666666667 0.034375 0.0625
22 0.50625 0.7770833333333333 0.065625 0.0875
0 0.546875 0.5875 0.17500000000000002 0.15416666666666667
25 0.68359375 0.65 0.051562500000000004 0.05416666666666667
9 0.37578125 0.5145833333333333 0.11093750000000001 0.22916666666666666
7 0.32656250000000003 0.728125 0.209375 0.29375
3 0.1953125 0.8989583333333333 0.384375 0.19791666666666666
10 0.1296875 0.70625 0.06875 0.15416666666666667
6 0.09765625 0.628125 0.045312500000000006 0.04791666666666666
