24 0.51796875 0.603125 0.0328125 0.04791666666666666
23 0.4859375 0.7458333333333333 0.13125 0.12916666666666665
2 0.35468750000000004 0.74375 0.16562500000000002 0.058333333333333334
3 0.6492187500000001 0.884375 0.2984375 0.22708333333333333
8 0.28671875 0.9572916666666667 0.1078125 0.08125
26 0.37734375000000003 0.9145833333333333 0.029687500000000002 0.06666666666666667
22 0.24375000000000002 0.8156249999999999 0.07187500000000001 0.09375
0 0.26640625 0.6145833333333334 0.18281250000000002 0.16666666666666666
25 0.41328125000000004 0.64375 0.0484375 0.05416666666666667
9 0.0671875 0.5677083333333334 0.134375 0.25625
