24 0.93359375 0.671875 0.0421875 0.05625
23 0.878125 0.8125 0.146875 0.15
2 0.7312500000000001 0.759375 0.16562500000000002 0.11458333333333333
8 0.63671875 0.9427083333333334 0.1015625 0.11041666666666666
26 0.7328125000000001 0.9322916666666666 0.034375 0.06458333333333333
22 0.6171875 0.7822916666666666 0.065625 0.08958333333333333
0 0.6625000000000001 0.5979166666666667 0.17500000000000002 0.15
25 0.8078125 0.6739583333333333 0.05625 0.06041666666666667
9 0.49843750000000003 0.5135416666666667 0.109375 0.23124999999999998
7 0.44296875 0.7104166666666667 0.19843750000000002 0.3
3 0.30859375 0.88125 0.35468750000000004 0.23333333333333334
10 0.2578125 0.6739583333333333 0.05625 0.14791666666666667
6 0.23125 0.5947916666666666 0.040625 0.04375
4 0.1296875 0.8052083333333333 0.08750000000000001 0.09375
3 0.11171875 0.6708333333333333 0.22031250000000002 0.18333333333333332
11 0.0703125 0.571875 0.140625 0.10625
