2 0.9 0.809375 0.1875 0.15208333333333332
8 0.7835937500000001 0.9562499999999999 0.1078125 0.0875
26 0.8929687500000001 0.9760416666666667 0.045312500000000006 0.04375
22 0.7742187500000001 0.8125 0.0703125 0.09166666666666666
0 0.8359375 0.6229166666666667 0.2 0.15833333333333333
9 0.659375 0.5135416666666667 0.11875000000000001 0.23124999999999998
7 0.596875 0.7135416666666666 0.1875 0.31875
3 0.4609375 0.871875 0.3375 0.2520833333333333
10 0.41875 0.6520833333333333 0.053125000000000006 0.14166666666666666
6 0.39453125 0.5739583333333333 0.0390625 0.04375
4 0.29453125 0.7583333333333333 0.0765625 0.0875
3 0.284375 0.6291666666666667 0.2 0.17083333333333334
11 0.209375 0.5385416666666667 0.21875 0.10208333333333333
5 0.1609375 0.81875 0.12187500000000001 0.1125
12 0.153125 0.6552083333333333 0.11875000000000001 0.21458333333333332
6 0.08515625 0.7010416666666667 0.0578125 0.07291666666666667
1 0.06328125 0.5875 0.0671875 0.14583333333333334
