2 0.91015625 0.8114583333333333 0.1765625 0.14791666666666667
8 0.79453125 0.9625 0.1078125 0.075
26 0.90546875 0.9791666666666666 0.0421875 0.0375
22 0.7875000000000001 0.8177083333333334 0.06875 0.08958333333333333
0 0.8539062500000001 0.6270833333333333 0.19843750000000002 0.15833333333333333
9 0.6765625000000001 0.515625 0.11875000000000001 0.23124999999999998
7 0.6117187500000001 0.7166666666666667 0.1859375 0.31666666666666665
3 0.47265625 0.8708333333333333 0.3328125 0.25416666666666665
10 0.43203125000000003 0.65 0.0484375 0.1375
6 0.4109375 0.571875 0.037500000000000006 0.04375
4 0.30859375 0.7541666666666667 0.0765625 0.0875
3 0.30000000000000004 0.625 0.2 0.17083333333333334
11 0.22578125000000002 0.534375 0.2109375 0.10208333333333333
5 0.17578125 0.8145833333333333 0.1203125 0.1125
12 0.17109375000000002 0.65 0.1171875 0.2125
6 0.10234375000000001 0.6979166666666666 0.0546875 0.07083333333333333
1 0.08125 0.5822916666666667 0.065625 0.14375
4 0.01953125 0.7583333333333333 0.0390625 0.07083333333333333
