24 0.6742187500000001 0.6135416666666667 0.0328125 0.04791666666666666
23 0.63671875 0.7541666666666667 0.1328125 0.13333333333333333
2 0.50390625 0.7333333333333333 0.15781250000000002 0.07916666666666666
3 0.7890625 0.9083333333333333 0.28125 0.18333333333333332
8 0.42812500000000003 0.9395833333333333 0.10312500000000001 0.11666666666666667
26 0.51796875 0.9041666666666667 0.0328125 0.06666666666666667
22 0.3984375 0.7833333333333333 0.06875 0.09166666666666666
0 0.4265625 0.596875 0.178125 0.16041666666666665
25 0.56640625 0.6385416666666667 0.0484375 0.052083333333333336
9 0.24296875 0.5333333333333333 0.1296875 0.24166666666666667
7 0.20468750000000002 0.7552083333333334 0.240625 0.29791666666666666
3 0.13671875 0.9197916666666667 0.2703125 0.15625
