20 0.6179687500000001 0.41354166666666664 0.0890625 0.17291666666666666
28 0.6640625 0.5229166666666667 0.05 0.058333333333333334
32 0.76171875 0.60625 0.0921875 0.075
23 0.6312500000000001 0.6416666666666666 0.10625000000000001 0.06666666666666667
36 0.56484375 0.5489583333333333 0.0421875 0.05625
4 0.50234375 0.5083333333333333 0.045312500000000006 0.041666666666666664
45 0.49765625 0.45208333333333334 0.029687500000000002 0.041666666666666664
17 0.5015625 0.41875 0.040625 0.05416666666666667
19 0.4609375 0.753125 0.28125 0.22708333333333333
22 0.47265625 0.378125 0.029687500000000002 0.03958333333333333
11 0.515625 0.3645833333333333 0.12812500000000002 0.0375
23 0.43828125 0.4125 0.0390625 0.041666666666666664
43 0.43046875 0.58125 0.0578125 0.07083333333333333
42 0.37421875000000004 0.5208333333333334 0.0421875 0.05
43 0.40468750000000003 0.4927083333333333 0.040625 0.03958333333333333
27 0.37890625 0.4614583333333333 0.0421875 0.04791666666666666
44 0.4078125 0.3541666666666667 0.018750000000000003 0.0625
31 0.35625 0.421875 0.025 0.03125
6 0.35390625000000003 0.3885416666666667 0.0421875 0.027083333333333334
