20 0.41250000000000003 0.4114583333333333 0.096875 0.18541666666666667
28 0.4625 0.5177083333333333 0.05 0.05625
32 0.5632812500000001 0.5822916666666667 0.0859375 0.08125
23 0.43828125 0.6385416666666667 0.1046875 0.05625
36 0.36875 0.55625 0.043750000000000004 0.058333333333333334
4 0.296875 0.521875 0.046875 0.04375
45 0.2890625 0.46770833333333334 0.037500000000000006 0.04791666666666666
17 0.29453125 0.428125 0.0421875 0.052083333333333336
19 0.27187500000000003 0.778125 0.28125 0.22708333333333333
22 0.26171875 0.3885416666666667 0.0328125 0.03958333333333333
11 0.3046875 0.371875 0.134375 0.035416666666666666
23 0.22578125000000002 0.4270833333333333 0.0421875 0.041666666666666664
43 0.22812500000000002 0.60625 0.0625 0.07083333333333333
42 0.1609375 0.553125 0.043750000000000004 0.05625
43 0.19843750000000002 0.51875 0.040625 0.041666666666666664
27 0.1625 0.4895833333333333 0.043750000000000004 0.05416666666666667
44 0.18906250000000002 0.37083333333333335 0.025 0.0625
31 0.13359375 0.4479166666666667 0.029687500000000002 0.03333333333333333
6 0.1328125 0.4166666666666667 0.046875 0.029166666666666667
