20 0.7039062500000001 0.41875 0.0921875 0.175
28 0.7468750000000001 0.534375 0.053125000000000006 0.06458333333333333
32 0.8515625 0.6208333333333333 0.1 0.07083333333333333
23 0.7117187500000001 0.6510416666666666 0.11093750000000001 0.07291666666666667
36 0.64453125 0.5552083333333333 0.0421875 0.06041666666666667
4 0.5867187500000001 0.5104166666666666 0.0484375 0.041666666666666664
45 0.5765625 0.4552083333333333 0.034375 0.04375
17 0.58359375 0.4197916666666667 0.0421875 0.05625
19 0.5453125 0.7489583333333333 0.2625 0.23541666666666666
22 0.55390625 0.378125 0.029687500000000002 0.03958333333333333
11 0.59921875 0.36666666666666664 0.1296875 0.0375
23 0.51875 0.4083333333333333 0.040625 0.0375
43 0.50703125 0.5802083333333333 0.0546875 0.07291666666666667
42 0.45390625 0.5166666666666666 0.0390625 0.05
43 0.48671875000000003 0.4927083333333333 0.0390625 0.03958333333333333
27 0.46015625000000004 0.459375 0.0390625 0.04791666666666666
44 0.4921875 0.35104166666666664 0.018750000000000003 0.05625
31 0.4390625 0.41875 0.025 0.029166666666666667
6 0.44062500000000004 0.38645833333333335 0.043750000000000004 0.027083333333333334
