20 0.240625 0.425 0.10312500000000001 0.19583333333333333
28 0.30234375 0.5302083333333333 0.0484375 0.06041666666666667
32 0.40859375000000003 0.5864583333333333 0.0859375 0.08958333333333333
23 0.28203125 0.6552083333333333 0.1078125 0.052083333333333336
36 0.2015625 0.58125 0.046875 0.0625
4 0.13125 0.5510416666666667 0.053125000000000006 0.04375
45 0.11015625000000001 0.4927083333333333 0.0390625 0.04791666666666666
17 0.11406250000000001 0.45416666666666666 0.046875 0.058333333333333334
19 0.12812500000000002 0.821875 0.25625000000000003 0.23541666666666666
22 0.07500000000000001 0.4125 0.037500000000000006 0.0375
11 0.1203125 0.390625 0.15000000000000002 0.04791666666666666
23 0.03515625 0.45625 0.0484375 0.05
43 0.0484375 0.6520833333333333 0.07187500000000001 0.075
