20 0.178125 0.4395833333333333 0.12187500000000001 0.20833333333333334
28 0.2515625 0.5354166666666667 0.05625 0.06666666666666667
32 0.3671875 0.590625 0.09062500000000001 0.08958333333333333
23 0.23515625 0.6666666666666666 0.11406250000000001 0.05416666666666667
36 0.15156250000000002 0.584375 0.053125000000000006 0.06458333333333333
4 0.07578125000000001 0.5645833333333333 0.0546875 0.041666666666666664
45 0.06484375 0.503125 0.035937500000000004 0.04791666666666666
17 0.06484375 0.4635416666666667 0.0484375 0.06041666666666667
19 0.10859375 0.8416666666666667 0.2171875 0.24583333333333332
22 0.02421875 0.42291666666666666 0.0390625 0.041666666666666664
11 0.0765625 0.3989583333333333 0.15000000000000002 0.04791666666666666
