20 0.27968750000000003 0.421875 0.10312500000000001 0.19375
28 0.34218750000000003 0.5239583333333333 0.053125000000000006 0.06041666666666667
32 0.44765625000000003 0.5822916666666667 0.0859375 0.08125
23 0.3203125 0.6489583333333333 0.10625000000000001 0.052083333333333336
36 0.246875 0.571875 0.046875 0.06458333333333333
4 0.1765625 0.540625 0.053125000000000006 0.04375
45 0.15781250000000002 0.484375 0.040625 0.04791666666666666
17 0.16171875000000002 0.44479166666666664 0.0484375 0.05625
19 0.15156250000000002 0.8114583333333333 0.29375 0.23541666666666666
22 0.12265625000000001 0.4041666666666667 0.035937500000000004 0.0375
11 0.16953125000000002 0.3854166666666667 0.1453125 0.04583333333333333
23 0.08515625 0.44687499999999997 0.0484375 0.04791666666666666
43 0.09609375 0.6395833333333333 0.0734375 0.075
42 0.02109375 0.5875 0.0421875 0.0625
43 0.059375000000000004 0.5489583333333333 0.043750000000000004 0.03958333333333333
27 0.02109375 0.5166666666666666 0.0421875 0.058333333333333334
44 0.043750000000000004 0.390625 0.03125 0.06875
