5 0.53046875 0.6208333333333333 0.1078125 0.058333333333333334
8 0.38515625000000003 0.5979166666666667 0.051562500000000004 0.07916666666666666
30 0.4453125 0.47604166666666664 0.1125 0.21875
2 0.35390625000000003 0.7322916666666667 0.0859375 0.10208333333333333
29 0.3453125 0.5479166666666666 0.07500000000000001 0.058333333333333334
20 0.33359375 0.36875 0.0765625 0.2583333333333333
5 0.27109375 0.36875 0.045312500000000006 0.020833333333333332
27 0.240625 0.51875 0.08750000000000001 0.05
13 0.22812500000000002 0.45729166666666665 0.07187500000000001 0.027083333333333334
37 0.20390625 0.4083333333333333 0.0328125 0.04583333333333333
26 0.28828125 0.40729166666666666 0.0234375 0.01875
41 0.19843750000000002 0.625 0.140625 0.09583333333333333
11 0.20390625 0.8156249999999999 0.33906250000000004 0.29791666666666666
33 0.153125 0.5114583333333333 0.053125000000000006 0.15208333333333332
37 0.12109375 0.4770833333333333 0.029687500000000002 0.058333333333333334
27 0.16718750000000002 0.39375 0.046875 0.025
32 0.10390625 0.43645833333333334 0.0703125 0.04375
26 0.06484375 0.5583333333333333 0.0328125 0.025
34 0.046875 0.334375 0.09375 0.20625
