5 0.7578125 0.64375 0.115625 0.041666666666666664
8 0.60859375 0.5958333333333333 0.051562500000000004 0.07916666666666666
30 0.6828125 0.4822916666666667 0.1125 0.21875
2 0.56875 0.7260416666666667 0.084375 0.11041666666666666
29 0.57265625 0.5416666666666666 0.0734375 0.058333333333333334
20 0.5765625 0.36354166666666665 0.05625 0.2520833333333333
5 0.515625 0.35833333333333334 0.043750000000000004 0.025
27 0.478125 0.4979166666666667 0.078125 0.05416666666666667
13 0.46953125 0.4395833333333333 0.0671875 0.020833333333333332
37 0.45156250000000003 0.3885416666666667 0.03125 0.04375
26 0.5281250000000001 0.3958333333333333 0.025 0.016666666666666666
41 0.43359375 0.590625 0.1296875 0.08958333333333333
11 0.43203125000000003 0.7739583333333333 0.29531250000000003 0.29375
33 0.3984375 0.48020833333333335 0.040625 0.14375
37 0.37578125 0.4458333333333333 0.026562500000000003 0.05416666666666667
27 0.41953125 0.371875 0.0421875 0.022916666666666665
32 0.36171875000000003 0.40520833333333334 0.06406250000000001 0.03958333333333333
26 0.3203125 0.5114583333333333 0.03125 0.022916666666666665
34 0.3171875 0.30625 0.07500000000000001 0.18333333333333332
