5 0.45546875000000003 0.6229166666666667 0.1046875 0.058333333333333334
8 0.30703125000000003 0.60625 0.051562500000000004 0.07916666666666666
30 0.3671875 0.4791666666666667 0.115625 0.22083333333333333
2 0.27968750000000003 0.7458333333333333 0.09062500000000001 0.10833333333333334
29 0.265625 0.5572916666666666 0.078125 0.06041666666666667
20 0.24921875000000002 0.37604166666666666 0.0859375 0.26458333333333334
5 0.18515625000000002 0.378125 0.0484375 0.022916666666666665
27 0.15703125 0.5322916666666666 0.0921875 0.052083333333333336
13 0.140625 0.4708333333333333 0.07500000000000001 0.029166666666666667
37 0.11484375000000001 0.41875 0.035937500000000004 0.05
26 0.203125 0.41562499999999997 0.028125 0.022916666666666665
41 0.1125 0.6458333333333334 0.15000000000000002 0.10416666666666667
11 0.15078125 0.8427083333333333 0.3015625 0.29791666666666666
33 0.0625 0.53125 0.05625 0.15833333333333333
37 0.028125 0.4947916666666667 0.034375 0.06458333333333333
27 0.07421875 0.4041666666666667 0.051562500000000004 0.025
