5 0.84140625 0.6604166666666667 0.1265625 0.041666666666666664
8 0.6859375000000001 0.6052083333333333 0.053125000000000006 0.07708333333333334
30 0.7671875 0.4895833333333333 0.125 0.225
2 0.63984375 0.7322916666666667 0.0859375 0.11041666666666666
29 0.6515625 0.5458333333333333 0.078125 0.058333333333333334
20 0.6609375000000001 0.36666666666666664 0.059375000000000004 0.2583333333333333
5 0.5953125 0.359375 0.043750000000000004 0.027083333333333334
27 0.55390625 0.496875 0.0765625 0.052083333333333336
13 0.546875 0.4395833333333333 0.065625 0.016666666666666666
37 0.5296875 0.3885416666666667 0.03125 0.04375
26 0.60859375 0.3989583333333333 0.0234375 0.01875
41 0.5109375 0.590625 0.12812500000000002 0.08541666666666667
11 0.50625 0.7697916666666667 0.290625 0.29791666666666666
33 0.4765625 0.48020833333333335 0.040625 0.14375
37 0.45390625 0.4427083333333333 0.026562500000000003 0.052083333333333336
27 0.49921875000000004 0.371875 0.0421875 0.01875
32 0.44140625 0.4010416666666667 0.060937500000000006 0.03958333333333333
26 0.3984375 0.503125 0.03125 0.022916666666666665
34 0.40078125000000003 0.303125 0.0703125 0.18125
