5 0.71640625 0.6364583333333333 0.1171875 0.04791666666666666
8 0.5710937500000001 0.59375 0.0484375 0.07916666666666666
30 0.6421875 0.4770833333333333 0.1125 0.22083333333333333
2 0.5320312500000001 0.7229166666666667 0.08281250000000001 0.1125
29 0.534375 0.5395833333333333 0.07500000000000001 0.058333333333333334
20 0.534375 0.3614583333333333 0.059375000000000004 0.2520833333333333
5 0.47500000000000003 0.35833333333333334 0.043750000000000004 0.025
27 0.44062500000000004 0.4979166666666667 0.08125 0.05
13 0.42890625000000004 0.4395833333333333 0.0671875 0.020833333333333332
37 0.41171875 0.38958333333333334 0.029687500000000002 0.041666666666666664
26 0.48828125 0.39479166666666665 0.0234375 0.01875
41 0.3984375 0.5947916666666666 0.13125 0.08958333333333333
11 0.39687500000000003 0.7802083333333333 0.30625 0.29791666666666666
33 0.359375 0.4822916666666667 0.043750000000000004 0.14375
37 0.33359375 0.4479166666666667 0.029687500000000002 0.05416666666666667
27 0.37812500000000004 0.3729166666666667 0.043750000000000004 0.025
32 0.32109375 0.40729166666666666 0.06406250000000001 0.03958333333333333
26 0.28125 0.5166666666666666 0.03125 0.025
34 0.27421875 0.309375 0.07968750000000001 0.18958333333333333
