5 0.41796875 0.6260416666666666 0.1078125 0.06041666666666667
8 0.26796875000000003 0.6135416666666667 0.051562500000000004 0.08125
30 0.328125 0.48125 0.11875000000000001 0.225
2 0.24140625000000002 0.7572916666666667 0.0921875 0.11041666666666666
29 0.21953125 0.56875 0.07968750000000001 0.06666666666666667
20 0.20703125 0.38229166666666664 0.0921875 0.26875
5 0.140625 0.384375 0.05 0.022916666666666665
27 0.11328125 0.5427083333333333 0.09531250000000001 0.052083333333333336
13 0.09453125000000001 0.48020833333333335 0.07968750000000001 0.03125
37 0.0671875 0.428125 0.037500000000000006 0.052083333333333336
26 0.15859375 0.421875 0.026562500000000003 0.022916666666666665
41 0.07187500000000001 0.6572916666666666 0.14375000000000002 0.10625
11 0.13359375 0.8552083333333333 0.2671875 0.28541666666666665
33 0.02421875 0.54375 0.045312500000000006 0.1625
