5 0.6781250000000001 0.6302083333333334 0.1125 0.052083333333333336
8 0.53359375 0.59375 0.0484375 0.07916666666666666
30 0.603125 0.4739583333333333 0.109375 0.21875
2 0.496875 0.7208333333333333 0.084375 0.10833333333333334
29 0.49609375 0.5395833333333333 0.0734375 0.058333333333333334
20 0.49531250000000004 0.3625 0.059375000000000004 0.25
5 0.43593750000000003 0.359375 0.043750000000000004 0.022916666666666665
27 0.40156250000000004 0.49895833333333334 0.08125 0.052083333333333336
13 0.38984375000000004 0.44166666666666665 0.0671875 0.020833333333333332
37 0.37109375 0.3927083333333333 0.029687500000000002 0.04375
26 0.44843750000000004 0.3958333333333333 0.021875000000000002 0.016666666666666666
41 0.359375 0.5989583333333334 0.13125 0.08958333333333333
11 0.359375 0.7833333333333333 0.30625 0.3
33 0.31953125000000004 0.4864583333333333 0.045312500000000006 0.14375
37 0.29453125 0.45208333333333334 0.029687500000000002 0.05416666666666667
27 0.33828125000000003 0.375 0.045312500000000006 0.020833333333333332
32 0.27968750000000003 0.4125 0.065625 0.041666666666666664
26 0.240625 0.5229166666666667 0.03125 0.025
34 0.23046875 0.31145833333333334 0.08281250000000001 0.18958333333333333
