8 0.93671875 0.75 0.0671875 0.1
9 0.88046875 0.5875 0.11406250000000001 0.17916666666666667
13 0.7359375 0.903125 0.171875 0.06458333333333333
10 0.72421875 0.6989583333333333 0.0703125 0.13541666666666666
34 0.65546875 0.6166666666666667 0.1953125 0.19583333333333333
48 0.578125 0.94375 0.0625 0.0625
34 0.43203125000000003 0.65 0.2828125 0.36666666666666664
41 0.259375 0.5614583333333333 0.115625 0.07708333333333334
0 0.25 0.6854166666666667 0.1625 0.1625
40 0.16015625 0.6010416666666667 0.0765625 0.11875
15 0.19921875 0.4875 0.1046875 0.09166666666666666
25 0.09609375 0.74375 0.0546875 0.075
1 0.06875 0.5635416666666666 0.059375000000000004 0.12291666666666666
2 0.045312500000000006 0.7114583333333333 0.08750000000000001 0.052083333333333336
