36 0.87265625 0.6041666666666666 0.0765625 0.09583333333333333
8 0.76171875 0.7020833333333333 0.060937500000000006 0.09166666666666666
9 0.7093750000000001 0.5604166666666667 0.1 0.16666666666666666
19 0.8812500000000001 0.8614583333333333 0.23750000000000002 0.27291666666666664
13 0.58828125 0.875 0.1640625 0.07083333333333333
10 0.5710937500000001 0.6802083333333333 0.0671875 0.13125
34 0.49609375 0.6010416666666667 0.1953125 0.19375
48 0.43984375000000003 0.9489583333333333 0.060937500000000006 0.06041666666666667
34 0.27265625 0.6739583333333333 0.3171875 0.3854166666666667
41 0.078125 0.6010416666666667 0.134375 0.09375
0 0.08281250000000001 0.7333333333333333 0.16562500000000002 0.18333333333333332
