8 0.97265625 0.765625 0.0546875 0.10208333333333333
9 0.9343750000000001 0.6010416666666667 0.11875000000000001 0.19791666666666666
13 0.7757812500000001 0.9166666666666666 0.1765625 0.07083333333333333
10 0.7640625000000001 0.709375 0.07500000000000001 0.13541666666666666
34 0.69453125 0.6208333333333333 0.1953125 0.19583333333333333
48 0.61484375 0.9489583333333333 0.060937500000000006 0.06041666666666667
34 0.47109375000000003 0.6458333333333334 0.2828125 0.36666666666666664
41 0.3015625 0.5552083333333333 0.115625 0.07708333333333334
0 0.290625 0.6770833333333334 0.1625 0.1625
40 0.2 0.5947916666666666 0.07500000000000001 0.11875
15 0.24453125 0.4791666666666667 0.1046875 0.09166666666666666
25 0.13984375000000002 0.7291666666666666 0.0546875 0.075
1 0.11406250000000001 0.5520833333333334 0.05625 0.125
2 0.0734375 0.6947916666666667 0.109375 0.052083333333333336
