36 0.96484375 0.63125 0.0671875 0.10416666666666667
8 0.84765625 0.721875 0.06406250000000001 0.09375
9 0.7984375 0.5739583333333333 0.10625000000000001 0.17291666666666666
19 0.9242187500000001 0.8802083333333334 0.15156250000000002 0.23541666666666666
13 0.66015625 0.8854166666666666 0.1640625 0.07083333333333333
10 0.64765625 0.6864583333333333 0.0671875 0.13125
34 0.57578125 0.6083333333333333 0.1953125 0.19583333333333333
48 0.5085937500000001 0.9447916666666667 0.060937500000000006 0.06041666666666667
34 0.35390625000000003 0.6583333333333333 0.2828125 0.36666666666666664
41 0.16171875000000002 0.5791666666666666 0.1234375 0.08333333333333333
0 0.16328125000000002 0.709375 0.1703125 0.17291666666666666
40 0.0671875 0.6260416666666666 0.078125 0.12708333333333333
15 0.096875 0.50625 0.109375 0.1
