36 0.8328125000000001 0.5947916666666666 0.078125 0.09791666666666667
8 0.7210937500000001 0.6947916666666667 0.060937500000000006 0.09375
9 0.67109375 0.5572916666666666 0.1015625 0.16875
19 0.8515625 0.8614583333333333 0.23750000000000002 0.27291666666666664
13 0.5515625000000001 0.8729166666666667 0.16562500000000002 0.07083333333333333
10 0.5320312500000001 0.6802083333333333 0.0671875 0.13125
34 0.4578125 0.603125 0.19687500000000002 0.19375
48 0.40546875000000004 0.953125 0.060937500000000006 0.06041666666666667
34 0.23203125000000002 0.6770833333333334 0.3171875 0.3875
41 0.047656250000000004 0.6114583333333333 0.09531250000000001 0.09791666666666667
0 0.0625 0.75 0.125 0.19583333333333333
