8 0.8921875 0.7354166666666666 0.065625 0.09583333333333333
9 0.84140625 0.5833333333333334 0.11406250000000001 0.17916666666666667
13 0.7000000000000001 0.8947916666666667 0.16875 0.06458333333333333
10 0.68515625 0.6927083333333334 0.0703125 0.13541666666666666
34 0.61640625 0.6125 0.1953125 0.19583333333333333
48 0.54296875 0.9447916666666667 0.060937500000000006 0.06041666666666667
34 0.39296875000000003 0.6541666666666667 0.2828125 0.36666666666666664
41 0.21640625000000002 0.56875 0.1171875 0.08333333333333333
0 0.209375 0.6979166666666666 0.16562500000000002 0.17083333333333334
40 0.115625 0.6114583333333333 0.07500000000000001 0.12291666666666666
15 0.15234375 0.49374999999999997 0.11093750000000001 0.09583333333333333
25 0.0484375 0.7604166666666666 0.05625 0.07916666666666666
1 0.025781250000000002 0.5760416666666667 0.0484375 0.12708333333333333
