9 0.5953125 0.55625 0.115625 0.2791666666666667
33 0.4421875 0.690625 0.06875 0.12708333333333333
24 0.3296875 0.7489583333333333 0.09375 0.08541666666666667
29 0.27109375 0.6770833333333334 0.1203125 0.05416666666666667
17 0.35781250000000003 0.5583333333333333 0.0625 0.08333333333333333
0 0.46718750000000003 0.528125 0.11875000000000001 0.11458333333333333
30 0.35468750000000004 0.4927083333333333 0.14375000000000002 0.09791666666666667
7 0.30390625000000004 0.37916666666666665 0.08281250000000001 0.11666666666666667
14 0.22421875000000002 0.45208333333333334 0.1015625 0.0875
50 0.21875 0.5229166666666667 0.11875000000000001 0.07916666666666666
16 0.2234375 0.6041666666666666 0.046875 0.0875
48 0.18828125 0.7583333333333333 0.026562500000000003 0.058333333333333334
49 0.2234375 0.3729166666666667 0.037500000000000006 0.09166666666666666
48 0.15859375 0.684375 0.0203125 0.04791666666666666
22 0.18359375 0.3833333333333333 0.045312500000000006 0.0375
43 0.16562500000000002 0.4427083333333333 0.0625 0.035416666666666666
29 0.11406250000000001 0.5895833333333333 0.09062500000000001 0.03333333333333333
46 0.1171875 0.4114583333333333 0.037500000000000006 0.06875
32 0.084375 0.409375 0.037500000000000006 0.04375
18 0.0921875 0.47604166666666664 0.08750000000000001 0.03958333333333333
44 0.09765625 0.525 0.0546875 0.029166666666666667
