9 0.515625 0.5552083333333333 0.11875000000000001 0.28125
33 0.36640625000000004 0.6989583333333333 0.0703125 0.13125
24 0.25078125 0.7666666666666666 0.09531250000000001 0.09166666666666666
29 0.19140625 0.6947916666666667 0.1296875 0.04791666666666666
17 0.2765625 0.5708333333333333 0.0625 0.0875
0 0.38906250000000003 0.5322916666666666 0.12187500000000001 0.11875
30 0.2671875 0.5020833333333333 0.15000000000000002 0.10416666666666667
7 0.21875 0.384375 0.084375 0.11875
14 0.12421875 0.46770833333333334 0.1078125 0.09375
50 0.1296875 0.540625 0.12187500000000001 0.07708333333333334
16 0.1375 0.621875 0.05 0.08541666666666667
48 0.10234375000000001 0.7854166666666667 0.029687500000000002 0.0625
49 0.13203125000000002 0.38229166666666664 0.0390625 0.09375
48 0.06953125 0.7104166666666667 0.026562500000000003 0.05
22 0.0890625 0.396875 0.046875 0.035416666666666666
43 0.07265625 0.459375 0.0671875 0.035416666666666666
29 0.03359375 0.615625 0.0671875 0.04375
46 0.018750000000000003 0.42916666666666664 0.037500000000000006 0.07083333333333333
