9 0.8078125 0.58125 0.12812500000000002 0.30416666666666664
33 0.63203125 0.6958333333333333 0.06406250000000001 0.12916666666666665
24 0.5171875 0.7354166666666666 0.08750000000000001 0.075
29 0.46640625 0.653125 0.11093750000000001 0.06041666666666667
17 0.5546875 0.553125 0.0625 0.08541666666666667
0 0.67109375 0.5364583333333334 0.1265625 0.11875
30 0.5578125 0.4895833333333333 0.14375000000000002 0.09166666666666666
7 0.51875 0.37083333333333335 0.078125 0.11666666666666667
14 0.43281250000000004 0.43645833333333334 0.09375 0.08125
50 0.42578125 0.5020833333333333 0.1078125 0.07916666666666666
16 0.42890625000000004 0.578125 0.0484375 0.07708333333333334
48 0.38671875 0.71875 0.0234375 0.058333333333333334
49 0.44062500000000004 0.35833333333333334 0.03125 0.09166666666666666
48 0.36484375 0.64375 0.0203125 0.04583333333333333
22 0.403125 0.365625 0.040625 0.035416666666666666
43 0.38515625000000003 0.421875 0.0546875 0.027083333333333334
29 0.33125000000000004 0.5510416666666667 0.078125 0.035416666666666666
46 0.34218750000000003 0.3885416666666667 0.03125 0.06458333333333333
32 0.31562500000000004 0.384375 0.03125 0.03958333333333333
18 0.31796875 0.4458333333333333 0.0734375 0.03333333333333333
44 0.321875 0.490625 0.046875 0.027083333333333334
