9 0.9007812500000001 0.6010416666666667 0.1421875 0.3145833333333333
33 0.71015625 0.7083333333333334 0.06406250000000001 0.13333333333333333
24 0.59296875 0.7427083333333333 0.0890625 0.07291666666666667
29 0.54453125 0.6541666666666667 0.11093750000000001 0.0625
17 0.63671875 0.5572916666666666 0.060937500000000006 0.08541666666666667
0 0.7562500000000001 0.54375 0.12812500000000002 0.125
30 0.640625 0.490625 0.15000000000000002 0.08958333333333333
7 0.6046875 0.371875 0.084375 0.12291666666666666
14 0.515625 0.43645833333333334 0.09375 0.08125
50 0.51015625 0.5 0.1078125 0.08333333333333333
16 0.50703125 0.575 0.0484375 0.075
48 0.46328125000000003 0.7125 0.0171875 0.058333333333333334
49 0.5242187500000001 0.35625 0.029687500000000002 0.0875
48 0.44296875 0.6364583333333333 0.0140625 0.04375
22 0.4859375 0.36354166666666665 0.040625 0.035416666666666666
43 0.46718750000000003 0.41875 0.05625 0.029166666666666667
29 0.41171875 0.54375 0.0765625 0.041666666666666664
46 0.4265625 0.384375 0.03125 0.06458333333333333
32 0.4 0.378125 0.034375 0.035416666666666666
18 0.40078125000000003 0.4395833333333333 0.0734375 0.03333333333333333
44 0.40468750000000003 0.484375 0.046875 0.027083333333333334
