9 0.7203125 0.5645833333333333 0.115625 0.29583333333333334
33 0.55390625 0.6895833333333333 0.06406250000000001 0.12916666666666665
24 0.44296875 0.7364583333333333 0.0890625 0.07708333333333334
29 0.38906250000000003 0.6625 0.11875000000000001 0.05416666666666667
17 0.47500000000000003 0.5510416666666667 0.0625 0.08541666666666667
0 0.5875 0.5291666666666667 0.12187500000000001 0.12083333333333333
30 0.4765625 0.4864583333333333 0.140625 0.09375
7 0.43515625 0.371875 0.07968750000000001 0.11875
14 0.34921875 0.4375 0.09531250000000001 0.08333333333333333
50 0.34921875 0.5083333333333333 0.1078125 0.07916666666666666
16 0.34687500000000004 0.5864583333333333 0.053125000000000006 0.08125
48 0.30781250000000004 0.728125 0.025 0.06041666666666667
49 0.35625 0.3614583333333333 0.03125 0.08958333333333333
48 0.2828125 0.6541666666666667 0.018750000000000003 0.04583333333333333
22 0.3171875 0.3697916666666667 0.043750000000000004 0.035416666666666666
43 0.30234375 0.4270833333333333 0.060937500000000006 0.03333333333333333
29 0.24609375 0.5625 0.0859375 0.03333333333333333
46 0.2546875 0.39479166666666665 0.037500000000000006 0.06458333333333333
32 0.22578125000000002 0.39166666666666666 0.035937500000000004 0.041666666666666664
18 0.23046875 0.453125 0.08281250000000001 0.035416666666666666
44 0.23359375000000002 0.4979166666666667 0.051562500000000004 0.025
