33 0.78828125 0.7239583333333334 0.06406250000000001 0.13541666666666666
24 0.6664062500000001 0.7510416666666666 0.0890625 0.07291666666666667
29 0.6195312500000001 0.6604166666666667 0.11093750000000001 0.07083333333333333
17 0.71796875 0.5645833333333333 0.060937500000000006 0.08333333333333333
0 0.84296875 0.5604166666666667 0.1390625 0.13333333333333333
30 0.72265625 0.49895833333333334 0.1546875 0.08541666666666667
7 0.6898437500000001 0.378125 0.0859375 0.11875
14 0.59609375 0.43854166666666666 0.09531250000000001 0.08958333333333333
50 0.5875 0.503125 0.10625000000000001 0.08541666666666667
16 0.58125 0.5770833333333333 0.05 0.07916666666666666
48 0.534375 0.7104166666666667 0.015625 0.05416666666666667
49 0.60546875 0.359375 0.029687500000000002 0.08958333333333333
48 0.5164062500000001 0.634375 0.010937500000000001 0.04375
22 0.56875 0.3645833333333333 0.040625 0.03333333333333333
43 0.5476562500000001 0.41770833333333335 0.0546875 0.027083333333333334
29 0.48828125 0.540625 0.0734375 0.03958333333333333
46 0.5085937500000001 0.38125 0.029687500000000002 0.0625
32 0.48359375000000004 0.37604166666666666 0.0328125 0.035416666666666666
18 0.48046875 0.4375 0.0734375 0.029166666666666667
44 0.48359375000000004 0.48125 0.045312500000000006 0.025
