0 0.70703125 0.7208333333333333 0.2015625 0.19166666666666665
30 0.63828125 0.5833333333333334 0.09843750000000001 0.13333333333333333
22 0.43203125000000003 0.6333333333333333 0.08281250000000001 0.07916666666666666
24 0.50546875 0.7322916666666667 0.0546875 0.10625
50 0.33515625000000004 0.7770833333333333 0.1171875 0.19166666666666665
9 0.20078125000000002 0.65 0.13593750000000002 0.325
29 0.5171875 0.584375 0.084375 0.06458333333333333
29 0.5484375 0.38958333333333334 0.059375000000000004 0.029166666666666667
49 0.55625 0.3729166666666667 0.03125 0.1
33 0.49609375 0.40520833333333334 0.0234375 0.11875
43 0.54453125 0.4770833333333333 0.06406250000000001 0.03333333333333333
7 0.3796875 0.51875 0.16875 0.19583333333333333
12 0.41718750000000004 0.425 0.05 0.1125
18 0.4546875 0.3520833333333333 0.025 0.09166666666666666
46 0.34609375000000003 0.36041666666666666 0.0390625 0.0625
14 0.3328125 0.40625 0.1125 0.09166666666666666
16 0.52734375 0.5270833333333333 0.0890625 0.041666666666666664
