0 0.78671875 0.7375 0.2109375 0.2
30 0.7203125 0.5916666666666667 0.10312500000000001 0.1375
22 0.509375 0.6333333333333333 0.084375 0.075
24 0.5796875 0.734375 0.05625 0.10625
50 0.41015625 0.7645833333333333 0.11406250000000001 0.1875
9 0.28515625 0.6333333333333333 0.1234375 0.31666666666666665
29 0.5945312500000001 0.5864583333333333 0.0890625 0.06458333333333333
29 0.6296875000000001 0.3885416666666667 0.059375000000000004 0.027083333333333334
49 0.63984375 0.3770833333333333 0.035937500000000004 0.1
33 0.57734375 0.40520833333333334 0.029687500000000002 0.11875
43 0.625 0.47812499999999997 0.065625 0.03125
7 0.4578125 0.515625 0.1625 0.18958333333333333
12 0.49921875000000004 0.42604166666666665 0.051562500000000004 0.11458333333333333
18 0.5359375000000001 0.35104166666666664 0.025 0.08958333333333333
46 0.43203125000000003 0.35625 0.0390625 0.0625
14 0.41640625000000003 0.4 0.11093750000000001 0.09166666666666666
16 0.6062500000000001 0.5291666666666667 0.09062500000000001 0.041666666666666664
