30 0.940625 0.6354166666666666 0.1125 0.15416666666666667
22 0.70234375 0.6489583333333333 0.0890625 0.07291666666666667
24 0.775 0.7645833333333333 0.0625 0.10833333333333334
50 0.59375 0.7645833333333333 0.1 0.17916666666666667
9 0.4859375 0.6166666666666667 0.10625000000000001 0.30833333333333335
29 0.8 0.6145833333333334 0.096875 0.0625
29 0.853125 0.4145833333333333 0.06875 0.025
49 0.86484375 0.3989583333333333 0.045312500000000006 0.10625
33 0.7937500000000001 0.4239583333333333 0.040625 0.11875
43 0.84296875 0.503125 0.0765625 0.03958333333333333
7 0.659375 0.5208333333333334 0.171875 0.19583333333333333
12 0.70703125 0.4322916666666667 0.0546875 0.11041666666666666
18 0.7523437500000001 0.36354166666666665 0.026562500000000003 0.09375
46 0.640625 0.359375 0.037500000000000006 0.06458333333333333
14 0.6203125 0.4 0.1125 0.09583333333333333
16 0.81640625 0.5572916666666666 0.1046875 0.03125
