22 0.8289062500000001 0.6739583333333333 0.09843750000000001 0.07291666666666667
24 0.90390625 0.8041666666666667 0.0734375 0.11666666666666667
50 0.7093750000000001 0.78125 0.109375 0.1875
9 0.60703125 0.615625 0.11093750000000001 0.30625
29 0.9375 0.64375 0.109375 0.06666666666666667
33 0.9382812500000001 0.44895833333333335 0.0484375 0.12708333333333333
7 0.78671875 0.5333333333333333 0.18906250000000002 0.20416666666666666
12 0.84375 0.45208333333333334 0.059375000000000004 0.10833333333333334
18 0.89609375 0.3802083333333333 0.029687500000000002 0.09791666666666667
46 0.7742187500000001 0.36875 0.0390625 0.06666666666666667
14 0.7468750000000001 0.4125 0.1125 0.09166666666666666
16 0.9460937500000001 0.5875 0.1046875 0.03333333333333333
