0 0.8992187500000001 0.775 0.19843750000000002 0.21666666666666667
30 0.84921875 0.6135416666666667 0.11093750000000001 0.14375
22 0.62421875 0.6385416666666667 0.0859375 0.07291666666666667
24 0.69453125 0.7489583333333333 0.0578125 0.10625
50 0.52109375 0.7604166666666666 0.1046875 0.17916666666666667
9 0.40546875000000004 0.61875 0.1078125 0.30833333333333335
29 0.71484375 0.5979166666666667 0.0921875 0.0625
29 0.76171875 0.4041666666666667 0.06406250000000001 0.020833333333333332
49 0.76953125 0.3885416666666667 0.0390625 0.10208333333333333
33 0.7039062500000001 0.4145833333333333 0.0328125 0.12083333333333333
43 0.74921875 0.48854166666666665 0.0671875 0.035416666666666666
7 0.5789062500000001 0.5145833333333333 0.1640625 0.1875
12 0.62109375 0.428125 0.051562500000000004 0.11041666666666666
18 0.66328125 0.35625 0.0234375 0.09166666666666666
46 0.55625 0.35833333333333334 0.037500000000000006 0.0625
14 0.53828125 0.4010416666666667 0.1046875 0.08958333333333333
16 0.7296875 0.54375 0.10312500000000001 0.0375
