0 0.7468750000000001 0.7291666666666666 0.20625000000000002 0.19583333333333333
30 0.6796875 0.5885416666666666 0.10312500000000001 0.13125
22 0.4703125 0.634375 0.084375 0.07708333333333334
24 0.54140625 0.73125 0.0578125 0.10833333333333334
50 0.37265625 0.7708333333333334 0.11406250000000001 0.1875
9 0.24531250000000002 0.6427083333333333 0.12812500000000002 0.3229166666666667
29 0.5554687500000001 0.584375 0.0890625 0.06458333333333333
29 0.5906250000000001 0.38958333333333334 0.059375000000000004 0.029166666666666667
49 0.59765625 0.37604166666666666 0.0328125 0.10208333333333333
33 0.5375 0.4041666666666667 0.03125 0.12083333333333333
43 0.5859375 0.47604166666666664 0.065625 0.03125
7 0.41953125 0.5177083333333333 0.1640625 0.18958333333333333
12 0.45859375 0.42604166666666665 0.051562500000000004 0.11458333333333333
18 0.49609375 0.353125 0.0234375 0.08958333333333333
46 0.38906250000000003 0.3572916666666667 0.037500000000000006 0.06458333333333333
14 0.37421875000000004 0.403125 0.11093750000000001 0.08958333333333333
16 0.56640625 0.5270833333333333 0.0890625 0.041666666666666664
