42 0.93671875 0.7697916666666667 0.06406250000000001 0.08125
43 0.9734375000000001 0.6739583333333333 0.05 0.07291666666666667
36 0.953125 0.5833333333333334 0.05 0.0625
27 0.9320312500000001 0.475 0.09843750000000001 0.029166666666666667
4 0.8210937500000001 0.5604166666666667 0.0703125 0.0375
23 0.7875000000000001 0.65625 0.09062500000000001 0.07083333333333333
20 0.6671875 0.671875 0.12812500000000002 0.3104166666666667
11 0.7921875 0.46875 0.140625 0.11666666666666667
19 0.82734375 0.3958333333333333 0.1328125 0.075
22 0.921875 0.3875 0.043750000000000004 0.0375
