32 0.690625 0.7125 0.109375 0.09583333333333333
42 0.53046875 0.69375 0.0484375 0.075
28 0.63984375 0.5822916666666667 0.045312500000000006 0.06458333333333333
43 0.546875 0.5979166666666667 0.040625 0.058333333333333334
36 0.5234375 0.5229166666666667 0.037500000000000006 0.05416666666666667
6 0.6140625000000001 0.5260416666666666 0.065625 0.04375
27 0.4921875 0.43645833333333334 0.078125 0.027083333333333334
4 0.41640625000000003 0.5333333333333333 0.06406250000000001 0.0375
23 0.39765625000000004 0.6291666666666667 0.07968750000000001 0.07083333333333333
20 0.275 0.6854166666666667 0.1625 0.30833333333333335
11 0.37265625 0.45625 0.1390625 0.1
19 0.3984375 0.3802083333333333 0.11875000000000001 0.06875
17 0.584375 0.3854166666666667 0.040625 0.05
22 0.478125 0.3572916666666667 0.034375 0.035416666666666666
