42 0.8046875 0.7322916666666667 0.05625 0.08125
28 0.94296875 0.6416666666666666 0.0546875 0.07083333333333333
43 0.8359375 0.6354166666666666 0.053125000000000006 0.06666666666666667
36 0.8140625 0.553125 0.043750000000000004 0.06041666666666667
6 0.9203125000000001 0.571875 0.08125 0.06041666666666667
27 0.78828125 0.453125 0.0890625 0.03125
4 0.6953125 0.540625 0.0625 0.03958333333333333
23 0.66796875 0.634375 0.07968750000000001 0.07291666666666667
20 0.55078125 0.659375 0.1265625 0.30625
11 0.6585937500000001 0.45625 0.13593750000000002 0.10416666666666667
19 0.690625 0.3833333333333333 0.12187500000000001 0.0625
17 0.89765625 0.41562499999999997 0.045312500000000006 0.05625
22 0.7781250000000001 0.36875 0.040625 0.0375
