32 0.6546875000000001 0.7072916666666667 0.109375 0.09791666666666667
42 0.49296875 0.69375 0.0484375 0.075
28 0.60078125 0.58125 0.045312500000000006 0.06666666666666667
43 0.51015625 0.5989583333333334 0.0421875 0.06041666666666667
36 0.48515625 0.525 0.0390625 0.05416666666666667
6 0.5765625 0.5229166666666667 0.0625 0.041666666666666664
27 0.45234375000000004 0.4354166666666667 0.07968750000000001 0.029166666666666667
4 0.37812500000000004 0.534375 0.065625 0.03958333333333333
23 0.3609375 0.6322916666666667 0.07500000000000001 0.07291666666666667
20 0.23515625 0.69375 0.1640625 0.30833333333333335
11 0.33359375 0.459375 0.1390625 0.10208333333333333
19 0.35859375000000004 0.38229166666666664 0.1203125 0.06875
17 0.54296875 0.3854166666666667 0.0390625 0.05
