32 0.7742187500000001 0.7302083333333333 0.1203125 0.11458333333333333
42 0.6046875 0.6958333333333333 0.05 0.075
28 0.71796875 0.5885416666666666 0.045312500000000006 0.06458333333333333
43 0.625 0.6020833333333333 0.040625 0.058333333333333334
36 0.603125 0.5260416666666666 0.037500000000000006 0.05625
6 0.6976562500000001 0.5322916666666666 0.0671875 0.04791666666666666
27 0.5734375 0.4375 0.08125 0.029166666666666667
4 0.49453125000000003 0.53125 0.060937500000000006 0.0375
23 0.47421875 0.625 0.0765625 0.07083333333333333
20 0.35781250000000003 0.6708333333333333 0.14375000000000002 0.30416666666666664
11 0.45546875000000003 0.45 0.13593750000000002 0.1
19 0.48125 0.3770833333333333 0.115625 0.0625
17 0.66953125 0.3885416666666667 0.0421875 0.052083333333333336
22 0.56171875 0.3572916666666667 0.0328125 0.035416666666666666
