32 0.89453125 0.7635416666666667 0.1203125 0.11458333333333333
42 0.7203125 0.7125 0.05 0.075
28 0.8421875000000001 0.6125 0.046875 0.06666666666666667
43 0.7421875 0.6145833333333334 0.040625 0.058333333333333334
36 0.7203125 0.53125 0.037500000000000006 0.05416666666666667
6 0.8148437500000001 0.5458333333333333 0.0671875 0.04583333333333333
27 0.6953125 0.4458333333333333 0.08125 0.029166666666666667
4 0.6117187500000001 0.5354166666666667 0.060937500000000006 0.0375
23 0.58984375 0.625 0.07968750000000001 0.07083333333333333
20 0.4765625 0.6625 0.134375 0.30416666666666664
11 0.5734375 0.45 0.134375 0.1
19 0.6023437500000001 0.378125 0.1171875 0.06041666666666667
17 0.790625 0.396875 0.040625 0.052083333333333336
22 0.6820312500000001 0.3625 0.035937500000000004 0.03333333333333333
