12 0.90234375 0.865625 0.1921875 0.22291666666666665
30 0.62421875 0.8072916666666666 0.18281250000000002 0.12708333333333333
0 0.92890625 0.68125 0.1390625 0.1875
34 0.7273437500000001 0.65 0.2859375 0.2
19 0.45 0.6375 0.22187500000000002 0.15
13 0.45546875000000003 0.7697916666666667 0.051562500000000004 0.12291666666666666
28 0.4765625 0.8937499999999999 0.0625 0.11666666666666667
15 0.359375 0.5364583333333334 0.109375 0.10625
41 0.25703125 0.75 0.1953125 0.15833333333333333
37 0.2078125 0.6145833333333334 0.05 0.0625
34 0.2328125 0.5197916666666667 0.20625000000000002 0.11458333333333333
48 0.134375 0.6010416666666667 0.037500000000000006 0.027083333333333334
36 0.055468750000000004 0.6760416666666667 0.08281250000000001 0.11041666666666666
