12 0.87421875 0.85 0.2171875 0.20416666666666666
30 0.5867187500000001 0.8041666666666667 0.18281250000000002 0.12916666666666665
0 0.8992187500000001 0.66875 0.1703125 0.17916666666666667
34 0.68515625 0.64375 0.2828125 0.19583333333333333
19 0.4109375 0.6395833333333333 0.22187500000000002 0.15416666666666667
2 0.66953125 0.965625 0.1703125 0.06458333333333333
13 0.41953125 0.7739583333333333 0.0546875 0.12291666666666666
28 0.44062500000000004 0.9 0.0625 0.12083333333333333
15 0.31953125000000004 0.540625 0.11093750000000001 0.10625
41 0.21484375 0.7666666666666666 0.19843750000000002 0.17083333333333334
37 0.1640625 0.625 0.053125000000000006 0.06666666666666667
34 0.18906250000000002 0.528125 0.215625 0.11458333333333333
48 0.08671875000000001 0.6114583333333333 0.0390625 0.03125
