50 0.92890625 0.7770833333333333 0.1421875 0.125
12 0.78828125 0.8208333333333333 0.20468750000000002 0.19166666666666665
30 0.51171875 0.8 0.18281250000000002 0.13333333333333333
0 0.80859375 0.64375 0.1609375 0.17083333333333334
34 0.6039062500000001 0.6375 0.2734375 0.2
19 0.32890625 0.65 0.22968750000000002 0.1625
2 0.5953125 0.965625 0.1625 0.06875
13 0.34218750000000003 0.78125 0.059375000000000004 0.125
28 0.36875 0.9093749999999999 0.0625 0.12291666666666666
15 0.23359375000000002 0.5520833333333334 0.1171875 0.1125
41 0.13046875 0.7864583333333334 0.2109375 0.16875
37 0.07187500000000001 0.6479166666666667 0.05625 0.07083333333333333
34 0.1046875 0.546875 0.209375 0.11458333333333333
