12 0.83125 0.8354166666666667 0.209375 0.2
30 0.54921875 0.8 0.18281250000000002 0.13333333333333333
0 0.8539062500000001 0.65625 0.16718750000000002 0.17916666666666667
34 0.6453125000000001 0.6395833333333333 0.275 0.19583333333333333
19 0.36875 0.646875 0.22812500000000002 0.16041666666666665
2 0.6296875000000001 0.9645833333333333 0.16875 0.06666666666666667
13 0.38203125000000004 0.7760416666666666 0.0578125 0.12291666666666666
28 0.40468750000000003 0.9041666666666667 0.0625 0.12083333333333333
15 0.2765625 0.5458333333333333 0.1125 0.10833333333333334
41 0.1703125 0.775 0.209375 0.16666666666666666
37 0.11953125 0.634375 0.0546875 0.06875
34 0.14296875 0.534375 0.2171875 0.11458333333333333
48 0.039843750000000004 0.625 0.0390625 0.029166666666666667
