50 0.89453125 0.7625 0.1546875 0.11666666666666667
42 0.96875 0.6833333333333333 0.059375000000000004 0.075
12 0.7484375000000001 0.8083333333333333 0.19687500000000002 0.18333333333333332
30 0.47421875 0.8 0.1859375 0.14166666666666666
0 0.76328125 0.6375 0.15156250000000002 0.16666666666666666
34 0.56484375 0.6354166666666666 0.2671875 0.2
19 0.2828125 0.6625 0.24375000000000002 0.17916666666666667
2 0.56171875 0.965625 0.1640625 0.06875
13 0.3046875 0.7895833333333333 0.0625 0.125
28 0.3328125 0.9177083333333333 0.06875 0.13125
15 0.18828125 0.559375 0.1203125 0.11458333333333333
41 0.09765625 0.8041666666666667 0.1921875 0.175
37 0.02890625 0.6625 0.0546875 0.075
34 0.08281250000000001 0.559375 0.1625 0.11875
