50 0.609375 0.7052083333333333 0.125 0.08958333333333333
42 0.6625000000000001 0.6166666666666667 0.046875 0.0625
47 0.759375 0.803125 0.08125 0.15625
9 0.6820312500000001 0.86875 0.17343750000000002 0.2583333333333333
12 0.48359375000000004 0.7802083333333333 0.1796875 0.14375
30 0.20859375000000002 0.8520833333333333 0.2109375 0.18333333333333332
0 0.48671875000000003 0.6083333333333333 0.1390625 0.1625
34 0.28515625 0.653125 0.2890625 0.21458333333333332
19 0.059375000000000004 0.71875 0.115625 0.15833333333333333
2 0.31875000000000003 0.9770833333333333 0.171875 0.041666666666666664
