50 0.6843750000000001 0.7114583333333333 0.134375 0.10208333333333333
42 0.7445312500000001 0.628125 0.051562500000000004 0.06458333333333333
47 0.8421875000000001 0.8270833333333333 0.09062500000000001 0.1625
9 0.75703125 0.875 0.1859375 0.24583333333333332
12 0.55859375 0.7802083333333333 0.1796875 0.14375
30 0.28828125 0.8291666666666666 0.19843750000000002 0.16666666666666666
0 0.56171875 0.6104166666666666 0.1390625 0.1625
34 0.36796875 0.6427083333333333 0.2765625 0.21041666666666667
19 0.10234375000000001 0.715625 0.20468750000000002 0.20208333333333334
2 0.38906250000000003 0.9718749999999999 0.16562500000000002 0.052083333333333336
13 0.1015625 0.853125 0.07500000000000001 0.13541666666666666
28 0.14453125 0.9552083333333333 0.0671875 0.08541666666666667
