50 0.765625 0.728125 0.140625 0.10625
42 0.8296875 0.6458333333333334 0.053125000000000006 0.06666666666666667
47 0.92734375 0.8604166666666666 0.1046875 0.17083333333333334
9 0.83515625 0.875 0.1859375 0.24583333333333332
12 0.63203125 0.7875 0.18281250000000002 0.16666666666666666
30 0.36484375 0.8114583333333333 0.18906250000000002 0.15208333333333332
0 0.6414062500000001 0.6166666666666667 0.1390625 0.1625
34 0.44609375 0.6364583333333333 0.2765625 0.21041666666666667
19 0.15937500000000002 0.6885416666666666 0.253125 0.18958333333333333
2 0.4578125 0.9697916666666666 0.16562500000000002 0.05625
13 0.184375 0.8239583333333333 0.07187500000000001 0.13125
28 0.22187500000000002 0.9406249999999999 0.065625 0.11458333333333333
15 0.057031250000000006 0.590625 0.11406250000000001 0.11875
