3 0.753125 0.8791666666666667 0.36875 0.2375
24 0.8460937500000001 0.7875 0.051562500000000004 0.06666666666666667
23 0.76953125 0.7104166666666667 0.1203125 0.11666666666666667
25 0.6687500000000001 0.6208333333333333 0.046875 0.05
0 0.57734375 0.6895833333333333 0.15781250000000002 0.17916666666666667
22 0.47421875 0.5927083333333333 0.045312500000000006 0.08125
7 0.31953125000000004 0.665625 0.2265625 0.24791666666666667
8 0.2421875 0.740625 0.07187500000000001 0.11041666666666666
1 0.47109375000000003 0.9145833333333333 0.0765625 0.16666666666666666
10 0.30625 0.9239583333333333 0.08125 0.14791666666666667
26 0.5453125 0.8114583333333333 0.034375 0.04375
2 0.4234375 0.8624999999999999 0.184375 0.09583333333333333
3 0.09140625000000001 0.871875 0.18281250000000002 0.2520833333333333
5 0.178125 0.959375 0.07500000000000001 0.07291666666666667
9 0.09765625 0.6083333333333333 0.1328125 0.2833333333333333
