3 0.7890625 0.8802083333333334 0.36875 0.23541666666666666
24 0.88671875 0.8010416666666667 0.051562500000000004 0.06875
23 0.81171875 0.71875 0.1234375 0.1125
25 0.64765625 0.625 0.045312500000000006 0.05
0 0.61484375 0.6916666666666667 0.15781250000000002 0.17916666666666667
22 0.51328125 0.5916666666666667 0.045312500000000006 0.07916666666666666
7 0.359375 0.6625 0.21875 0.25
8 0.28125 0.7291666666666666 0.065625 0.10416666666666667
1 0.50546875 0.9125 0.0765625 0.16666666666666666
10 0.34375 0.9197916666666667 0.078125 0.15625
26 0.58125 0.8135416666666666 0.034375 0.04375
2 0.45937500000000003 0.8604166666666666 0.184375 0.09583333333333333
3 0.11093750000000001 0.8645833333333334 0.22187500000000002 0.26666666666666666
5 0.2078125 0.953125 0.09062500000000001 0.08958333333333333
9 0.14296875 0.5947916666666666 0.1296875 0.28125
6 0.03125 0.634375 0.043750000000000004 0.07291666666666667
