0 0.9453125 0.7885416666666667 0.10312500000000001 0.21875
22 0.884375 0.6427083333333333 0.05625 0.08541666666666667
7 0.7093750000000001 0.68125 0.21250000000000002 0.275
8 0.6257812500000001 0.7104166666666667 0.06406250000000001 0.1
10 0.6640625 0.915625 0.08125 0.16875
26 0.93671875 0.9072916666666666 0.0390625 0.052083333333333336
2 0.79453125 0.9041666666666667 0.19843750000000002 0.15416666666666667
3 0.41718750000000004 0.775 0.30000000000000004 0.25416666666666665
5 0.51484375 0.9125 0.1234375 0.12083333333333333
9 0.5109375 0.5510416666666667 0.10625000000000001 0.25625
6 0.41640625000000003 0.5614583333333333 0.0328125 0.06458333333333333
11 0.253125 0.6489583333333333 0.246875 0.11041666666666666
3 0.2828125 0.534375 0.20625000000000002 0.09791666666666667
4 0.23203125000000002 0.79375 0.0578125 0.09166666666666666
12 0.109375 0.7052083333333333 0.125 0.23958333333333334
6 0.13125 0.5885416666666666 0.109375 0.05625
