0 0.925 0.7729166666666667 0.15000000000000002 0.22083333333333333
22 0.8390625 0.6322916666666667 0.05625 0.08541666666666667
7 0.6703125000000001 0.6770833333333334 0.21250000000000002 0.275
8 0.5875 0.7083333333333334 0.065625 0.1
1 0.7984375 0.9322916666666666 0.08750000000000001 0.13125
10 0.628125 0.9135416666666667 0.08125 0.16875
26 0.89375 0.8895833333333333 0.037500000000000006 0.05
2 0.75703125 0.8947916666666667 0.1953125 0.14791666666666667
3 0.37812500000000004 0.78125 0.30000000000000004 0.25416666666666665
5 0.48046875 0.9125 0.1234375 0.12083333333333333
9 0.47187500000000004 0.5510416666666667 0.10625000000000001 0.25625
6 0.37734375000000003 0.565625 0.0328125 0.06458333333333333
11 0.21406250000000002 0.659375 0.246875 0.10625
3 0.23984375000000002 0.540625 0.2109375 0.09791666666666667
4 0.1921875 0.8052083333333333 0.059375000000000004 0.09375
12 0.065625 0.721875 0.13125 0.24375
6 0.084375 0.5989583333333334 0.109375 0.05625
