3 0.81953125 0.890625 0.3609375 0.21458333333333332
24 0.9320312500000001 0.8177083333333334 0.0546875 0.06875
23 0.8562500000000001 0.7333333333333333 0.12812500000000002 0.12083333333333333
25 0.74921875 0.6354166666666666 0.045312500000000006 0.05
0 0.65390625 0.696875 0.1609375 0.18125
22 0.55078125 0.59375 0.045312500000000006 0.07916666666666666
7 0.3984375 0.659375 0.215625 0.2520833333333333
8 0.32265625000000003 0.7229166666666667 0.0671875 0.10416666666666667
1 0.5398437500000001 0.9125 0.0765625 0.16666666666666666
10 0.37890625 0.9177083333333333 0.0765625 0.16458333333333333
26 0.6171875 0.8177083333333334 0.034375 0.04375
2 0.49531250000000004 0.8604166666666666 0.184375 0.09583333333333333
3 0.13125 0.859375 0.259375 0.28125
5 0.23593750000000002 0.9458333333333333 0.109375 0.1
9 0.18906250000000002 0.584375 0.12187500000000001 0.27708333333333335
6 0.07890625000000001 0.6208333333333333 0.0421875 0.07083333333333333
