0 0.90390625 0.7572916666666667 0.1921875 0.21041666666666667
22 0.79453125 0.6239583333333333 0.051562500000000004 0.08541666666666667
7 0.628125 0.66875 0.20625000000000002 0.26666666666666666
8 0.54921875 0.7052083333333333 0.06406250000000001 0.10208333333333333
1 0.7601562500000001 0.9260416666666667 0.0890625 0.14375
10 0.5859375 0.9104166666666667 0.07500000000000001 0.175
26 0.8515625 0.8739583333333333 0.037500000000000006 0.04791666666666666
2 0.71875 0.8947916666666667 0.18125000000000002 0.14375
3 0.33906250000000004 0.7895833333333333 0.30000000000000004 0.25416666666666665
5 0.44453125000000004 0.9197916666666667 0.1234375 0.12708333333333333
9 0.43281250000000004 0.553125 0.10625000000000001 0.25625
6 0.33828125000000003 0.5697916666666667 0.035937500000000004 0.06458333333333333
11 0.16640625 0.6729166666666666 0.2515625 0.1
3 0.18984375 0.5479166666666666 0.2234375 0.09583333333333333
4 0.15078125 0.8208333333333333 0.06406250000000001 0.09583333333333333
12 0.0421875 0.753125 0.084375 0.21875
6 0.046875 0.6114583333333333 0.09062500000000001 0.052083333333333336
