3 0.6742187500000001 0.8770833333333333 0.35468750000000004 0.24166666666666667
24 0.7625000000000001 0.7645833333333333 0.05 0.06666666666666667
23 0.6875 0.6947916666666667 0.1125 0.11875
25 0.58984375 0.6145833333333334 0.045312500000000006 0.05
0 0.49921875000000004 0.684375 0.1546875 0.18541666666666667
22 0.39687500000000003 0.596875 0.046875 0.08125
7 0.23828125 0.68125 0.23593750000000002 0.24583333333333332
8 0.15859375 0.7645833333333333 0.0703125 0.10833333333333334
1 0.4 0.9166666666666666 0.07500000000000001 0.1625
10 0.23046875 0.934375 0.08281250000000001 0.12708333333333333
26 0.47265625 0.8114583333333333 0.035937500000000004 0.04375
2 0.35078125000000004 0.871875 0.1859375 0.09791666666666667
