46 0.56015625 0.5916666666666667 0.0578125 0.11666666666666667
14 0.465625 0.5020833333333333 0.1125 0.12916666666666665
17 0.40078125000000003 0.5697916666666667 0.060937500000000006 0.08541666666666667
18 0.39453125 0.6270833333333333 0.0328125 0.14583333333333334
48 0.46328125000000003 0.7479166666666667 0.0328125 0.041666666666666664
48 0.37890625 0.8083333333333333 0.0421875 0.05416666666666667
12 0.32734375000000004 0.46249999999999997 0.07968750000000001 0.14166666666666666
33 0.2671875 0.5125 0.046875 0.14583333333333334
9 0.34296875000000004 0.30833333333333335 0.0546875 0.1125
24 0.21796875000000002 0.4010416666666667 0.0484375 0.035416666666666666
29 0.225 0.7375 0.1125 0.05
49 0.2328125 0.5895833333333333 0.059375000000000004 0.15416666666666667
22 0.26953125 0.41562499999999997 0.0578125 0.03958333333333333
32 0.24140625000000002 0.81875 0.1078125 0.09166666666666666
44 0.18281250000000002 0.5739583333333333 0.028125 0.07708333333333334
30 0.13359375 0.47604166666666664 0.1296875 0.08541666666666667
29 0.2109375 0.465625 0.06875 0.04375
0 0.11484375000000001 0.4083333333333333 0.11406250000000001 0.08333333333333333
