46 0.72265625 0.6072916666666667 0.0578125 0.11458333333333333
14 0.6265625 0.5052083333333334 0.1125 0.13125
17 0.55703125 0.565625 0.060937500000000006 0.08541666666666667
18 0.546875 0.6229166666666667 0.03125 0.14166666666666666
48 0.6125 0.7510416666666666 0.034375 0.03958333333333333
48 0.525 0.8 0.043750000000000004 0.05
12 0.4890625 0.45625 0.078125 0.1375
33 0.43203125000000003 0.49583333333333335 0.0421875 0.14583333333333334
9 0.51484375 0.303125 0.0484375 0.11041666666666666
24 0.39140625 0.38645833333333335 0.045312500000000006 0.035416666666666666
29 0.38515625000000003 0.7052083333333333 0.1078125 0.05625
49 0.39609375 0.56875 0.051562500000000004 0.14583333333333334
22 0.43828125 0.4041666666666667 0.0546875 0.0375
32 0.3953125 0.7854166666666667 0.10312500000000001 0.09583333333333333
44 0.35234375 0.5489583333333333 0.0234375 0.07291666666666667
30 0.31015625 0.44895833333333335 0.1171875 0.07708333333333334
29 0.38984375000000004 0.44687499999999997 0.06406250000000001 0.035416666666666666
0 0.29765625 0.3833333333333333 0.1046875 0.07083333333333333
