46 0.6781250000000001 0.6020833333333333 0.05625 0.11666666666666667
14 0.58515625 0.5020833333333333 0.11093750000000001 0.12916666666666665
17 0.51796875 0.565625 0.060937500000000006 0.08541666666666667
18 0.5078125 0.6229166666666667 0.03125 0.14166666666666666
48 0.5750000000000001 0.746875 0.034375 0.03958333333333333
48 0.49140625000000004 0.7979166666666666 0.0421875 0.05416666666666667
12 0.45 0.45625 0.078125 0.1375
33 0.384375 0.4979166666666667 0.046875 0.14583333333333334
9 0.46953125 0.3052083333333333 0.051562500000000004 0.11041666666666666
24 0.34765625 0.3875 0.0484375 0.03333333333333333
29 0.34609375000000003 0.7114583333333333 0.1078125 0.05625
49 0.353125 0.571875 0.053125000000000006 0.15208333333333332
22 0.39453125 0.4083333333333333 0.0578125 0.0375
32 0.35781250000000003 0.7916666666666666 0.10312500000000001 0.09583333333333333
44 0.30859375 0.553125 0.029687500000000002 0.07708333333333334
30 0.26328125 0.45625 0.1234375 0.07916666666666666
29 0.328125 0.453125 0.06875 0.04375
0 0.24531250000000002 0.39166666666666666 0.10625000000000001 0.07916666666666666
