46 0.6390625000000001 0.5979166666666667 0.05625 0.11666666666666667
14 0.54609375 0.5020833333333333 0.11093750000000001 0.12916666666666665
17 0.47890625000000003 0.565625 0.060937500000000006 0.08541666666666667
18 0.46796875000000004 0.6229166666666667 0.0328125 0.14166666666666666
48 0.5375 0.746875 0.034375 0.03958333333333333
48 0.45390625 0.8020833333333334 0.0421875 0.05416666666666667
12 0.40937500000000004 0.45625 0.078125 0.1375
33 0.3453125 0.5020833333333333 0.046875 0.14583333333333334
9 0.4296875 0.3052083333333333 0.053125000000000006 0.11041666666666666
24 0.30546875 0.39166666666666666 0.0484375 0.03333333333333333
29 0.30625 0.7177083333333333 0.109375 0.05625
49 0.3140625 0.5760416666666667 0.053125000000000006 0.15208333333333332
22 0.35468750000000004 0.409375 0.059375000000000004 0.03958333333333333
32 0.31953125000000004 0.7989583333333333 0.1046875 0.09791666666666667
44 0.2671875 0.5604166666666667 0.028125 0.075
30 0.2234375 0.46041666666666664 0.125 0.07916666666666666
29 0.2890625 0.45729166666666665 0.06875 0.04375
0 0.20546875 0.39375 0.1078125 0.07916666666666666
