46 0.521875 0.5895833333333333 0.053125000000000006 0.1125
14 0.4265625 0.5041666666666667 0.1125 0.12916666666666665
17 0.36015625 0.5729166666666666 0.060937500000000006 0.0875
18 0.35546875 0.63125 0.0328125 0.14583333333333334
48 0.42734375 0.75 0.0328125 0.041666666666666664
48 0.34140625 0.8145833333333333 0.0421875 0.05416666666666667
12 0.28359375000000003 0.46770833333333334 0.0859375 0.14375
33 0.21875 0.5166666666666666 0.05625 0.15
9 0.30000000000000004 0.31145833333333334 0.05625 0.11458333333333333
24 0.16953125000000002 0.40729166666666666 0.0484375 0.035416666666666666
29 0.184375 0.7479166666666667 0.115625 0.05416666666666667
49 0.1859375 0.6 0.0625 0.15416666666666667
22 0.22578125000000002 0.421875 0.0578125 0.03958333333333333
32 0.20078125000000002 0.8291666666666666 0.11093750000000001 0.09166666666666666
44 0.1390625 0.5833333333333334 0.03125 0.075
30 0.08359375000000001 0.48333333333333334 0.1328125 0.09166666666666666
29 0.171875 0.46979166666666666 0.06875 0.04375
0 0.06406250000000001 0.4145833333333333 0.115625 0.0875
