28 0.3328125 0.5354166666666667 0.043750000000000004 0.06666666666666667
32 0.45625000000000004 0.6104166666666666 0.08750000000000001 0.07083333333333333
23 0.35625 0.6729166666666666 0.084375 0.09166666666666666
36 0.246875 0.5895833333333333 0.05 0.06666666666666667
4 0.16718750000000002 0.56875 0.06875 0.041666666666666664
19 0.20546875 0.8177083333333334 0.2765625 0.28541666666666665
20 0.259375 0.43645833333333334 0.109375 0.16875
45 0.13515625 0.5114583333333333 0.045312500000000006 0.052083333333333336
17 0.11015625000000001 0.4791666666666667 0.0484375 0.0625
11 0.13046875 0.4083333333333333 0.1640625 0.04583333333333333
22 0.07265625 0.4270833333333333 0.051562500000000004 0.04583333333333333
43 0.08750000000000001 0.6760416666666667 0.046875 0.09375
