28 0.8234375 0.5572916666666666 0.046875 0.06875
32 0.9500000000000001 0.6802083333333333 0.096875 0.09791666666666667
23 0.8265625000000001 0.7052083333333333 0.078125 0.08958333333333333
36 0.72578125 0.5822916666666667 0.0484375 0.06875
4 0.65390625 0.5385416666666667 0.06406250000000001 0.03958333333333333
19 0.6640625 0.7697916666666667 0.246875 0.21041666666666667
20 0.76484375 0.4375 0.09843750000000001 0.1875
45 0.634375 0.4770833333333333 0.037500000000000006 0.04583333333333333
17 0.61875 0.44166666666666665 0.040625 0.05416666666666667
11 0.6484375 0.3885416666666667 0.140625 0.06041666666666667
22 0.5921875 0.390625 0.040625 0.03958333333333333
43 0.5789062500000001 0.6104166666666666 0.0390625 0.07916666666666666
42 0.50703125 0.5479166666666666 0.0546875 0.05416666666666667
27 0.50546875 0.4770833333333333 0.08281250000000001 0.029166666666666667
23 0.55234375 0.425 0.0671875 0.03333333333333333
44 0.509375 0.37083333333333335 0.018750000000000003 0.0625
31 0.47265625 0.440625 0.026562500000000003 0.035416666666666666
6 0.4609375 0.403125 0.05625 0.035416666666666666
