28 0.49140625000000004 0.5239583333333333 0.0390625 0.06041666666666667
32 0.6078125000000001 0.6104166666666666 0.08750000000000001 0.07916666666666666
23 0.5085937500000001 0.665625 0.07968750000000001 0.08541666666666667
36 0.40546875000000004 0.5697916666666667 0.045312500000000006 0.06458333333333333
4 0.33359375 0.5427083333333333 0.060937500000000006 0.035416666666666666
19 0.35859375000000004 0.7854166666666667 0.26406250000000003 0.2708333333333333
20 0.42890625000000004 0.4239583333333333 0.1015625 0.16875
45 0.30859375 0.48333333333333334 0.0421875 0.05
17 0.290625 0.45 0.043750000000000004 0.058333333333333334
11 0.31093750000000003 0.3875 0.146875 0.04583333333333333
22 0.25703125 0.40208333333333335 0.045312500000000006 0.0375
43 0.26406250000000003 0.6333333333333333 0.046875 0.0875
42 0.17890625000000002 0.5822916666666667 0.06406250000000001 0.06041666666666667
27 0.16562500000000002 0.5114583333333333 0.09375 0.04375
23 0.21875 0.44166666666666665 0.078125 0.041666666666666664
44 0.16328125000000002 0.39375 0.026562500000000003 0.06666666666666667
31 0.1296875 0.471875 0.034375 0.03958333333333333
6 0.109375 0.43854166666666666 0.065625 0.04791666666666666
