28 0.77890625 0.5489583333333333 0.045312500000000006 0.06458333333333333
32 0.9046875000000001 0.66875 0.1 0.09583333333333333
23 0.784375 0.6958333333333333 0.08125 0.0875
36 0.68515625 0.5770833333333333 0.0484375 0.06666666666666667
4 0.6125 0.5364583333333334 0.0625 0.035416666666666666
19 0.6257812500000001 0.7697916666666667 0.24531250000000002 0.21458333333333332
20 0.721875 0.43333333333333335 0.096875 0.18333333333333332
45 0.5906250000000001 0.471875 0.037500000000000006 0.04375
17 0.5750000000000001 0.4395833333333333 0.040625 0.05416666666666667
11 0.60546875 0.38645833333333335 0.1421875 0.06041666666666667
22 0.54921875 0.390625 0.0421875 0.03958333333333333
43 0.5398437500000001 0.6083333333333333 0.0390625 0.07916666666666666
42 0.46796875000000004 0.5479166666666666 0.0546875 0.05416666666666667
27 0.46640625 0.47604166666666664 0.08281250000000001 0.03125
23 0.51328125 0.42291666666666666 0.0671875 0.03333333333333333
44 0.46796875000000004 0.371875 0.0203125 0.06041666666666667
31 0.4296875 0.440625 0.028125 0.035416666666666666
6 0.41796875 0.40520833333333334 0.0578125 0.03958333333333333
