28 0.84296875 0.5625 0.0484375 0.06666666666666667
32 0.96015625 0.6885416666666666 0.07968750000000001 0.10208333333333333
23 0.8460937500000001 0.7104166666666667 0.08281250000000001 0.09166666666666666
36 0.74609375 0.5854166666666667 0.0484375 0.06666666666666667
4 0.6742187500000001 0.5427083333333333 0.06406250000000001 0.03958333333333333
19 0.6796875 0.7729166666666667 0.246875 0.20833333333333334
20 0.78671875 0.44166666666666665 0.1015625 0.1875
45 0.65390625 0.4770833333333333 0.035937500000000004 0.04583333333333333
17 0.6375000000000001 0.4427083333333333 0.040625 0.052083333333333336
11 0.66953125 0.38958333333333334 0.1421875 0.0625
22 0.6125 0.390625 0.040625 0.03958333333333333
43 0.59609375 0.6104166666666666 0.0390625 0.07916666666666666
42 0.52578125 0.5479166666666666 0.0546875 0.05416666666666667
27 0.52578125 0.475 0.07968750000000001 0.03333333333333333
23 0.57421875 0.4239583333333333 0.0671875 0.03125
44 0.53046875 0.371875 0.0140625 0.06041666666666667
31 0.4921875 0.43854166666666666 0.025 0.03125
6 0.47968750000000004 0.403125 0.05625 0.035416666666666666
