28 0.37343750000000003 0.5322916666666666 0.043750000000000004 0.06458333333333333
32 0.49375 0.6083333333333333 0.08750000000000001 0.07083333333333333
23 0.3953125 0.6697916666666667 0.08125 0.08958333333333333
36 0.28828125 0.5833333333333334 0.0484375 0.06666666666666667
4 0.209375 0.5604166666666667 0.06875 0.0375
19 0.24453125 0.8052083333333333 0.2734375 0.27708333333333335
20 0.30234375 0.434375 0.1046875 0.16875
45 0.17500000000000002 0.49374999999999997 0.043750000000000004 0.05
17 0.14921875 0.46979166666666666 0.0484375 0.06041666666666667
11 0.17890625000000002 0.403125 0.1546875 0.04375
22 0.11953125 0.42083333333333334 0.051562500000000004 0.041666666666666664
43 0.13515625 0.6625 0.0484375 0.09166666666666666
42 0.041406250000000006 0.615625 0.0671875 0.06458333333333333
27 0.0390625 0.534375 0.078125 0.04375
23 0.08046875 0.46458333333333335 0.08281250000000001 0.05
44 0.0171875 0.41875 0.03125 0.075
