28 0.6515625 0.534375 0.046875 0.06458333333333333
32 0.7718750000000001 0.6354166666666666 0.09375 0.08333333333333333
23 0.66171875 0.6729166666666666 0.07968750000000001 0.0875
36 0.56484375 0.5677083333333334 0.045312500000000006 0.06458333333333333
4 0.49531250000000004 0.534375 0.0625 0.035416666666666666
19 0.5140625 0.7666666666666666 0.240625 0.23333333333333334
20 0.59296875 0.42291666666666666 0.0890625 0.175
45 0.47265625 0.47291666666666665 0.0421875 0.04583333333333333
17 0.4546875 0.440625 0.043750000000000004 0.05625
11 0.47968750000000004 0.384375 0.1375 0.052083333333333336
22 0.42578125 0.390625 0.0421875 0.03958333333333333
43 0.4234375 0.6104166666666666 0.040625 0.08333333333333333
42 0.34921875 0.5552083333333333 0.0578125 0.05625
27 0.34453125 0.48333333333333334 0.0859375 0.0375
23 0.38984375000000004 0.425 0.0703125 0.0375
44 0.34218750000000003 0.37604166666666666 0.018750000000000003 0.06041666666666667
31 0.30781250000000004 0.4479166666666667 0.028125 0.0375
6 0.29140625000000003 0.41354166666666664 0.0578125 0.03958333333333333
