28 0.73046875 0.5416666666666666 0.045312500000000006 0.0625
32 0.859375 0.6552083333333333 0.096875 0.09375
23 0.7421875 0.6864583333333333 0.078125 0.08125
36 0.6429687500000001 0.571875 0.045312500000000006 0.06458333333333333
4 0.5734375 0.534375 0.0625 0.035416666666666666
19 0.5906250000000001 0.7677083333333333 0.24375000000000002 0.21875
20 0.67578125 0.428125 0.0890625 0.17708333333333334
45 0.5515625000000001 0.471875 0.037500000000000006 0.04375
17 0.5359375000000001 0.4395833333333333 0.040625 0.05416666666666667
11 0.5625 0.384375 0.140625 0.06041666666666667
22 0.509375 0.38958333333333334 0.037500000000000006 0.0375
43 0.5007812500000001 0.6072916666666667 0.0390625 0.08125
42 0.42890625000000004 0.55 0.0546875 0.05416666666666667
27 0.4265625 0.4791666666666667 0.084375 0.03333333333333333
23 0.47109375000000003 0.42291666666666666 0.0671875 0.03333333333333333
44 0.4265625 0.37083333333333335 0.018750000000000003 0.058333333333333334
31 0.390625 0.4427083333333333 0.028125 0.035416666666666666
6 0.3765625 0.40625 0.05625 0.0375
