41 0.9125000000000001 0.6166666666666667 0.171875 0.10833333333333334
28 0.9609375 0.5135416666666667 0.0625 0.04375
13 0.87109375 0.546875 0.0921875 0.03958333333333333
30 0.8515625 0.475 0.109375 0.07916666666666666
15 0.6687500000000001 0.5979166666666667 0.12812500000000002 0.11666666666666667
34 0.5875 0.7916666666666666 0.28125 0.3125
48 0.8625 0.84375 0.05 0.05416666666666667
37 0.8578125000000001 0.709375 0.0625 0.08125
34 0.7015625000000001 0.46249999999999997 0.146875 0.09583333333333333
0 0.6765625000000001 0.3854166666666667 0.10312500000000001 0.08333333333333333
50 0.7515625 0.38229166666666664 0.078125 0.04375
47 0.8226562500000001 0.36354166666666665 0.0765625 0.03958333333333333
12 0.81640625 0.409375 0.07968750000000001 0.06041666666666667
9 0.90234375 0.36666666666666664 0.0703125 0.1
2 0.91953125 0.4666666666666667 0.035937500000000004 0.04583333333333333
42 0.7015625000000001 0.35520833333333335 0.028125 0.03125
