36 0.6257812500000001 0.6614583333333334 0.0765625 0.10625
41 0.5320312500000001 0.5614583333333333 0.1421875 0.08958333333333333
28 0.52109375 0.46249999999999997 0.0484375 0.0375
13 0.453125 0.509375 0.078125 0.04791666666666666
30 0.42812500000000003 0.4479166666666667 0.09062500000000001 0.07083333333333333
15 0.27187500000000003 0.609375 0.134375 0.12708333333333333
34 0.2171875 0.8166666666666667 0.30625 0.35833333333333334
48 0.48046875 0.78125 0.045312500000000006 0.05
37 0.45937500000000003 0.6614583333333334 0.053125000000000006 0.07291666666666667
34 0.28359375000000003 0.4708333333333333 0.15781250000000002 0.09166666666666666
0 0.25625000000000003 0.39166666666666666 0.109375 0.08333333333333333
50 0.33359375 0.378125 0.0671875 0.03958333333333333
47 0.39296875000000003 0.35104166666666664 0.0671875 0.03125
12 0.390625 0.3927083333333333 0.0625 0.06458333333333333
9 0.4578125 0.33958333333333335 0.053125000000000006 0.09583333333333333
2 0.484375 0.42604166666666665 0.025 0.035416666666666666
42 0.27890625 0.35833333333333334 0.029687500000000002 0.0375
