36 0.91953125 0.7208333333333333 0.0921875 0.11666666666666667
41 0.8171875000000001 0.5947916666666666 0.15937500000000002 0.09791666666666667
28 0.7367187500000001 0.4770833333333333 0.0546875 0.0375
13 0.73359375 0.525 0.08281250000000001 0.041666666666666664
30 0.7140625 0.4583333333333333 0.09375 0.07083333333333333
15 0.5484375 0.5916666666666667 0.12187500000000001 0.11666666666666667
34 0.47500000000000003 0.775 0.278125 0.3
48 0.7421875 0.80625 0.05 0.05416666666666667
37 0.7296875 0.6791666666666667 0.05625 0.075
34 0.55703125 0.45416666666666666 0.15781250000000002 0.09166666666666666
0 0.54921875 0.3802083333333333 0.1015625 0.07708333333333334
50 0.62265625 0.37395833333333334 0.0671875 0.035416666666666666
47 0.68359375 0.353125 0.0671875 0.035416666666666666
12 0.6781250000000001 0.396875 0.06875 0.05625
9 0.76171875 0.34791666666666665 0.0546875 0.09583333333333333
2 0.77265625 0.4427083333333333 0.029687500000000002 0.035416666666666666
42 0.5710937500000001 0.35 0.026562500000000003 0.03333333333333333
