36 0.8734375000000001 0.7083333333333334 0.09062500000000001 0.11666666666666667
41 0.7765625 0.5854166666666667 0.15937500000000002 0.1
28 0.77109375 0.48020833333333335 0.0546875 0.03958333333333333
13 0.69453125 0.51875 0.08281250000000001 0.041666666666666664
30 0.6742187500000001 0.453125 0.09531250000000001 0.07291666666666667
15 0.5078125 0.6114583333333333 0.12187500000000001 0.11458333333333333
34 0.43984375000000003 0.7739583333333333 0.27968750000000003 0.3020833333333333
48 0.703125 0.7979166666666666 0.05 0.05416666666666667
37 0.6898437500000001 0.6729166666666666 0.0578125 0.075
34 0.51796875 0.45416666666666666 0.15781250000000002 0.09166666666666666
0 0.5085937500000001 0.37604166666666666 0.1015625 0.07708333333333334
50 0.58359375 0.371875 0.0671875 0.035416666666666666
47 0.64375 0.3489583333333333 0.06875 0.035416666666666666
12 0.63828125 0.39166666666666666 0.0703125 0.058333333333333334
9 0.71484375 0.34791666666666665 0.0546875 0.09583333333333333
2 0.7328125000000001 0.43854166666666666 0.03125 0.035416666666666666
42 0.53125 0.34791666666666665 0.028125 0.03333333333333333
