41 0.95625 0.6354166666666666 0.084375 0.10416666666666667
13 0.9109375000000001 0.559375 0.09062500000000001 0.03958333333333333
30 0.9015625 0.48541666666666666 0.1125 0.07916666666666666
15 0.70703125 0.6041666666666666 0.1265625 0.12083333333333333
34 0.6234375000000001 0.7958333333333333 0.28125 0.3125
48 0.9070312500000001 0.8583333333333333 0.0546875 0.0625
37 0.90390625 0.7208333333333333 0.06406250000000001 0.08333333333333333
34 0.7445312500000001 0.4666666666666667 0.15156250000000002 0.09583333333333333
0 0.7156250000000001 0.38958333333333334 0.10312500000000001 0.08333333333333333
50 0.796875 0.3854166666666667 0.08125 0.041666666666666664
47 0.8718750000000001 0.3697916666666667 0.08125 0.04375
12 0.86328125 0.4145833333333333 0.0765625 0.0625
9 0.9539062500000001 0.3729166666666667 0.0734375 0.10416666666666667
2 0.96875 0.4770833333333333 0.037500000000000006 0.04583333333333333
42 0.7468750000000001 0.35833333333333334 0.028125 0.03333333333333333
