36 0.74375 0.671875 0.07500000000000001 0.10625
41 0.6492187500000001 0.571875 0.1421875 0.08958333333333333
28 0.63828125 0.46770833333333334 0.0484375 0.035416666666666666
13 0.5703125 0.5104166666666666 0.078125 0.04583333333333333
30 0.546875 0.44687499999999997 0.09062500000000001 0.06875
15 0.38906250000000003 0.5958333333333333 0.134375 0.125
34 0.33515625000000004 0.79375 0.3046875 0.35833333333333334
48 0.5890625 0.7822916666666666 0.043750000000000004 0.04791666666666666
37 0.57265625 0.659375 0.051562500000000004 0.07291666666666667
34 0.40078125000000003 0.46041666666666664 0.15781250000000002 0.09166666666666666
0 0.37343750000000003 0.3854166666666667 0.109375 0.08333333333333333
50 0.45078125 0.371875 0.0671875 0.03958333333333333
47 0.51015625 0.346875 0.0671875 0.03125
12 0.5085937500000001 0.39166666666666666 0.060937500000000006 0.0625
9 0.57421875 0.334375 0.051562500000000004 0.09375
2 0.6015625 0.42604166666666665 0.025 0.035416666666666666
42 0.39609375 0.3489583333333333 0.029687500000000002 0.035416666666666666
