36 0.7875000000000001 0.6864583333333333 0.084375 0.11041666666666666
41 0.6882812500000001 0.5760416666666667 0.1421875 0.08958333333333333
28 0.68515625 0.4708333333333333 0.051562500000000004 0.0375
13 0.6117187500000001 0.5114583333333333 0.07968750000000001 0.04375
30 0.5921875 0.44895833333333335 0.09062500000000001 0.06875
15 0.43046875 0.590625 0.1234375 0.11458333333333333
34 0.36796875 0.78125 0.2859375 0.31666666666666665
48 0.6265625 0.7864583333333334 0.046875 0.052083333333333336
37 0.6125 0.6645833333333333 0.05625 0.075
34 0.43984375000000003 0.4583333333333333 0.15781250000000002 0.09166666666666666
0 0.4265625 0.37916666666666665 0.10312500000000001 0.075
50 0.49921875000000004 0.37083333333333335 0.06406250000000001 0.0375
47 0.5578125 0.34791666666666665 0.06875 0.03333333333333333
12 0.5476562500000001 0.39166666666666666 0.060937500000000006 0.0625
9 0.6265625 0.33958333333333335 0.053125000000000006 0.09166666666666666
2 0.6468750000000001 0.4322916666666667 0.028125 0.035416666666666666
42 0.44843750000000004 0.3489583333333333 0.028125 0.03125
