32 0.81015625 0.63125 0.0421875 0.09583333333333333
50 0.71484375 0.528125 0.0671875 0.10208333333333333
29 0.6234375000000001 0.609375 0.08125 0.06875
0 0.48281250000000003 0.7145833333333333 0.1875 0.19166666666666665
30 0.63203125 0.47604166666666664 0.1609375 0.07291666666666667
33 0.56796875 0.46041666666666664 0.029687500000000002 0.125
17 0.5242187500000001 0.42291666666666666 0.0421875 0.058333333333333334
43 0.55625 0.55625 0.065625 0.05416666666666667
33 0.53515625 0.36041666666666666 0.026562500000000003 0.09583333333333333
25 0.48828125 0.4666666666666667 0.035937500000000004 0.041666666666666664
46 0.48281250000000003 0.40729166666666666 0.040625 0.04791666666666666
47 0.45390625 0.5739583333333333 0.07968750000000001 0.08541666666666667
44 0.6898437500000001 0.69375 0.029687500000000002 0.05416666666666667
29 0.42578125 0.44166666666666665 0.0484375 0.029166666666666667
40 0.42890625000000004 0.371875 0.0390625 0.03958333333333333
24 0.40156250000000004 0.515625 0.0625 0.04375
18 0.37343750000000003 0.434375 0.028125 0.08958333333333333
49 0.3484375 0.3625 0.034375 0.0875
