32 0.6468750000000001 0.6041666666666666 0.037500000000000006 0.09166666666666666
50 0.55078125 0.5166666666666666 0.0578125 0.09583333333333333
29 0.4703125 0.6052083333333333 0.08125 0.06875
0 0.3296875 0.7364583333333333 0.19375 0.19791666666666666
30 0.47265625 0.4708333333333333 0.1640625 0.058333333333333334
33 0.40703125 0.46249999999999997 0.0328125 0.125
17 0.35859375000000004 0.42604166666666665 0.0421875 0.06041666666666667
43 0.40156250000000004 0.5583333333333333 0.065625 0.05416666666666667
33 0.36796875 0.36354166666666665 0.0328125 0.09791666666666667
25 0.32343750000000004 0.4770833333333333 0.034375 0.041666666666666664
46 0.31562500000000004 0.41562499999999997 0.043750000000000004 0.052083333333333336
47 0.290625 0.5895833333333333 0.084375 0.09583333333333333
44 0.53515625 0.68125 0.029687500000000002 0.05416666666666667
29 0.259375 0.45416666666666666 0.053125000000000006 0.03333333333333333
40 0.2578125 0.3802083333333333 0.040625 0.03958333333333333
24 0.23671875 0.5364583333333334 0.0671875 0.04791666666666666
18 0.20078125000000002 0.453125 0.0328125 0.09375
49 0.17109375000000002 0.37916666666666665 0.0390625 0.09583333333333333
