32 0.56953125 0.596875 0.0421875 0.08958333333333333
50 0.47109375000000003 0.5177083333333333 0.060937500000000006 0.09791666666666667
29 0.3953125 0.6083333333333333 0.08125 0.07083333333333333
0 0.2515625 0.7520833333333333 0.2 0.2
30 0.38828125 0.471875 0.1640625 0.06041666666666667
33 0.32421875 0.46875 0.0390625 0.125
17 0.27734375 0.43333333333333335 0.045312500000000006 0.0625
43 0.32109375 0.5666666666666667 0.0671875 0.058333333333333334
33 0.28203125 0.3697916666666667 0.0328125 0.10208333333333333
25 0.24140625000000002 0.4864583333333333 0.035937500000000004 0.04375
46 0.22890625 0.4239583333333333 0.0484375 0.05625
47 0.2109375 0.603125 0.084375 0.10208333333333333
44 0.4609375 0.6822916666666666 0.028125 0.05625
29 0.16875 0.46875 0.05625 0.03333333333333333
48 0.17421875 0.5052083333333334 0.0171875 0.027083333333333334
40 0.13125 0.37916666666666665 0.043750000000000004 0.04583333333333333
48 0.2609375 0.38645833333333335 0.021875000000000002 0.014583333333333334
24 0.146875 0.553125 0.06875 0.052083333333333336
18 0.11093750000000001 0.46979166666666666 0.037500000000000006 0.09375
49 0.07500000000000001 0.3927083333333333 0.040625 0.09791666666666667
