32 0.45625000000000004 0.596875 0.043750000000000004 0.08958333333333333
50 0.35000000000000003 0.5239583333333333 0.0625 0.09791666666666667
29 0.27578125000000003 0.6239583333333333 0.08281250000000001 0.07708333333333334
0 0.1265625 0.7927083333333333 0.215625 0.21041666666666667
30 0.2609375 0.48541666666666666 0.171875 0.05416666666666667
33 0.19453125000000002 0.484375 0.045312500000000006 0.13125
17 0.140625 0.4510416666666667 0.05 0.06458333333333333
43 0.19609375 0.5885416666666666 0.0734375 0.06458333333333333
33 0.14609375 0.3854166666666667 0.0421875 0.10416666666666667
25 0.1046875 0.5104166666666666 0.040625 0.05
46 0.08750000000000001 0.44375 0.053125000000000006 0.0625
47 0.07578125000000001 0.6364583333333333 0.0921875 0.11041666666666666
44 0.34687500000000004 0.6927083333333334 0.025 0.06041666666666667
29 0.028125 0.49374999999999997 0.053125000000000006 0.041666666666666664
48 0.03359375 0.534375 0.0171875 0.03125
40 0.022656250000000003 0.4145833333333333 0.0421875 0.04583333333333333
48 0.12265625000000001 0.4 0.0234375 0.0125
