32 0.60859375 0.5989583333333334 0.0421875 0.08958333333333333
50 0.51015625 0.5177083333333333 0.060937500000000006 0.09791666666666667
29 0.43281250000000004 0.6052083333333333 0.08125 0.06875
0 0.29140625000000003 0.74375 0.19843750000000002 0.2
30 0.43203125000000003 0.4708333333333333 0.1640625 0.058333333333333334
33 0.36640625000000004 0.465625 0.035937500000000004 0.12291666666666666
17 0.31875000000000003 0.4302083333333333 0.043750000000000004 0.06041666666666667
43 0.36250000000000004 0.5625 0.065625 0.05416666666666667
33 0.32578125 0.3645833333333333 0.0328125 0.1
25 0.28359375000000003 0.48125 0.035937500000000004 0.041666666666666664
46 0.27109375 0.41770833333333335 0.0421875 0.052083333333333336
47 0.25078125 0.596875 0.0859375 0.09791666666666667
44 0.49843750000000003 0.6802083333333333 0.028125 0.05625
29 0.215625 0.46041666666666664 0.053125000000000006 0.03333333333333333
40 0.21484375 0.38645833333333335 0.0421875 0.03958333333333333
24 0.19375 0.54375 0.065625 0.05
18 0.1546875 0.4614583333333333 0.034375 0.09375
49 0.12187500000000001 0.3854166666666667 0.037500000000000006 0.09583333333333333
