32 0.49375 0.5958333333333333 0.040625 0.09166666666666666
50 0.38984375000000004 0.5197916666666667 0.060937500000000006 0.09791666666666667
29 0.31562500000000004 0.6177083333333333 0.08125 0.07291666666666667
0 0.1703125 0.778125 0.21250000000000002 0.21041666666666667
30 0.3046875 0.48125 0.16875 0.05
33 0.23828125 0.47812499999999997 0.045312500000000006 0.13125
17 0.1875 0.44479166666666664 0.05 0.06458333333333333
43 0.23828125 0.58125 0.0703125 0.0625
33 0.19453125000000002 0.378125 0.0421875 0.10625
25 0.15000000000000002 0.5020833333333333 0.040625 0.04583333333333333
46 0.1390625 0.4354166666666667 0.053125000000000006 0.0625
47 0.12109375 0.6239583333333333 0.0890625 0.11041666666666666
44 0.384375 0.6885416666666666 0.025 0.06041666666666667
29 0.07578125000000001 0.48333333333333334 0.0578125 0.0375
48 0.08203125 0.5229166666666667 0.0171875 0.029166666666666667
40 0.0734375 0.40520833333333334 0.043750000000000004 0.04791666666666666
48 0.16875 0.3927083333333333 0.025 0.014583333333333334
24 0.053125000000000006 0.5739583333333333 0.07500000000000001 0.06041666666666667
18 0.01640625 0.4864583333333333 0.0328125 0.09375
