32 0.8601562500000001 0.640625 0.0421875 0.10208333333333333
50 0.753125 0.5333333333333333 0.065625 0.1
29 0.66953125 0.6135416666666667 0.08281250000000001 0.07291666666666667
0 0.5203125000000001 0.7145833333333333 0.1875 0.19166666666666665
30 0.6734375 0.47812499999999997 0.1625 0.07708333333333334
33 0.60703125 0.4635416666666667 0.029687500000000002 0.12291666666666666
17 0.565625 0.42291666666666666 0.040625 0.058333333333333334
43 0.5984375000000001 0.5583333333333333 0.065625 0.05
33 0.57734375 0.36041666666666666 0.0234375 0.09583333333333333
25 0.5281250000000001 0.4666666666666667 0.034375 0.041666666666666664
46 0.52265625 0.40729166666666666 0.0421875 0.052083333333333336
47 0.4921875 0.5729166666666666 0.078125 0.08333333333333333
44 0.73046875 0.6958333333333333 0.0328125 0.0625
29 0.46484375 0.4395833333333333 0.0484375 0.029166666666666667
40 0.47109375000000003 0.3697916666666667 0.035937500000000004 0.03958333333333333
24 0.44296875 0.5135416666666667 0.060937500000000006 0.04375
18 0.415625 0.4322916666666667 0.025 0.08541666666666667
49 0.39140625 0.359375 0.029687500000000002 0.08541666666666667
