43 0.8671875 0.65 0.08750000000000001 0.07916666666666666
47 0.73984375 0.7260416666666667 0.0390625 0.07291666666666667
45 0.7828125 0.571875 0.046875 0.052083333333333336
32 0.675 0.6291666666666667 0.043750000000000004 0.0875
38 0.62265625 0.7135416666666666 0.045312500000000006 0.06041666666666667
1 0.6843750000000001 0.4322916666666667 0.034375 0.10208333333333333
44 0.7507812500000001 0.4770833333333333 0.0234375 0.0875
11 0.603125 0.528125 0.240625 0.07291666666666667
42 0.59609375 0.4635416666666667 0.0421875 0.04375
27 0.6234375000000001 0.3989583333333333 0.07187500000000001 0.01875
23 0.5828125000000001 0.4427083333333333 0.0625 0.035416666666666666
15 0.53828125 0.396875 0.0578125 0.05625
23 0.50703125 0.6 0.09531250000000001 0.04583333333333333
6 0.52109375 0.6875 0.0890625 0.041666666666666664
19 0.45546875000000003 0.3833333333333333 0.09843750000000001 0.058333333333333334
