43 0.7367187500000001 0.621875 0.08281250000000001 0.06875
47 0.62109375 0.7072916666666667 0.035937500000000004 0.07291666666666667
45 0.65625 0.5520833333333334 0.040625 0.05
32 0.55859375 0.6166666666666667 0.045312500000000006 0.0875
38 0.5109375 0.7083333333333334 0.040625 0.058333333333333334
1 0.55859375 0.42604166666666665 0.0328125 0.10208333333333333
44 0.62265625 0.465625 0.0234375 0.08541666666666667
11 0.484375 0.5229166666666667 0.234375 0.06666666666666667
42 0.47500000000000003 0.4614583333333333 0.040625 0.04375
27 0.5 0.3958333333333333 0.06875 0.029166666666666667
23 0.46015625000000004 0.44166666666666665 0.06406250000000001 0.0375
15 0.41328125000000004 0.396875 0.0546875 0.05625
23 0.3921875 0.6041666666666666 0.096875 0.05416666666666667
6 0.40859375000000003 0.6916666666666667 0.0890625 0.0375
19 0.33046875000000003 0.3885416666666667 0.09843750000000001 0.06041666666666667
