43 0.42265625 0.609375 0.0765625 0.06458333333333333
47 0.3203125 0.7208333333333333 0.037500000000000006 0.07916666666666666
45 0.3375 0.5572916666666666 0.046875 0.052083333333333336
32 0.2421875 0.6447916666666667 0.040625 0.09791666666666667
38 0.19843750000000002 0.7520833333333333 0.05 0.0625
1 0.22031250000000002 0.4458333333333333 0.046875 0.10833333333333334
44 0.29296875 0.475 0.029687500000000002 0.08333333333333333
11 0.140625 0.5645833333333333 0.26875 0.1
42 0.13593750000000002 0.496875 0.046875 0.04791666666666666
27 0.15000000000000002 0.42291666666666666 0.08125 0.0375
23 0.11484375000000001 0.47812499999999997 0.0703125 0.04791666666666666
15 0.05390625 0.43645833333333334 0.0703125 0.06458333333333333
43 0.02890625 0.5302083333333333 0.0421875 0.03958333333333333
23 0.055468750000000004 0.6760416666666667 0.1078125 0.08125
6 0.08281250000000001 0.7677083333333333 0.10312500000000001 0.06875
