43 0.46015625000000004 0.609375 0.0765625 0.06458333333333333
47 0.36015625 0.7145833333333333 0.0421875 0.07916666666666666
45 0.37734375000000003 0.5520833333333334 0.045312500000000006 0.05
32 0.28125 0.6364583333333333 0.040625 0.09791666666666667
38 0.2421875 0.7416666666666667 0.05 0.0625
1 0.26953125 0.440625 0.045312500000000006 0.11041666666666666
44 0.33828125000000003 0.471875 0.029687500000000002 0.08541666666666667
11 0.1796875 0.55625 0.26875 0.1
42 0.18203125 0.48854166666666665 0.045312500000000006 0.04791666666666666
27 0.20468750000000002 0.41354166666666664 0.08125 0.035416666666666666
23 0.1625 0.4708333333333333 0.06875 0.04583333333333333
15 0.10390625 0.43124999999999997 0.0703125 0.06666666666666667
43 0.07578125000000001 0.5177083333333333 0.0421875 0.03958333333333333
23 0.09921875000000001 0.659375 0.11406250000000001 0.08125
6 0.12734375 0.7510416666666666 0.1046875 0.06458333333333333
31 0.037500000000000006 0.5958333333333333 0.03125 0.05
31 0.03125 0.49583333333333335 0.028125 0.03333333333333333
