43 0.8226562500000001 0.634375 0.08281250000000001 0.07708333333333334
47 0.69921875 0.7166666666666667 0.0390625 0.075
45 0.73828125 0.5645833333333333 0.0484375 0.05
32 0.6359375 0.625 0.043750000000000004 0.0875
38 0.58515625 0.709375 0.0390625 0.06041666666666667
1 0.640625 0.428125 0.034375 0.10208333333333333
44 0.70703125 0.4739583333333333 0.0234375 0.08541666666666667
11 0.5609375 0.525 0.234375 0.07083333333333333
42 0.5546875 0.459375 0.040625 0.04375
27 0.5828125000000001 0.3958333333333333 0.07187500000000001 0.020833333333333332
23 0.54296875 0.4427083333333333 0.06406250000000001 0.035416666666666666
15 0.49765625 0.3958333333333333 0.0578125 0.058333333333333334
23 0.46953125 0.5989583333333334 0.09531250000000001 0.04791666666666666
6 0.48281250000000003 0.6854166666666667 0.08750000000000001 0.0375
19 0.41640625000000003 0.384375 0.1015625 0.05625
