43 0.53828125 0.6010416666666667 0.0765625 0.06458333333333333
47 0.43359375 0.703125 0.035937500000000004 0.07291666666666667
45 0.4578125 0.546875 0.043750000000000004 0.052083333333333336
32 0.36640625000000004 0.6260416666666666 0.0421875 0.08958333333333333
38 0.3203125 0.7229166666666667 0.05 0.0625
1 0.35390625000000003 0.4302083333333333 0.035937500000000004 0.10208333333333333
44 0.42031250000000003 0.465625 0.025 0.08541666666666667
11 0.2765625 0.5385416666666667 0.253125 0.07291666666666667
42 0.26953125 0.475 0.045312500000000006 0.04583333333333333
27 0.29296875 0.4041666666666667 0.0734375 0.029166666666666667
23 0.25234375000000003 0.45729166666666665 0.0671875 0.04375
15 0.19687500000000002 0.4166666666666667 0.0625 0.0625
43 0.16640625 0.5 0.045312500000000006 0.041666666666666664
23 0.18671875000000002 0.6385416666666667 0.1078125 0.06875
6 0.21171875 0.7270833333333333 0.09843750000000001 0.058333333333333334
31 0.134375 0.5729166666666666 0.03125 0.05
31 0.1265625 0.4770833333333333 0.028125 0.03333333333333333
19 0.10546875 0.4166666666666667 0.11406250000000001 0.075
