43 0.6546875000000001 0.6104166666666666 0.07500000000000001 0.06666666666666667
47 0.54609375 0.7010416666666667 0.035937500000000004 0.07291666666666667
45 0.5765625 0.546875 0.040625 0.04791666666666666
32 0.48203125 0.6166666666666667 0.0421875 0.0875
38 0.43515625 0.7104166666666667 0.0390625 0.058333333333333334
1 0.47500000000000003 0.42604166666666665 0.03125 0.10208333333333333
44 0.5390625 0.46458333333333335 0.021875000000000002 0.08333333333333333
11 0.4 0.5260416666666666 0.246875 0.06875
42 0.3875 0.46458333333333335 0.043750000000000004 0.04583333333333333
27 0.41640625000000003 0.396875 0.0671875 0.027083333333333334
23 0.3765625 0.44479166666666664 0.065625 0.03958333333333333
15 0.32734375000000004 0.40208333333333335 0.060937500000000006 0.058333333333333334
43 0.29609375 0.47812499999999997 0.0421875 0.03958333333333333
23 0.31015625 0.6135416666666667 0.1015625 0.06041666666666667
6 0.33125000000000004 0.7020833333333333 0.09062500000000001 0.05
31 0.26015625000000003 0.5510416666666667 0.029687500000000002 0.04791666666666666
31 0.2609375 0.45625 0.028125 0.03333333333333333
19 0.23828125 0.4 0.1078125 0.06666666666666667
