43 0.57578125 0.603125 0.0765625 0.06458333333333333
47 0.47265625 0.7010416666666667 0.035937500000000004 0.07291666666666667
45 0.49765625 0.5458333333333333 0.0421875 0.05
32 0.40468750000000003 0.6229166666666667 0.040625 0.0875
38 0.3609375 0.7208333333333333 0.040625 0.058333333333333334
1 0.39296875000000003 0.428125 0.035937500000000004 0.10208333333333333
44 0.46015625000000004 0.46458333333333335 0.0234375 0.08333333333333333
11 0.3203125 0.5354166666666667 0.246875 0.07083333333333333
42 0.309375 0.47291666666666665 0.043750000000000004 0.04583333333333333
27 0.33515625000000004 0.40208333333333335 0.0703125 0.029166666666666667
23 0.2921875 0.453125 0.065625 0.04375
15 0.24140625000000002 0.4114583333333333 0.0578125 0.06041666666666667
43 0.2109375 0.4927083333333333 0.046875 0.04375
23 0.22734375 0.6302083333333334 0.1078125 0.06875
6 0.25234375000000003 0.7166666666666667 0.09531250000000001 0.05416666666666667
31 0.17421875 0.565625 0.029687500000000002 0.04791666666666666
31 0.16562500000000002 0.46875 0.028125 0.03333333333333333
19 0.15156250000000002 0.41041666666666665 0.1125 0.075
