9 0.56640625 0.50625 0.1484375 0.2375
33 0.5710937500000001 0.690625 0.1390625 0.07291666666666667
24 0.6421875 0.7822916666666666 0.059375000000000004 0.12291666666666666
48 0.6140625000000001 0.9229166666666666 0.018750000000000003 0.075
48 0.44843750000000004 0.9645833333333333 0.018750000000000003 0.058333333333333334
29 0.4609375 0.8479166666666667 0.12812500000000002 0.1375
17 0.33828125000000003 0.7 0.0734375 0.11666666666666667
0 0.31796875 0.6041666666666666 0.1765625 0.14583333333333334
30 0.12187500000000001 0.696875 0.15937500000000002 0.17708333333333334
50 0.09062500000000001 0.8666666666666667 0.178125 0.22083333333333333
16 0.275 0.884375 0.16875 0.08125
