9 0.77890625 0.5239583333333333 0.15781250000000002 0.24375
33 0.7671875 0.71875 0.153125 0.09583333333333333
24 0.84140625 0.8270833333333333 0.0703125 0.12916666666666665
48 0.7984375 0.9635416666666666 0.025 0.07291666666666667
48 0.6203125 0.9677083333333333 0.018750000000000003 0.06041666666666667
29 0.6429687500000001 0.8552083333333333 0.1328125 0.13125
17 0.5265625 0.6864583333333333 0.07187500000000001 0.11041666666666666
0 0.5140625 0.5947916666666666 0.16562500000000002 0.14375
30 0.33125000000000004 0.6489583333333333 0.13125 0.16041666666666665
50 0.28046875 0.796875 0.1859375 0.18125
16 0.46015625000000004 0.8520833333333333 0.1546875 0.1
14 0.09062500000000001 0.7354166666666666 0.18125000000000002 0.20416666666666666
44 0.0484375 0.959375 0.09062500000000001 0.07708333333333334
29 0.2921875 0.9583333333333334 0.12812500000000002 0.07916666666666666
7 0.07578125000000001 0.5583333333333333 0.15156250000000002 0.175
