29 0.9359375000000001 0.9406249999999999 0.125 0.11041666666666666
17 0.84765625 0.7354166666666666 0.08281250000000001 0.11666666666666667
0 0.84296875 0.6416666666666666 0.18906250000000002 0.1625
30 0.6414062500000001 0.6458333333333334 0.1234375 0.15833333333333333
50 0.58359375 0.7666666666666666 0.17343750000000002 0.14166666666666666
16 0.7515625 0.8822916666666667 0.15625 0.15625
14 0.42265625 0.6666666666666666 0.1453125 0.18333333333333332
44 0.3640625 0.8552083333333333 0.09062500000000001 0.06875
29 0.56484375 0.94375 0.13593750000000002 0.10833333333333334
7 0.40546875000000004 0.5041666666666667 0.1390625 0.15833333333333333
18 0.2265625 0.78125 0.13125 0.125
43 0.2734375 0.6760416666666667 0.096875 0.07708333333333334
49 0.27187500000000003 0.5354166666666667 0.05 0.1375
12 0.2671875 0.4791666666666667 0.059375000000000004 0.1
46 0.15390625000000002 0.6541666666666667 0.0671875 0.12083333333333333
22 0.14375000000000002 0.5708333333333333 0.043750000000000004 0.058333333333333334
32 0.0421875 0.6625 0.05 0.0875
