9 0.7273437500000001 0.5135416666666667 0.1484375 0.23541666666666666
33 0.7250000000000001 0.7104166666666667 0.153125 0.09166666666666666
24 0.7984375 0.8156249999999999 0.0625 0.12291666666666666
48 0.759375 0.9541666666666666 0.025 0.075
48 0.5859375 0.9635416666666666 0.018750000000000003 0.06041666666666667
29 0.60546875 0.8510416666666667 0.1328125 0.13125
17 0.4890625 0.6854166666666667 0.07187500000000001 0.1125
0 0.47578125000000004 0.59375 0.16718750000000002 0.14583333333333334
30 0.29140625000000003 0.65625 0.1390625 0.15833333333333333
50 0.23593750000000002 0.80625 0.2 0.1875
16 0.4234375 0.853125 0.15625 0.10208333333333333
14 0.07109375 0.7489583333333333 0.1390625 0.21041666666666667
44 0.026562500000000003 0.9677083333333333 0.053125000000000006 0.06041666666666667
29 0.26015625000000003 0.9614583333333333 0.1234375 0.07291666666666667
7 0.049218750000000006 0.5697916666666667 0.09843750000000001 0.17708333333333334
