9 0.525 0.5041666666666667 0.15000000000000002 0.24166666666666667
33 0.5320312500000001 0.690625 0.1390625 0.06875
24 0.6039062500000001 0.778125 0.060937500000000006 0.12291666666666666
48 0.57734375 0.9166666666666666 0.0203125 0.075
48 0.41328125000000004 0.9677083333333333 0.0203125 0.06041666666666667
29 0.42265625 0.8520833333333333 0.1296875 0.1375
17 0.29765625 0.7052083333333333 0.0734375 0.11875
0 0.27734375 0.609375 0.1796875 0.14375
30 0.08125 0.7114583333333333 0.15937500000000002 0.18125
50 0.06875 0.8770833333333333 0.1375 0.2125
16 0.23593750000000002 0.8927083333333333 0.17500000000000002 0.07708333333333334
