9 0.6882812500000001 0.5114583333333333 0.1484375 0.23541666666666666
33 0.6843750000000001 0.703125 0.140625 0.08125
24 0.759375 0.8052083333333333 0.0625 0.12291666666666666
48 0.721875 0.9427083333333334 0.025 0.07291666666666667
48 0.5515625000000001 0.9614583333333333 0.018750000000000003 0.06041666666666667
29 0.56875 0.8479166666666667 0.12812500000000002 0.1375
17 0.45234375000000004 0.6864583333333333 0.0734375 0.11458333333333333
0 0.4375 0.5947916666666666 0.171875 0.14375
30 0.24765625000000002 0.6645833333333333 0.1484375 0.17083333333333334
50 0.19687500000000002 0.8197916666666667 0.20625000000000002 0.20208333333333334
16 0.390625 0.8604166666666666 0.15937500000000002 0.09166666666666666
