29 0.9164062500000001 0.934375 0.1640625 0.12708333333333333
17 0.8046875 0.7239583333333334 0.078125 0.11875
0 0.7984375 0.63125 0.1875 0.15833333333333333
30 0.6023437500000001 0.6416666666666666 0.1234375 0.15833333333333333
50 0.54453125 0.7645833333333333 0.1765625 0.14583333333333334
16 0.71484375 0.8729166666666667 0.1546875 0.14166666666666666
14 0.38359375 0.6697916666666667 0.1453125 0.18541666666666667
44 0.32734375000000004 0.8635416666666667 0.0921875 0.06875
29 0.53046875 0.94375 0.13593750000000002 0.10833333333333334
7 0.36875 0.50625 0.15000000000000002 0.1625
18 0.18671875000000002 0.79375 0.1328125 0.125
43 0.234375 0.6833333333333333 0.096875 0.07916666666666666
49 0.22734375 0.5427083333333333 0.0546875 0.13958333333333334
12 0.22421875000000002 0.48333333333333334 0.06406250000000001 0.10416666666666667
46 0.10859375 0.665625 0.0703125 0.12291666666666666
22 0.09765625 0.58125 0.045312500000000006 0.0625
