47 0.81015625 0.7291666666666666 0.1859375 0.075
0 0.59140625 0.753125 0.1703125 0.20208333333333334
32 0.6859375000000001 0.6125 0.084375 0.08333333333333333
30 0.8500000000000001 0.5552083333333333 0.153125 0.11041666666666666
43 0.8757812500000001 0.6489583333333333 0.0890625 0.05625
33 0.71640625 0.5135416666666667 0.045312500000000006 0.13958333333333334
49 0.8078125 0.4125 0.043750000000000004 0.10833333333333334
33 0.8851562500000001 0.403125 0.0484375 0.11875
17 0.76875 0.40520833333333334 0.040625 0.06041666666666667
50 0.7359375 0.378125 0.046875 0.06875
46 0.71015625 0.4322916666666667 0.0484375 0.052083333333333336
24 0.64375 0.47291666666666665 0.05625 0.041666666666666664
18 0.9546875 0.6354166666666666 0.059375000000000004 0.09166666666666666
18 0.88984375 0.49374999999999997 0.0859375 0.041666666666666664
40 0.6726562500000001 0.39791666666666664 0.0421875 0.041666666666666664
