29 0.8859375 0.7958333333333333 0.14375000000000002 0.075
47 0.68671875 0.7052083333333333 0.1703125 0.06458333333333333
0 0.47968750000000004 0.7520833333333333 0.16562500000000002 0.19583333333333333
32 0.56875 0.6020833333333333 0.078125 0.075
30 0.71796875 0.5322916666666666 0.1421875 0.10625
43 0.7484375000000001 0.6177083333333333 0.084375 0.05625
33 0.59375 0.503125 0.037500000000000006 0.13958333333333334
49 0.67578125 0.4 0.035937500000000004 0.10416666666666667
33 0.7445312500000001 0.3854166666666667 0.0421875 0.1125
17 0.63984375 0.3927083333333333 0.0390625 0.06041666666666667
50 0.60546875 0.36875 0.0421875 0.06666666666666667
46 0.58359375 0.428125 0.045312500000000006 0.052083333333333336
24 0.52265625 0.465625 0.0546875 0.04375
18 0.8250000000000001 0.6 0.05625 0.0875
18 0.7523437500000001 0.4708333333333333 0.07968750000000001 0.0375
40 0.5476562500000001 0.3927083333333333 0.0390625 0.03958333333333333
