47 0.7671875 0.7208333333333333 0.18125000000000002 0.075
0 0.5546875 0.7520833333333333 0.16562500000000002 0.19583333333333333
32 0.64609375 0.6041666666666666 0.08281250000000001 0.08333333333333333
30 0.80234375 0.5458333333333333 0.1484375 0.10833333333333334
43 0.83515625 0.6364583333333333 0.0890625 0.05625
33 0.675 0.509375 0.043750000000000004 0.13958333333333334
49 0.7625000000000001 0.4083333333333333 0.040625 0.1125
33 0.8359375 0.3958333333333333 0.05 0.11666666666666667
17 0.72421875 0.3989583333333333 0.0390625 0.06041666666666667
50 0.6921875000000001 0.37395833333333334 0.046875 0.06875
46 0.6671875 0.428125 0.046875 0.052083333333333336
24 0.603125 0.46875 0.05625 0.041666666666666664
18 0.9164062500000001 0.621875 0.060937500000000006 0.09375
18 0.84375 0.48541666666666666 0.084375 0.041666666666666664
40 0.63046875 0.39375 0.0421875 0.041666666666666664
