47 0.9203125000000001 0.7666666666666666 0.15937500000000002 0.09583333333333333
0 0.70625 0.7666666666666666 0.18125000000000002 0.2125
32 0.81171875 0.634375 0.0890625 0.08958333333333333
33 0.85078125 0.5354166666666667 0.051562500000000004 0.15
49 0.953125 0.434375 0.05 0.11875
17 0.9125000000000001 0.42291666666666666 0.043750000000000004 0.06666666666666667
50 0.8765625 0.3927083333333333 0.05 0.07291666666666667
46 0.846875 0.4510416666666667 0.053125000000000006 0.05625
24 0.77265625 0.4875 0.060937500000000006 0.04583333333333333
40 0.8070312500000001 0.41041666666666665 0.0421875 0.041666666666666664
