29 0.8015625000000001 0.771875 0.1375 0.06458333333333333
47 0.60859375 0.690625 0.16718750000000002 0.07291666666666667
0 0.40390625 0.75625 0.16718750000000002 0.19583333333333333
32 0.49062500000000003 0.6020833333333333 0.078125 0.07083333333333333
30 0.6328125 0.521875 0.134375 0.10625
43 0.665625 0.6072916666666667 0.08125 0.06041666666666667
33 0.51484375 0.5010416666666666 0.035937500000000004 0.13541666666666666
49 0.5921875 0.39479166666666665 0.034375 0.10625
33 0.6585937500000001 0.37916666666666665 0.035937500000000004 0.1125
17 0.5554687500000001 0.38958333333333334 0.0390625 0.058333333333333334
50 0.521875 0.3677083333333333 0.040625 0.06458333333333333
46 0.50390625 0.4239583333333333 0.045312500000000006 0.052083333333333336
24 0.4421875 0.4666666666666667 0.05625 0.041666666666666664
18 0.7367187500000001 0.5854166666666667 0.0546875 0.08333333333333333
18 0.66796875 0.465625 0.0765625 0.03125
40 0.465625 0.39166666666666666 0.040625 0.041666666666666664
