29 0.759375 0.759375 0.13125 0.05625
47 0.571875 0.6875 0.1625 0.075
0 0.36562500000000003 0.7645833333333333 0.171875 0.20416666666666666
32 0.453125 0.6010416666666667 0.078125 0.06875
30 0.5921875 0.5208333333333334 0.12812500000000002 0.10833333333333334
43 0.6257812500000001 0.6052083333333333 0.0765625 0.06041666666666667
33 0.47421875 0.5 0.035937500000000004 0.1375
49 0.5484375 0.39375 0.034375 0.10416666666666667
33 0.6140625000000001 0.37916666666666665 0.034375 0.10833333333333334
17 0.5125000000000001 0.390625 0.037500000000000006 0.05625
50 0.47968750000000004 0.36875 0.040625 0.06666666666666667
46 0.46015625000000004 0.425 0.045312500000000006 0.05416666666666667
24 0.40156250000000004 0.465625 0.053125000000000006 0.03958333333333333
18 0.6960937500000001 0.58125 0.0578125 0.075
18 0.6257812500000001 0.46249999999999997 0.0734375 0.029166666666666667
40 0.42500000000000004 0.3927083333333333 0.040625 0.03958333333333333
