29 0.84296875 0.78125 0.1390625 0.07083333333333333
47 0.6468750000000001 0.6979166666666666 0.16875 0.07083333333333333
0 0.44140625 0.7541666666666667 0.16718750000000002 0.19583333333333333
32 0.52890625 0.6 0.07968750000000001 0.075
30 0.67578125 0.5270833333333333 0.1390625 0.10833333333333334
43 0.70703125 0.6125 0.08281250000000001 0.058333333333333334
33 0.553125 0.5010416666666666 0.037500000000000006 0.13541666666666666
49 0.6328125 0.3958333333333333 0.034375 0.10416666666666667
33 0.70078125 0.38229166666666664 0.0390625 0.11041666666666666
17 0.59609375 0.390625 0.0390625 0.05625
50 0.5632812500000001 0.3677083333333333 0.0421875 0.06458333333333333
46 0.54453125 0.4239583333333333 0.045312500000000006 0.052083333333333336
24 0.48203125 0.46458333333333335 0.0546875 0.041666666666666664
18 0.7796875000000001 0.5916666666666667 0.059375000000000004 0.08333333333333333
18 0.7093750000000001 0.46770833333333334 0.078125 0.035416666666666666
40 0.5078125 0.39166666666666666 0.040625 0.041666666666666664
