34 0.6664062500000001 0.734375 0.32343750000000004 0.30625
28 0.46484375 0.8135416666666666 0.09531250000000001 0.06458333333333333
8 0.40156250000000004 0.6447916666666667 0.053125000000000006 0.08541666666666667
27 0.34375 0.6052083333333333 0.115625 0.04791666666666666
32 0.6125 0.5822916666666667 0.07500000000000001 0.08541666666666667
33 0.584375 0.4354166666666667 0.034375 0.13333333333333333
26 0.2703125 0.8322916666666667 0.043750000000000004 0.04791666666666666
35 0.4234375 0.49374999999999997 0.040625 0.05
21 0.34609375000000003 0.49374999999999997 0.0546875 0.09583333333333333
30 0.17343750000000002 0.6427083333333333 0.20625000000000002 0.31875
11 0.39453125 0.4125 0.2078125 0.0625
29 0.5484375 0.43645833333333334 0.043750000000000004 0.03958333333333333
21 0.5328125 0.375 0.053125000000000006 0.0625
31 0.38515625000000003 0.3364583333333333 0.029687500000000002 0.03125
20 0.27421875 0.2916666666666667 0.0921875 0.2
