34 0.7828125 0.7520833333333333 0.3375 0.29583333333333334
28 0.56875 0.8156249999999999 0.09062500000000001 0.06875
8 0.5109375 0.6385416666666667 0.053125000000000006 0.08541666666666667
27 0.45703125 0.596875 0.11093750000000001 0.04375
32 0.728125 0.5927083333333333 0.07500000000000001 0.08541666666666667
33 0.7039062500000001 0.44375 0.0421875 0.14166666666666666
26 0.37890625 0.8114583333333333 0.0390625 0.04791666666666666
35 0.53828125 0.4927083333333333 0.0390625 0.04791666666666666
21 0.46171875 0.48541666666666666 0.051562500000000004 0.09166666666666666
30 0.29921875000000003 0.6145833333333334 0.18281250000000002 0.29583333333333334
11 0.51796875 0.41041666666666665 0.2015625 0.05416666666666667
29 0.6687500000000001 0.4427083333333333 0.05 0.04375
21 0.6531250000000001 0.378125 0.05625 0.06458333333333333
31 0.50625 0.334375 0.028125 0.03125
20 0.40390625 0.2833333333333333 0.0765625 0.19583333333333333
36 0.15000000000000002 0.8177083333333334 0.084375 0.11041666666666666
