34 0.53125 0.7270833333333333 0.309375 0.30833333333333335
28 0.33671875 0.8312499999999999 0.09843750000000001 0.06666666666666667
8 0.26328125 0.6666666666666666 0.0546875 0.0875
27 0.19765625 0.63125 0.1234375 0.058333333333333334
32 0.4765625 0.5770833333333333 0.07187500000000001 0.0875
33 0.4421875 0.43645833333333334 0.034375 0.13125
26 0.12890625 0.8791666666666667 0.051562500000000004 0.05416666666666667
35 0.28125 0.5083333333333333 0.040625 0.05
21 0.19375 0.5125 0.05625 0.09583333333333333
30 0.065625 0.684375 0.13125 0.34375
11 0.24453125 0.425 0.22031250000000002 0.075
29 0.40625 0.43854166666666666 0.046875 0.04375
21 0.38828125 0.37604166666666666 0.0546875 0.06458333333333333
31 0.2328125 0.3489583333333333 0.03125 0.03125
20 0.1125 0.30416666666666664 0.109375 0.20833333333333334
