34 0.9031250000000001 0.8197916666666667 0.19375 0.30625
28 0.74765625 0.8489583333333334 0.09843750000000001 0.08125
8 0.696875 0.653125 0.053125000000000006 0.08541666666666667
27 0.64375 0.6041666666666666 0.115625 0.04583333333333333
32 0.94140625 0.6385416666666667 0.0921875 0.08958333333333333
33 0.9226562500000001 0.475 0.0578125 0.15
26 0.553125 0.803125 0.040625 0.04791666666666666
35 0.7367187500000001 0.5052083333333334 0.0421875 0.04791666666666666
21 0.6578125 0.490625 0.05625 0.09375
30 0.4921875 0.5958333333333333 0.15937500000000002 0.2708333333333333
11 0.71796875 0.41875 0.2109375 0.05
29 0.8828125 0.47291666666666665 0.05625 0.04583333333333333
21 0.87265625 0.4010416666666667 0.0671875 0.06875
31 0.71015625 0.3416666666666667 0.029687500000000002 0.03333333333333333
20 0.6117187500000001 0.284375 0.0765625 0.19791666666666666
36 0.34453125 0.7666666666666666 0.0765625 0.10416666666666667
