34 0.86484375 0.7822916666666666 0.2703125 0.3020833333333333
28 0.6742187500000001 0.8312499999999999 0.09531250000000001 0.07916666666666666
8 0.62109375 0.6427083333333333 0.0546875 0.08541666666666667
27 0.56796875 0.596875 0.11093750000000001 0.04375
32 0.8523437500000001 0.6166666666666667 0.0890625 0.09166666666666666
33 0.83203125 0.45729166666666665 0.0484375 0.14375
26 0.48359375000000004 0.803125 0.0390625 0.04791666666666666
35 0.65625 0.496875 0.040625 0.04791666666666666
21 0.58046875 0.48541666666666666 0.051562500000000004 0.09166666666666666
30 0.4140625 0.6 0.16875 0.2833333333333333
11 0.6359375 0.4125 0.20625000000000002 0.05
29 0.7937500000000001 0.45729166666666665 0.053125000000000006 0.04375
21 0.7820312500000001 0.38958333333333334 0.06406250000000001 0.07083333333333333
31 0.628125 0.3364583333333333 0.028125 0.03125
20 0.52734375 0.2833333333333333 0.0734375 0.19583333333333333
36 0.26953125 0.78125 0.0765625 0.10416666666666667
