34 0.8859375 0.8 0.22812500000000002 0.30416666666666664
28 0.71015625 0.8375 0.09531250000000001 0.07916666666666666
8 0.659375 0.6479166666666667 0.053125000000000006 0.0875
27 0.60546875 0.5989583333333334 0.11093750000000001 0.04375
32 0.8921875 0.6302083333333334 0.08750000000000001 0.08958333333333333
33 0.8757812500000001 0.46458333333333335 0.051562500000000004 0.14583333333333334
26 0.51796875 0.8010416666666667 0.0390625 0.04791666666666666
35 0.6960937500000001 0.5010416666666666 0.0390625 0.04791666666666666
21 0.6195312500000001 0.4875 0.051562500000000004 0.09166666666666666
30 0.45234375000000004 0.5989583333333334 0.15781250000000002 0.27291666666666664
11 0.67890625 0.4145833333333333 0.2109375 0.05
29 0.8375 0.46249999999999997 0.05625 0.04583333333333333
21 0.8265625000000001 0.39375 0.0625 0.07083333333333333
31 0.6687500000000001 0.33958333333333335 0.028125 0.03333333333333333
20 0.56953125 0.2833333333333333 0.0734375 0.19583333333333333
36 0.30703125000000003 0.7729166666666667 0.0765625 0.10416666666666667
