34 0.5906250000000001 0.7260416666666667 0.3125 0.3020833333333333
28 0.39375000000000004 0.8197916666666667 0.096875 0.06875
8 0.32578125 0.6520833333333333 0.0546875 0.0875
27 0.26406250000000003 0.61875 0.12187500000000001 0.058333333333333334
32 0.5375 0.5770833333333333 0.07187500000000001 0.0875
33 0.50546875 0.4322916666666667 0.0328125 0.13541666666666666
26 0.19375 0.85625 0.046875 0.05416666666666667
35 0.34687500000000004 0.5 0.040625 0.05
21 0.26171875 0.5020833333333333 0.0546875 0.09583333333333333
30 0.1 0.6645833333333333 0.19687500000000002 0.3333333333333333
11 0.3140625 0.41562499999999997 0.209375 0.06875
29 0.47109375000000003 0.43645833333333334 0.045312500000000006 0.03958333333333333
21 0.4546875 0.375 0.053125000000000006 0.0625
31 0.30078125 0.340625 0.029687500000000002 0.03125
20 0.18906250000000002 0.29583333333333334 0.096875 0.20416666666666666
