34 0.8914062500000001 0.6489583333333333 0.2171875 0.43124999999999997
37 0.753125 0.9562499999999999 0.084375 0.08333333333333333
20 0.62109375 0.5989583333333334 0.26406250000000003 0.21875
27 0.54140625 0.7666666666666666 0.1265625 0.09166666666666666
26 0.63203125 0.9229166666666666 0.045312500000000006 0.06666666666666667
27 0.39687500000000003 0.65625 0.06875 0.06666666666666667
11 0.27968750000000003 0.8572916666666667 0.45625000000000004 0.16458333333333333
36 0.2671875 0.6666666666666666 0.065625 0.0875
8 0.25078125 0.5864583333333333 0.0484375 0.07291666666666667
33 0.12109375 0.6572916666666666 0.0734375 0.20208333333333334
30 0.1078125 0.475 0.1375 0.20833333333333334
41 0.08203125 0.609375 0.1484375 0.09791666666666667
13 0.04609375 0.71875 0.0921875 0.08333333333333333
