34 0.78046875 0.6145833333333334 0.2921875 0.39166666666666666
37 0.61484375 0.9406249999999999 0.08281250000000001 0.11041666666666666
26 0.84765625 0.953125 0.029687500000000002 0.06875
20 0.46640625 0.590625 0.2578125 0.19791666666666666
27 0.40078125000000003 0.7729166666666667 0.1265625 0.08333333333333333
26 0.49843750000000003 0.9114583333333334 0.043750000000000004 0.06041666666666667
27 0.24375000000000002 0.6770833333333334 0.06875 0.06666666666666667
11 0.18828125 0.8937499999999999 0.3765625 0.20833333333333334
36 0.10390625 0.7083333333333334 0.0734375 0.09583333333333333
8 0.08203125 0.6239583333333333 0.0546875 0.08125
