20 0.82421875 0.6291666666666667 0.2984375 0.25416666666666665
27 0.721875 0.7927083333333333 0.13125 0.10625
26 0.8093750000000001 0.965625 0.046875 0.06875
27 0.58046875 0.6552083333333333 0.0671875 0.06041666666666667
11 0.465625 0.8385416666666666 0.42812500000000003 0.19791666666666666
36 0.4578125 0.64375 0.0625 0.08333333333333333
8 0.446875 0.5625 0.046875 0.07083333333333333
33 0.3296875 0.6125 0.05625 0.1875
30 0.32421875 0.44375 0.1203125 0.17916666666666667
41 0.29296875 0.565625 0.1265625 0.08125
13 0.25078125 0.6614583333333334 0.09843750000000001 0.06875
29 0.21328125 0.503125 0.0765625 0.04791666666666666
5 0.11171875 0.75 0.1421875 0.08333333333333333
5 0.12421875 0.6427083333333333 0.0921875 0.07291666666666667
37 0.08671875000000001 0.5520833333333334 0.051562500000000004 0.06666666666666667
