20 0.7390625000000001 0.6145833333333334 0.275 0.22916666666666666
27 0.6484375 0.7770833333333333 0.13125 0.09583333333333333
26 0.7367187500000001 0.94375 0.045312500000000006 0.0625
27 0.5109375 0.6520833333333333 0.065625 0.0625
11 0.39140625 0.8447916666666666 0.43593750000000003 0.18541666666666667
36 0.3828125 0.6489583333333333 0.059375000000000004 0.08125
8 0.371875 0.5666666666666667 0.046875 0.07083333333333333
33 0.25 0.6291666666666667 0.0625 0.19166666666666665
30 0.23359375000000002 0.4552083333333333 0.1390625 0.19375
41 0.2109375 0.578125 0.13125 0.08541666666666667
13 0.16640625 0.684375 0.1015625 0.07291666666666667
29 0.125 0.5177083333333333 0.08125 0.04791666666666666
5 0.05 0.7729166666666667 0.1 0.08333333333333333
5 0.0421875 0.66875 0.08125 0.075
