34 0.853125 0.634375 0.29375 0.41875
37 0.68125 0.9458333333333333 0.084375 0.10416666666666667
26 0.9281250000000001 0.975 0.034375 0.05
20 0.54296875 0.5927083333333333 0.2578125 0.20208333333333334
27 0.47109375000000003 0.765625 0.1265625 0.08958333333333333
26 0.5640625 0.9145833333333333 0.046875 0.06666666666666667
27 0.32265625000000003 0.6625 0.0671875 0.06666666666666667
11 0.21953125 0.8802083333333334 0.4390625 0.19375
36 0.18828125 0.684375 0.0671875 0.08958333333333333
8 0.1703125 0.6 0.053125000000000006 0.075
33 0.0390625 0.6822916666666666 0.078125 0.20625
30 0.047656250000000004 0.4875 0.09531250000000001 0.20833333333333334
