34 0.8718750000000001 0.6479166666666667 0.253125 0.4375
37 0.71796875 0.95 0.08281250000000001 0.1
20 0.58046875 0.596875 0.2609375 0.21041666666666667
27 0.50703125 0.7666666666666666 0.1265625 0.0875
26 0.59765625 0.9177083333333333 0.045312500000000006 0.06458333333333333
27 0.3609375 0.6583333333333333 0.06875 0.06666666666666667
11 0.23828125 0.8666666666666667 0.46718750000000003 0.17083333333333334
36 0.22890625 0.6739583333333333 0.0671875 0.08958333333333333
8 0.21171875 0.5916666666666667 0.0484375 0.075
33 0.08203125 0.6677083333333333 0.0734375 0.20208333333333334
30 0.06875 0.4822916666666667 0.1375 0.21041666666666667
41 0.05625 0.61875 0.1125 0.10416666666666667
