20 0.7000000000000001 0.60625 0.275 0.22916666666666666
27 0.6125 0.7729166666666667 0.13125 0.09583333333333333
26 0.70078125 0.9354166666666667 0.045312500000000006 0.0625
27 0.4734375 0.6520833333333333 0.065625 0.0625
11 0.353125 0.8447916666666666 0.44062500000000004 0.16458333333333333
36 0.3453125 0.653125 0.059375000000000004 0.08125
8 0.33203125 0.571875 0.0484375 0.07291666666666667
33 0.21015625000000002 0.6375 0.06406250000000001 0.19166666666666665
30 0.19453125000000002 0.459375 0.1390625 0.19375
41 0.17109375000000002 0.5875 0.1328125 0.0875
13 0.12734375 0.6927083333333334 0.1015625 0.07291666666666667
29 0.07890625000000001 0.528125 0.08281250000000001 0.04791666666666666
