20 0.8765625 0.6520833333333333 0.240625 0.275
27 0.8 0.809375 0.1375 0.11875
27 0.6546875000000001 0.6645833333333333 0.06875 0.0625
11 0.53828125 0.8385416666666666 0.4234375 0.23124999999999998
36 0.53125 0.6447916666666667 0.0625 0.08541666666666667
8 0.52265625 0.5614583333333333 0.045312500000000006 0.07291666666666667
33 0.40546875000000004 0.60625 0.051562500000000004 0.1875
30 0.40234375 0.4375 0.1203125 0.17916666666666667
41 0.37421875000000004 0.5583333333333333 0.1171875 0.07916666666666666
13 0.32890625 0.646875 0.0921875 0.06041666666666667
29 0.29609375 0.4927083333333333 0.0703125 0.04375
5 0.19375 0.725 0.134375 0.075
5 0.20625000000000002 0.625 0.08750000000000001 0.06666666666666667
37 0.17734375000000002 0.5333333333333333 0.0484375 0.0625
2 0.06015625 0.66875 0.1171875 0.06666666666666667
