34 0.73828125 0.6072916666666667 0.2828125 0.38125
37 0.58046875 0.9385416666666666 0.07968750000000001 0.11458333333333333
26 0.81015625 0.9395833333333333 0.026562500000000003 0.06666666666666667
20 0.42734375 0.5927083333333333 0.2578125 0.19375
27 0.36484375 0.7770833333333333 0.1296875 0.07916666666666666
26 0.46406250000000004 0.9135416666666667 0.043750000000000004 0.06041666666666667
27 0.20468750000000002 0.6854166666666667 0.07187500000000001 0.07083333333333333
11 0.1703125 0.8979166666666667 0.3375 0.19166666666666665
36 0.05859375 0.721875 0.0765625 0.09791666666666667
8 0.03515625 0.6354166666666666 0.0578125 0.08333333333333333
