29 0.68359375 0.74375 0.0765625 0.09583333333333333
50 0.553125 0.6604166666666667 0.07500000000000001 0.1375
48 0.56640625 0.8989583333333333 0.0203125 0.06041666666666667
44 0.753125 0.9208333333333333 0.03125 0.10833333333333334
49 0.3453125 0.7479166666666667 0.065625 0.19166666666666665
33 0.403125 0.8572916666666667 0.05625 0.2604166666666667
25 0.11953125 0.7072916666666667 0.0546875 0.06875
24 0.22109375 0.6395833333333333 0.0484375 0.07916666666666666
46 0.3296875 0.671875 0.08125 0.09375
48 0.3453125 0.6145833333333334 0.040625 0.029166666666666667
40 0.48281250000000003 0.6208333333333333 0.0625 0.07916666666666666
17 0.4765625 0.725 0.06875 0.1125
18 0.20625000000000002 0.9458333333333333 0.146875 0.10416666666666667
