50 0.9640625 0.7479166666666667 0.06875 0.15833333333333333
49 0.7203125 0.7572916666666667 0.06875 0.19791666666666666
33 0.76953125 0.8770833333333333 0.0703125 0.24166666666666667
25 0.52109375 0.6447916666666667 0.045312500000000006 0.06041666666666667
24 0.61484375 0.6114583333333333 0.0484375 0.06875
46 0.71796875 0.675 0.08281250000000001 0.09166666666666666
48 0.7351562500000001 0.6229166666666667 0.0390625 0.020833333333333332
40 0.8914062500000001 0.6791666666666667 0.0765625 0.09166666666666666
17 0.86640625 0.784375 0.08281250000000001 0.12291666666666666
18 0.5671875000000001 0.9052083333333333 0.140625 0.10625
30 0.40703125 0.778125 0.19843750000000002 0.22708333333333333
33 0.403125 0.578125 0.046875 0.15208333333333332
32 0.325 0.5885416666666666 0.07500000000000001 0.08125
0 0.21875 0.5208333333333334 0.15000000000000002 0.11666666666666667
18 0.19765625 0.8020833333333334 0.1171875 0.05416666666666667
43 0.2171875 0.7114583333333333 0.053125000000000006 0.08541666666666667
47 0.16953125000000002 0.6395833333333333 0.1078125 0.10833333333333334
