49 0.7625000000000001 0.7666666666666666 0.078125 0.2
33 0.8125 0.88125 0.07500000000000001 0.23333333333333334
25 0.55859375 0.6447916666666667 0.045312500000000006 0.06041666666666667
24 0.65390625 0.615625 0.0484375 0.06875
46 0.7601562500000001 0.6822916666666666 0.08281250000000001 0.09375
48 0.7796875000000001 0.6322916666666667 0.040625 0.022916666666666665
40 0.9382812500000001 0.6927083333333334 0.07968750000000001 0.09375
17 0.91171875 0.7989583333333333 0.0890625 0.12708333333333333
18 0.6023437500000001 0.9072916666666666 0.1421875 0.10208333333333333
30 0.44453125000000004 0.775 0.1953125 0.225
33 0.4421875 0.5760416666666667 0.046875 0.15208333333333332
32 0.36484375 0.5854166666666667 0.0734375 0.07916666666666666
0 0.26171875 0.5145833333333333 0.1453125 0.11666666666666667
18 0.23671875 0.7885416666666667 0.1171875 0.052083333333333336
43 0.25859375 0.7020833333333333 0.051562500000000004 0.08333333333333333
47 0.21406250000000002 0.6291666666666667 0.10312500000000001 0.10416666666666667
29 0.05078125 0.7104166666666667 0.1015625 0.09166666666666666
