50 0.93125 0.73125 0.09375 0.15416666666666667
49 0.68125 0.75 0.065625 0.19583333333333333
33 0.73046875 0.871875 0.06406250000000001 0.2520833333333333
25 0.48281250000000003 0.6458333333333334 0.046875 0.0625
24 0.57578125 0.6104166666666666 0.0484375 0.07083333333333333
46 0.67578125 0.6677083333333333 0.07968750000000001 0.09375
48 0.6953125 0.6177083333333333 0.040625 0.022916666666666665
40 0.8460937500000001 0.665625 0.0734375 0.08958333333333333
17 0.82421875 0.7708333333333334 0.07968750000000001 0.12083333333333333
18 0.5328125 0.9052083333333333 0.140625 0.11041666666666666
30 0.36953125000000003 0.7822916666666666 0.2015625 0.22708333333333333
33 0.36328125 0.5802083333333333 0.045312500000000006 0.15208333333333332
32 0.2828125 0.5947916666666666 0.078125 0.08125
0 0.17421875 0.528125 0.1546875 0.12291666666666666
18 0.1546875 0.8114583333333333 0.125 0.052083333333333336
43 0.17421875 0.7208333333333333 0.0546875 0.0875
47 0.12421875 0.6520833333333333 0.1078125 0.11666666666666667
