29 0.64453125 0.7375 0.0765625 0.09583333333333333
50 0.515625 0.6604166666666667 0.07500000000000001 0.1375
48 0.53046875 0.8989583333333333 0.0203125 0.06041666666666667
44 0.7156250000000001 0.9104166666666667 0.03125 0.10833333333333334
49 0.30703125000000003 0.7572916666666667 0.0671875 0.19375
33 0.36796875 0.8614583333333333 0.060937500000000006 0.25625
25 0.0734375 0.721875 0.05625 0.06875
24 0.17343750000000002 0.6510416666666666 0.053125000000000006 0.07708333333333334
46 0.2890625 0.678125 0.08125 0.08958333333333333
48 0.3046875 0.6208333333333333 0.040625 0.029166666666666667
40 0.44375000000000003 0.625 0.0625 0.07916666666666666
17 0.4390625 0.7270833333333333 0.06875 0.1125
