29 0.8859375 0.796875 0.08750000000000001 0.10208333333333333
50 0.7507812500000001 0.6833333333333333 0.07968750000000001 0.1375
48 0.74765625 0.9364583333333333 0.0203125 0.06041666666666667
49 0.5320312500000001 0.73125 0.06406250000000001 0.19166666666666665
33 0.58203125 0.853125 0.0578125 0.26458333333333334
25 0.32734375000000004 0.6583333333333333 0.0484375 0.0625
24 0.42265625 0.6125 0.0484375 0.075
46 0.52109375 0.6583333333333333 0.07968750000000001 0.09166666666666666
48 0.53671875 0.6052083333333333 0.0390625 0.027083333333333334
40 0.6703125000000001 0.6291666666666667 0.0625 0.07916666666666666
17 0.6625000000000001 0.7354166666666666 0.07187500000000001 0.11666666666666667
18 0.38984375000000004 0.9177083333333333 0.1421875 0.12291666666666666
30 0.21171875 0.81875 0.2265625 0.23333333333333334
33 0.19687500000000002 0.609375 0.059375000000000004 0.16041666666666665
32 0.109375 0.6333333333333333 0.08750000000000001 0.09166666666666666
