13 0.9078125 0.7947916666666667 0.146875 0.12291666666666666
10 0.81796875 0.61875 0.0671875 0.11666666666666667
8 0.7140625 0.5458333333333333 0.046875 0.07083333333333333
36 0.6742187500000001 0.6708333333333333 0.08281250000000001 0.11666666666666667
34 0.5359375000000001 0.584375 0.259375 0.15625
9 0.50703125 0.634375 0.11093750000000001 0.19791666666666666
25 0.42421875000000003 0.625 0.045312500000000006 0.06666666666666667
34 0.30625 0.8270833333333333 0.3375 0.29583333333333334
19 0.6585937500000001 0.8395833333333333 0.3015625 0.1875
15 0.2828125 0.5854166666666667 0.12812500000000002 0.125
40 0.14609375 0.671875 0.0765625 0.13958333333333334
0 0.12578125 0.6114583333333333 0.1796875 0.14791666666666667
48 0.07890625000000001 0.8552083333333333 0.045312500000000006 0.05625
