34 0.90234375 0.6510416666666666 0.18906250000000002 0.22291666666666665
9 0.91953125 0.7072916666666667 0.1546875 0.21458333333333332
25 0.8250000000000001 0.6583333333333333 0.05 0.06666666666666667
34 0.6898437500000001 0.8052083333333333 0.32343750000000004 0.21458333333333332
15 0.68515625 0.578125 0.1234375 0.11875
40 0.5476562500000001 0.621875 0.0578125 0.12708333333333333
0 0.5359375000000001 0.5583333333333333 0.153125 0.125
48 0.47500000000000003 0.7635416666666667 0.040625 0.052083333333333336
41 0.3796875 0.6833333333333333 0.146875 0.1125
49 0.43515625 0.396875 0.0578125 0.23124999999999998
14 0.3453125 0.5364583333333334 0.10312500000000001 0.17708333333333334
1 0.37578125 0.484375 0.035937500000000004 0.10625
2 0.23593750000000002 0.65 0.059375000000000004 0.07916666666666666
