13 0.8203125 0.7666666666666666 0.1375 0.10833333333333334
10 0.7328125000000001 0.6020833333333333 0.0625 0.1125
8 0.6328125 0.5375 0.046875 0.06666666666666667
36 0.596875 0.6614583333333334 0.08125 0.11041666666666666
34 0.4546875 0.5854166666666667 0.25625000000000003 0.15
9 0.42890625000000004 0.640625 0.11093750000000001 0.19791666666666666
25 0.34921875 0.63125 0.045312500000000006 0.06666666666666667
34 0.2265625 0.8468749999999999 0.35000000000000003 0.30625
19 0.5828125000000001 0.834375 0.29375 0.20625
15 0.19765625 0.6 0.1328125 0.12916666666666665
40 0.05625 0.6979166666666666 0.08750000000000001 0.14583333333333334
