8 0.8914062500000001 0.5770833333333333 0.051562500000000004 0.07083333333333333
36 0.83984375 0.703125 0.09531250000000001 0.11875
34 0.696875 0.5958333333333333 0.27187500000000003 0.17083333333333334
9 0.66015625 0.6510416666666666 0.1234375 0.19375
25 0.578125 0.621875 0.043750000000000004 0.06458333333333333
34 0.46015625000000004 0.8 0.3171875 0.2708333333333333
19 0.81640625 0.8739583333333333 0.32656250000000003 0.19791666666666666
15 0.44609375 0.5677083333333334 0.1234375 0.11875
40 0.31171875000000004 0.6354166666666666 0.0703125 0.12916666666666665
0 0.29765625 0.5760416666666667 0.1640625 0.13541666666666666
48 0.24453125 0.8010416666666667 0.045312500000000006 0.05625
41 0.1328125 0.7385416666666667 0.16562500000000002 0.13125
49 0.17421875 0.4197916666666667 0.07968750000000001 0.24375
14 0.08515625 0.5854166666666667 0.1296875 0.2
1 0.1125 0.521875 0.05625 0.11041666666666666
