13 0.73828125 0.7458333333333333 0.13593750000000002 0.10416666666666667
10 0.65 0.590625 0.05625 0.11041666666666666
8 0.5515625000000001 0.5322916666666666 0.043750000000000004 0.06875
36 0.51953125 0.6604166666666667 0.0765625 0.10833333333333334
34 0.37578125 0.5916666666666667 0.26406250000000003 0.15
9 0.35000000000000003 0.6489583333333333 0.1125 0.19791666666666666
25 0.2671875 0.64375 0.046875 0.06666666666666667
34 0.16484375 0.8520833333333333 0.32656250000000003 0.2916666666666667
19 0.509375 0.8322916666666667 0.29375 0.21875
15 0.109375 0.6197916666666666 0.14375000000000002 0.13958333333333334
