36 0.9632812500000001 0.75 0.0703125 0.1375
34 0.828125 0.615625 0.29375 0.18958333333333333
9 0.78515625 0.6739583333333333 0.13593750000000002 0.19791666666666666
25 0.696875 0.6354166666666666 0.043750000000000004 0.0625
34 0.57421875 0.7947916666666667 0.31093750000000003 0.24375
19 0.8828125 0.896875 0.23125 0.19375
15 0.5632812500000001 0.5666666666666667 0.1171875 0.11666666666666667
40 0.43281250000000004 0.621875 0.059375000000000004 0.12291666666666666
0 0.41718750000000004 0.5625 0.15625 0.12916666666666665
48 0.36250000000000004 0.7739583333333333 0.040625 0.052083333333333336
41 0.259375 0.7010416666666667 0.15000000000000002 0.11458333333333333
49 0.30859375 0.4041666666666667 0.0671875 0.2375
14 0.21953125 0.5541666666666667 0.11406250000000001 0.18333333333333332
1 0.24921875000000002 0.49583333333333335 0.045312500000000006 0.10416666666666667
2 0.1046875 0.6854166666666667 0.065625 0.0875
