49 0.8546875 0.6479166666666667 0.10312500000000001 0.36666666666666664
2 0.7742187500000001 0.709375 0.0890625 0.08958333333333333
25 0.77109375 0.6114583333333333 0.0421875 0.06041666666666667
1 0.63203125 0.7135416666666666 0.0484375 0.16041666666666665
40 0.62265625 0.6229166666666667 0.0578125 0.125
0 0.6375000000000001 0.5635416666666666 0.15937500000000002 0.13958333333333334
41 0.47734375 0.6395833333333333 0.1390625 0.09583333333333333
15 0.36875 0.7072916666666667 0.1625 0.16458333333333333
14 0.53046875 0.46458333333333335 0.0890625 0.14166666666666666
34 0.6765625000000001 0.390625 0.08750000000000001 0.26875
34 0.47187500000000004 0.43854166666666666 0.19375 0.12708333333333333
9 0.45703125 0.34791666666666665 0.07968750000000001 0.08333333333333333
10 0.55 0.4 0.034375 0.07083333333333333
