49 0.815625 0.6395833333333333 0.10312500000000001 0.36666666666666664
2 0.7351562500000001 0.7010416666666667 0.0890625 0.08958333333333333
25 0.7289062500000001 0.6041666666666666 0.0421875 0.058333333333333334
1 0.5945312500000001 0.709375 0.0484375 0.16041666666666665
40 0.58515625 0.6208333333333333 0.0578125 0.125
0 0.596875 0.5572916666666666 0.153125 0.12708333333333333
41 0.43984375000000003 0.6416666666666666 0.1390625 0.09583333333333333
15 0.3296875 0.7135416666666666 0.1625 0.16458333333333333
14 0.49140625000000004 0.46458333333333335 0.0890625 0.14166666666666666
34 0.628125 0.3854166666666667 0.078125 0.2583333333333333
34 0.43281250000000004 0.440625 0.19375 0.12708333333333333
9 0.41796875 0.35 0.07968750000000001 0.08333333333333333
10 0.5109375 0.4 0.034375 0.07083333333333333
