2 0.9500000000000001 0.7541666666666667 0.096875 0.10416666666666667
25 0.95078125 0.6552083333333333 0.0484375 0.06458333333333333
1 0.790625 0.740625 0.06875 0.16458333333333333
40 0.78671875 0.646875 0.0734375 0.12291666666666666
0 0.8031250000000001 0.5885416666666666 0.171875 0.14375
41 0.6335937500000001 0.6447916666666667 0.1421875 0.09375
15 0.52578125 0.6979166666666666 0.1484375 0.15416666666666667
14 0.6976562500000001 0.47291666666666665 0.1015625 0.14583333333333334
34 0.8578125000000001 0.409375 0.109375 0.28541666666666665
34 0.6359375 0.4395833333333333 0.17500000000000002 0.13333333333333333
9 0.6351562500000001 0.35104166666666664 0.0765625 0.08125
10 0.72265625 0.403125 0.035937500000000004 0.06875
