49 0.7359375 0.6260416666666666 0.10312500000000001 0.36875
2 0.6570312500000001 0.6875 0.0890625 0.09166666666666666
25 0.64765625 0.5947916666666666 0.0421875 0.06041666666666667
1 0.51953125 0.7052083333333333 0.0484375 0.16041666666666665
40 0.5078125 0.61875 0.059375000000000004 0.125
0 0.51953125 0.55625 0.1546875 0.12916666666666665
41 0.3609375 0.646875 0.140625 0.09791666666666667
15 0.25234375000000003 0.7302083333333333 0.1640625 0.16458333333333333
14 0.41328125000000004 0.4666666666666667 0.0890625 0.14166666666666666
34 0.55 0.3854166666666667 0.078125 0.2583333333333333
34 0.35390625000000003 0.44375 0.1953125 0.12916666666666665
9 0.33984375 0.3520833333333333 0.07968750000000001 0.08333333333333333
10 0.43281250000000004 0.3989583333333333 0.034375 0.07291666666666667
