1 0.87890625 0.765625 0.0734375 0.16875
40 0.87265625 0.6635416666666667 0.07968750000000001 0.13125
0 0.8929687500000001 0.6083333333333333 0.1859375 0.15
41 0.7140625 0.6552083333333333 0.146875 0.09791666666666667
15 0.6039062500000001 0.7020833333333333 0.1484375 0.15416666666666667
14 0.7820312500000001 0.48333333333333334 0.1046875 0.15
34 0.9453125 0.4239583333333333 0.1 0.29791666666666666
34 0.7140625 0.4458333333333333 0.178125 0.1375
9 0.72421875 0.3541666666666667 0.08281250000000001 0.08333333333333333
10 0.815625 0.4166666666666667 0.037500000000000006 0.06666666666666667
