49 0.9328125 0.6510416666666666 0.13125 0.39791666666666664
2 0.8601562500000001 0.7270833333333333 0.09531250000000001 0.09583333333333333
25 0.8562500000000001 0.6302083333333334 0.043750000000000004 0.06041666666666667
1 0.7117187500000001 0.7239583333333334 0.0546875 0.16041666666666665
40 0.70234375 0.6322916666666667 0.060937500000000006 0.12291666666666666
0 0.71875 0.5697916666666667 0.15937500000000002 0.13125
41 0.55390625 0.6395833333333333 0.13593750000000002 0.09166666666666666
15 0.45156250000000003 0.7 0.153125 0.15416666666666667
14 0.61328125 0.46458333333333335 0.0890625 0.14166666666666666
34 0.7601562500000001 0.3958333333333333 0.0890625 0.26666666666666666
34 0.5546875 0.4375 0.18125000000000002 0.125
9 0.5476562500000001 0.34791666666666665 0.0734375 0.07916666666666666
10 0.6359375 0.39791666666666664 0.034375 0.06666666666666667
