1 0.83359375 0.7541666666666667 0.0734375 0.16666666666666666
40 0.82734375 0.653125 0.0765625 0.13125
0 0.8500000000000001 0.5979166666666667 0.184375 0.14583333333333334
41 0.6734375 0.653125 0.140625 0.09375
15 0.56484375 0.7 0.1484375 0.15416666666666667
14 0.7367187500000001 0.4770833333333333 0.1015625 0.14583333333333334
34 0.90625 0.4166666666666667 0.1125 0.29583333333333334
34 0.675 0.4427083333333333 0.17500000000000002 0.13125
9 0.6742187500000001 0.353125 0.0765625 0.08125
10 0.7664062500000001 0.409375 0.035937500000000004 0.06875
