20 0.8812500000000001 0.6864583333333333 0.23750000000000002 0.5229166666666667
34 0.6390625000000001 0.6541666666666667 0.30312500000000003 0.2583333333333333
33 0.5867187500000001 0.7135416666666666 0.0578125 0.21458333333333332
27 0.7296875 0.9604166666666667 0.13125 0.07916666666666666
27 0.4453125 0.6114583333333333 0.07187500000000001 0.08125
41 0.42109375000000004 0.7322916666666667 0.1609375 0.13541666666666666
30 0.26015625000000003 0.615625 0.1921875 0.19375
2 0.25546875 0.8072916666666666 0.1015625 0.11875
5 0.51328125 0.9239583333333333 0.0703125 0.14375
26 0.30390625000000004 0.9354166666666667 0.0546875 0.058333333333333334
36 0.1203125 0.9395833333333333 0.096875 0.11666666666666667
13 0.0921875 0.7583333333333333 0.125 0.07083333333333333
11 0.08828125 0.6072916666666667 0.1765625 0.11458333333333333
