37 0.83359375 0.9552083333333333 0.0859375 0.08958333333333333
20 0.7351562500000001 0.646875 0.22968750000000002 0.47291666666666665
34 0.484375 0.6447916666666667 0.290625 0.24791666666666667
33 0.44453125000000004 0.709375 0.060937500000000006 0.21458333333333332
27 0.5906250000000001 0.9510416666666667 0.12812500000000002 0.09791666666666667
27 0.290625 0.625 0.08125 0.07916666666666666
41 0.27265625 0.7541666666666667 0.1703125 0.14166666666666666
30 0.1 0.6541666666666667 0.2 0.2125
2 0.10078125 0.8645833333333334 0.11093750000000001 0.13333333333333333
5 0.38203125000000004 0.928125 0.06406250000000001 0.13958333333333334
26 0.15781250000000002 0.975 0.0625 0.04583333333333333
