20 0.8617187500000001 0.6729166666666666 0.2703125 0.5041666666666667
34 0.59921875 0.6479166666666667 0.2921875 0.25416666666666665
33 0.5515625000000001 0.709375 0.053125000000000006 0.21458333333333332
27 0.6890625 0.9552083333333333 0.125 0.08958333333333333
27 0.40859375000000003 0.6125 0.0734375 0.07916666666666666
41 0.38593750000000004 0.7364583333333333 0.16562500000000002 0.13541666666666666
30 0.21953125 0.621875 0.2015625 0.19791666666666666
2 0.21875 0.8197916666666667 0.10312500000000001 0.12291666666666666
5 0.48046875 0.9239583333333333 0.0703125 0.14375
26 0.26796875000000003 0.9447916666666667 0.0578125 0.06041666666666667
36 0.08046875 0.9479166666666666 0.1015625 0.10416666666666667
13 0.057031250000000006 0.7729166666666667 0.11406250000000001 0.07916666666666666
11 0.06796875000000001 0.6166666666666667 0.13593750000000002 0.1125
