34 0.7585937500000001 0.671875 0.32343750000000004 0.27291666666666664
33 0.6984375 0.7270833333333333 0.0625 0.21666666666666667
27 0.55703125 0.609375 0.0671875 0.08125
41 0.53125 0.7302083333333333 0.15937500000000002 0.13125
30 0.37734375000000003 0.5989583333333334 0.1796875 0.18541666666666667
2 0.36640625000000004 0.7802083333333333 0.09531250000000001 0.11041666666666666
5 0.61640625 0.9270833333333334 0.0765625 0.14166666666666666
26 0.40703125 0.9145833333333333 0.0546875 0.058333333333333334
36 0.23593750000000002 0.9020833333333333 0.09375 0.125
13 0.21796875000000002 0.7208333333333333 0.1171875 0.058333333333333334
11 0.15000000000000002 0.5833333333333334 0.30000000000000004 0.10416666666666667
29 0.07890625000000001 0.84375 0.1484375 0.10416666666666667
26 0.07109375 0.5125 0.0328125 0.025
