34 0.80078125 0.678125 0.3296875 0.27708333333333335
33 0.7367187500000001 0.7322916666666667 0.0671875 0.22291666666666665
27 0.59375 0.6083333333333333 0.06875 0.0875
41 0.5671875000000001 0.73125 0.1625 0.13333333333333333
30 0.41640625000000003 0.5947916666666666 0.1796875 0.18125
2 0.40234375 0.775 0.09531250000000001 0.1125
5 0.6515625 0.9322916666666666 0.078125 0.13125
26 0.44140625 0.9083333333333333 0.051562500000000004 0.05
36 0.2734375 0.8885416666666667 0.08750000000000001 0.11875
13 0.253125 0.7145833333333333 0.115625 0.058333333333333334
11 0.19062500000000002 0.5760416666666667 0.29375 0.10208333333333333
29 0.12109375 0.8270833333333333 0.1484375 0.1
26 0.11796875000000001 0.5020833333333333 0.0328125 0.025
8 0.02109375 0.5489583333333333 0.0390625 0.06875
