20 0.8171875000000001 0.6635416666666667 0.2625 0.4979166666666667
34 0.5609375 0.6447916666666667 0.29375 0.25625
33 0.515625 0.709375 0.053125000000000006 0.21458333333333332
27 0.66015625 0.9541666666666666 0.1265625 0.09166666666666666
27 0.37109375 0.6145833333333334 0.0734375 0.07916666666666666
41 0.3484375 0.740625 0.16562500000000002 0.13541666666666666
30 0.17734375000000002 0.6333333333333333 0.2109375 0.20416666666666666
2 0.18046875 0.8312499999999999 0.1046875 0.125
5 0.44765625000000003 0.9249999999999999 0.0703125 0.14583333333333334
26 0.23203125000000002 0.9562499999999999 0.0578125 0.0625
36 0.04453125 0.9562499999999999 0.0890625 0.08333333333333333
