20 0.9203125000000001 0.7 0.15937500000000002 0.5291666666666667
34 0.71796875 0.6604166666666667 0.3140625 0.2625
33 0.6609375000000001 0.7197916666666666 0.0625 0.21875
27 0.51953125 0.60625 0.0671875 0.08333333333333333
41 0.49375 0.7302083333333333 0.15937500000000002 0.13125
30 0.33984375 0.603125 0.18281250000000002 0.18541666666666667
2 0.33046875000000003 0.7895833333333333 0.1015625 0.11666666666666667
5 0.58203125 0.9270833333333334 0.0765625 0.14166666666666666
26 0.37265625 0.91875 0.0546875 0.058333333333333334
36 0.19843750000000002 0.9145833333333333 0.09375 0.125
13 0.17578125 0.73125 0.1171875 0.0625
11 0.12890625 0.5895833333333333 0.2578125 0.12083333333333333
29 0.05625 0.8604166666666666 0.1125 0.10416666666666667
26 0.022656250000000003 0.5229166666666667 0.0328125 0.025
