37 0.87265625 0.9604166666666667 0.0921875 0.07916666666666666
20 0.7734375 0.6572916666666666 0.25 0.48125
34 0.5234375 0.64375 0.290625 0.25
33 0.48046875 0.709375 0.0546875 0.21458333333333332
27 0.6257812500000001 0.9510416666666667 0.1296875 0.09375
27 0.3328125 0.6208333333333333 0.07187500000000001 0.07916666666666666
41 0.3125 0.7458333333333333 0.16875 0.14166666666666666
30 0.134375 0.6427083333333333 0.215625 0.20625
2 0.1390625 0.8479166666666667 0.1125 0.125
5 0.4140625 0.9249999999999999 0.06875 0.14583333333333334
26 0.19609375 0.9697916666666666 0.060937500000000006 0.06041666666666667
