22 0.9382812500000001 0.7385416666666667 0.0671875 0.08541666666666667
6 0.8226562500000001 0.678125 0.1046875 0.07291666666666667
3 0.90546875 0.5927083333333333 0.1859375 0.14375
11 0.70625 0.61875 0.253125 0.07916666666666666
5 0.90390625 0.853125 0.1296875 0.05625
3 0.67109375 0.75625 0.3015625 0.19583333333333333
9 0.775 0.459375 0.1125 0.22291666666666665
25 0.86640625 0.5 0.0390625 0.03333333333333333
0 0.9539062500000001 0.459375 0.0921875 0.10625
7 0.9 0.38958333333333334 0.19687500000000002 0.058333333333333334
6 0.95703125 0.5239583333333333 0.0859375 0.027083333333333334
12 0.7039062500000001 0.3927083333333333 0.060937500000000006 0.06875
