23 0.7515625 0.784375 0.12187500000000001 0.13958333333333334
24 0.72421875 0.6458333333333334 0.035937500000000004 0.05416666666666667
26 0.6625000000000001 0.615625 0.03125 0.027083333333333334
22 0.6062500000000001 0.6666666666666666 0.053125000000000006 0.07916666666666666
6 0.50390625 0.6385416666666667 0.0890625 0.04375
3 0.5859375 0.534375 0.19375 0.10208333333333333
11 0.38515625000000003 0.6197916666666666 0.24531250000000002 0.12708333333333333
5 0.5890625 0.7770833333333333 0.1 0.08333333333333333
3 0.36875 0.7635416666666667 0.296875 0.23958333333333334
9 0.4390625 0.44375 0.10625000000000001 0.21666666666666667
25 0.5265625 0.46770833333333334 0.03125 0.03125
0 0.60703125 0.41562499999999997 0.09843750000000001 0.08541666666666667
7 0.5390625 0.35833333333333334 0.18125000000000002 0.06666666666666667
6 0.6046875 0.47604166666666664 0.07500000000000001 0.027083333333333334
12 0.36640625000000004 0.38958333333333334 0.0546875 0.06666666666666667
