23 0.87890625 0.821875 0.13593750000000002 0.14791666666666667
24 0.8539062500000001 0.6729166666666666 0.0390625 0.058333333333333334
26 0.7859375000000001 0.634375 0.03125 0.03125
22 0.72421875 0.68125 0.0578125 0.08333333333333333
6 0.61875 0.6427083333333333 0.08750000000000001 0.05625
3 0.71015625 0.546875 0.2078125 0.11875
11 0.50546875 0.609375 0.23593750000000002 0.10625
5 0.6984375 0.7947916666666667 0.109375 0.07291666666666667
3 0.48125 0.7520833333333333 0.28125 0.2125
9 0.5593750000000001 0.440625 0.096875 0.21041666666666667
25 0.6492187500000001 0.4708333333333333 0.035937500000000004 0.03333333333333333
0 0.7359375 0.42291666666666666 0.109375 0.09166666666666666
7 0.6726562500000001 0.36354166666666665 0.1859375 0.06458333333333333
6 0.7312500000000001 0.48541666666666666 0.08125 0.025
12 0.49140625000000004 0.3875 0.0546875 0.06666666666666667
