23 0.7125 0.7760416666666666 0.12187500000000001 0.13958333333333334
24 0.68515625 0.6395833333333333 0.035937500000000004 0.05416666666666667
26 0.6234375000000001 0.6114583333333333 0.03125 0.027083333333333334
22 0.5671875000000001 0.6645833333333333 0.053125000000000006 0.07916666666666666
6 0.46484375 0.6385416666666667 0.0890625 0.04375
3 0.54609375 0.5322916666666666 0.1953125 0.10208333333333333
11 0.34609375000000003 0.6229166666666667 0.24531250000000002 0.12916666666666665
5 0.5515625000000001 0.775 0.1 0.08333333333333333
3 0.32890625 0.7677083333333333 0.2984375 0.23958333333333334
9 0.39921875 0.44375 0.1078125 0.21666666666666667
25 0.48671875000000003 0.4666666666666667 0.0328125 0.03333333333333333
0 0.5671875000000001 0.41354166666666664 0.1 0.08541666666666667
7 0.5 0.35833333333333334 0.18125000000000002 0.06666666666666667
6 0.56484375 0.47291666666666665 0.0765625 0.029166666666666667
12 0.32656250000000003 0.390625 0.05625 0.06875
