23 0.9281250000000001 0.8447916666666666 0.14375000000000002 0.14791666666666667
24 0.9421875000000001 0.6979166666666666 0.046875 0.058333333333333334
26 0.87265625 0.6520833333333333 0.0328125 0.03333333333333333
22 0.8054687500000001 0.7 0.060937500000000006 0.08333333333333333
6 0.696875 0.653125 0.09375 0.06041666666666667
3 0.7953125000000001 0.5604166666666667 0.21875 0.125
11 0.5828125000000001 0.6125 0.240625 0.10416666666666667
5 0.7765625 0.8135416666666666 0.11875000000000001 0.06875
3 0.5554687500000001 0.75 0.2890625 0.20416666666666666
9 0.6414062500000001 0.44479166666666664 0.09843750000000001 0.21875
25 0.73203125 0.47812499999999997 0.035937500000000004 0.035416666666666666
0 0.82578125 0.43333333333333335 0.1171875 0.09583333333333333
7 0.7578125 0.37083333333333335 0.19687500000000002 0.0625
6 0.81953125 0.4979166666666667 0.0890625 0.025
12 0.5734375 0.3854166666666667 0.05625 0.06666666666666667
