19 0.784375 0.8156249999999999 0.296875 0.21458333333333332
2 0.48750000000000004 0.7760416666666666 0.10312500000000001 0.10625
1 0.48125 0.6 0.043750000000000004 0.13333333333333333
14 0.5890625 0.5791666666666666 0.1125 0.2
25 0.7015625000000001 0.6239583333333333 0.046875 0.06458333333333333
13 0.6882812500000001 0.578125 0.09531250000000001 0.027083333333333334
10 0.80078125 0.534375 0.060937500000000006 0.09791666666666667
34 0.6742187500000001 0.48854166666666665 0.1859375 0.09375
41 0.853125 0.646875 0.15000000000000002 0.09791666666666667
49 0.5593750000000001 0.43333333333333335 0.05625 0.24166666666666667
0 0.7453125 0.4239583333333333 0.12187500000000001 0.08125
34 0.6937500000000001 0.3614583333333333 0.16562500000000002 0.09791666666666667
40 0.59375 0.365625 0.03125 0.06875
15 0.52734375 0.46041666666666664 0.08281250000000001 0.0875
