19 0.890625 0.8822916666666667 0.21875 0.21875
2 0.634375 0.7802083333333333 0.10312500000000001 0.11458333333333333
1 0.6335937500000001 0.60625 0.0484375 0.13333333333333333
14 0.74921875 0.5979166666666667 0.1296875 0.20416666666666666
25 0.87265625 0.6604166666666667 0.051562500000000004 0.06666666666666667
13 0.85703125 0.6083333333333333 0.1046875 0.0375
10 0.9750000000000001 0.575 0.046875 0.11666666666666667
34 0.8500000000000001 0.5125 0.203125 0.1125
49 0.7250000000000001 0.44375 0.07187500000000001 0.25416666666666665
0 0.9304687500000001 0.45 0.13593750000000002 0.09166666666666666
34 0.878125 0.384375 0.184375 0.11458333333333333
40 0.7671875 0.3770833333333333 0.037500000000000006 0.075
15 0.6875 0.46979166666666666 0.078125 0.09375
