19 0.87109375 0.8604166666666666 0.2546875 0.22083333333333333
2 0.5984375000000001 0.778125 0.10312500000000001 0.11041666666666666
1 0.5945312500000001 0.6020833333333333 0.0421875 0.13333333333333333
14 0.70625 0.5916666666666667 0.125 0.20416666666666666
25 0.821875 0.646875 0.046875 0.06458333333333333
13 0.8054687500000001 0.5989583333333334 0.09531250000000001 0.03125
10 0.9382812500000001 0.5614583333333333 0.0671875 0.11041666666666666
34 0.81015625 0.509375 0.20468750000000002 0.11458333333333333
49 0.6820312500000001 0.43645833333333334 0.0703125 0.24791666666666667
0 0.88203125 0.44166666666666665 0.13593750000000002 0.0875
34 0.8289062500000001 0.37395833333333334 0.1765625 0.10625
40 0.72265625 0.3729166666666667 0.035937500000000004 0.075
15 0.64609375 0.46458333333333335 0.07968750000000001 0.09166666666666666
