2 0.71015625 0.7927083333333333 0.1046875 0.11875
1 0.7156250000000001 0.6145833333333334 0.05625 0.14166666666666666
14 0.82734375 0.6125 0.1296875 0.20416666666666666
25 0.96640625 0.6854166666666667 0.0578125 0.07083333333333333
13 0.94453125 0.6322916666666667 0.1078125 0.04791666666666666
34 0.91796875 0.5322916666666666 0.1640625 0.12291666666666666
49 0.8148437500000001 0.45208333333333334 0.07968750000000001 0.25416666666666665
34 0.9421875000000001 0.396875 0.115625 0.11458333333333333
40 0.86328125 0.38958333333333334 0.035937500000000004 0.075
15 0.77265625 0.48020833333333335 0.0890625 0.09791666666666667
