19 0.78046875 0.8291666666666666 0.2921875 0.275
0 0.50546875 0.70625 0.2171875 0.18333333333333332
16 0.64375 0.684375 0.125 0.07708333333333334
4 0.7171875000000001 0.625 0.07187500000000001 0.0625
15 0.59921875 0.565625 0.1171875 0.11458333333333333
14 0.66328125 0.5041666666666667 0.0921875 0.16666666666666666
7 0.8460937500000001 0.41770833333333335 0.17343750000000002 0.13125
6 0.9234375 0.40729166666666666 0.046875 0.04791666666666666
23 0.94140625 0.575 0.11406250000000001 0.08333333333333333
2 0.8765625 0.609375 0.134375 0.052083333333333336
3 0.775 0.50625 0.171875 0.1
5 0.78671875 0.5677083333333334 0.060937500000000006 0.06458333333333333
3 0.8929687500000001 0.71875 0.2109375 0.15416666666666667
11 0.69921875 0.4375 0.0734375 0.08333333333333333
3 0.7195312500000001 0.36875 0.0921875 0.05416666666666667
20 0.6203125 0.378125 0.08750000000000001 0.19375
13 0.9125000000000001 0.5260416666666666 0.08750000000000001 0.04375
