19 0.87421875 0.8614583333333333 0.2515625 0.26875
0 0.61640625 0.715625 0.21406250000000002 0.18958333333333333
16 0.7609375 0.7020833333333333 0.13125 0.09583333333333333
4 0.846875 0.653125 0.08125 0.06875
15 0.72265625 0.578125 0.1203125 0.11458333333333333
14 0.79296875 0.5197916666666667 0.0921875 0.16875
3 0.9085937500000001 0.5427083333333333 0.1703125 0.09791666666666667
5 0.9234375 0.5979166666666667 0.059375000000000004 0.058333333333333334
11 0.83125 0.45625 0.08125 0.0875
3 0.85703125 0.3833333333333333 0.09843750000000001 0.058333333333333334
20 0.7585937500000001 0.39166666666666666 0.0859375 0.2125
