19 0.6265625 0.796875 0.265625 0.25625
0 0.35390625000000003 0.7197916666666666 0.2234375 0.18541666666666667
16 0.49062500000000003 0.675 0.12187500000000001 0.0625
4 0.55859375 0.609375 0.0671875 0.06458333333333333
15 0.44062500000000004 0.5677083333333334 0.109375 0.11041666666666666
14 0.5007812500000001 0.49374999999999997 0.07968750000000001 0.15833333333333333
7 0.66171875 0.4 0.1484375 0.1125
6 0.7351562500000001 0.38229166666666664 0.0421875 0.04375
23 0.7601562500000001 0.5375 0.1046875 0.06666666666666667
2 0.70078125 0.5802083333333333 0.11093750000000001 0.04791666666666666
3 0.61875 0.49166666666666664 0.171875 0.1
5 0.6203125 0.5458333333333333 0.043750000000000004 0.058333333333333334
3 0.7640625000000001 0.66875 0.265625 0.14583333333333334
11 0.53359375 0.4302083333333333 0.0734375 0.07708333333333334
3 0.54453125 0.359375 0.0890625 0.04791666666666666
20 0.46015625000000004 0.378125 0.0921875 0.19375
13 0.7375 0.48854166666666665 0.07500000000000001 0.04375
