19 0.54921875 0.790625 0.2609375 0.24791666666666667
0 0.27578125000000003 0.7364583333333333 0.2328125 0.18958333333333333
16 0.415625 0.678125 0.125 0.06041666666666667
4 0.48281250000000003 0.6104166666666666 0.065625 0.06666666666666667
15 0.3609375 0.571875 0.109375 0.11041666666666666
14 0.42265625 0.49583333333333335 0.07968750000000001 0.15833333333333333
7 0.5828125000000001 0.39479166666666665 0.15000000000000002 0.11458333333333333
6 0.64765625 0.37604166666666666 0.0390625 0.03958333333333333
23 0.6781250000000001 0.525 0.1 0.058333333333333334
2 0.62265625 0.571875 0.11093750000000001 0.04791666666666666
3 0.540625 0.4875 0.171875 0.1
5 0.540625 0.54375 0.043750000000000004 0.058333333333333334
3 0.6828125 0.6541666666666667 0.259375 0.14583333333333334
11 0.45156250000000003 0.4302083333333333 0.08125 0.07708333333333334
3 0.46406250000000004 0.35833333333333334 0.08750000000000001 0.05
20 0.37421875000000004 0.3802083333333333 0.09531250000000001 0.19375
13 0.6585937500000001 0.4791666666666667 0.0765625 0.04583333333333333
