19 0.43515625 0.79375 0.2671875 0.24583333333333332
0 0.15156250000000002 0.771875 0.25 0.21041666666666667
16 0.2984375 0.6927083333333334 0.13125 0.052083333333333336
4 0.36484375 0.6177083333333333 0.06406250000000001 0.06875
15 0.23750000000000002 0.5895833333333333 0.12187500000000001 0.11666666666666667
14 0.30078125 0.50625 0.07968750000000001 0.16666666666666666
7 0.45859375 0.39479166666666665 0.15156250000000002 0.11041666666666666
6 0.52265625 0.3729166666666667 0.0390625 0.0375
23 0.55859375 0.51875 0.09843750000000001 0.05416666666666667
2 0.50390625 0.5677083333333334 0.1046875 0.052083333333333336
3 0.42109375000000004 0.490625 0.1703125 0.10208333333333333
5 0.42500000000000004 0.5447916666666667 0.043750000000000004 0.05625
3 0.55859375 0.6427083333333333 0.23593750000000002 0.15208333333333332
11 0.33046875000000003 0.4354166666666667 0.0765625 0.075
3 0.340625 0.3645833333333333 0.08750000000000001 0.05416666666666667
20 0.24375000000000002 0.38645833333333335 0.10312500000000001 0.19375
