19 0.74140625 0.8177083333333334 0.2765625 0.26458333333333334
0 0.46796875000000004 0.7083333333333334 0.2171875 0.18333333333333332
16 0.6046875 0.6802083333333333 0.125 0.07708333333333334
4 0.67578125 0.6197916666666666 0.0671875 0.06458333333333333
15 0.55625 0.565625 0.109375 0.11041666666666666
14 0.6203125 0.49895833333333334 0.08125 0.16041666666666665
7 0.790625 0.4125 0.16562500000000002 0.125
6 0.87421875 0.39791666666666664 0.045312500000000006 0.04583333333333333
23 0.8914062500000001 0.5635416666666666 0.11093750000000001 0.06875
2 0.8226562500000001 0.5989583333333334 0.1203125 0.04791666666666666
3 0.7359375 0.5020833333333333 0.171875 0.1
5 0.7375 0.5583333333333333 0.043750000000000004 0.058333333333333334
3 0.8578125000000001 0.7072916666666667 0.28125 0.13958333333333334
11 0.6515625 0.434375 0.07187500000000001 0.07708333333333334
3 0.67109375 0.365625 0.0859375 0.052083333333333336
20 0.58125 0.378125 0.08750000000000001 0.19375
13 0.8734375000000001 0.5135416666666667 0.08750000000000001 0.04375
