19 0.47500000000000003 0.7927083333333333 0.2625 0.24791666666666667
0 0.19296875000000002 0.75625 0.2421875 0.2
16 0.33828125000000003 0.6875 0.1296875 0.058333333333333334
4 0.40390625 0.6145833333333334 0.06406250000000001 0.06666666666666667
15 0.278125 0.58125 0.11875000000000001 0.11666666666666667
14 0.33984375 0.503125 0.07968750000000001 0.16458333333333333
7 0.5 0.39375 0.15000000000000002 0.10833333333333334
6 0.5632812500000001 0.371875 0.0390625 0.03958333333333333
23 0.59765625 0.5197916666666667 0.09843750000000001 0.05625
2 0.54296875 0.5677083333333334 0.1078125 0.052083333333333336
3 0.46015625000000004 0.48854166666666665 0.1703125 0.10208333333333333
5 0.46328125000000003 0.5427083333333333 0.0421875 0.05625
3 0.603125 0.6447916666666667 0.25 0.14791666666666667
11 0.37031250000000004 0.43333333333333335 0.07500000000000001 0.075
3 0.38125000000000003 0.3625 0.08750000000000001 0.05
20 0.2890625 0.38645833333333335 0.1 0.19791666666666666
13 0.57734375 0.47291666666666665 0.0765625 0.041666666666666664
