1 0.9640625 0.6333333333333333 0.06875 0.15833333333333333
32 0.85703125 0.8197916666666667 0.1171875 0.15625
11 0.6273437500000001 0.7208333333333333 0.32343750000000004 0.17083333333333334
15 0.76953125 0.5729166666666666 0.09843750000000001 0.09583333333333333
43 0.8796875000000001 0.5875 0.065625 0.04583333333333333
31 0.9437500000000001 0.5395833333333333 0.037500000000000006 0.03333333333333333
38 0.8562500000000001 0.48125 0.034375 0.0375
27 0.8289062500000001 0.521875 0.07968750000000001 0.06458333333333333
19 0.6828125 0.46979166666666666 0.11875000000000001 0.09791666666666667
43 0.7484375000000001 0.43124999999999997 0.03125 0.05416666666666667
47 0.7679687500000001 0.40208333333333335 0.045312500000000006 0.03333333333333333
39 0.82421875 0.38645833333333335 0.0390625 0.035416666666666666
23 0.8203125 0.4427083333333333 0.046875 0.04375
44 0.8875000000000001 0.403125 0.046875 0.035416666666666666
45 0.9242187500000001 0.4770833333333333 0.0390625 0.041666666666666664
