32 0.9421875000000001 0.8541666666666666 0.1125 0.1625
11 0.7078125000000001 0.7291666666666666 0.340625 0.15833333333333333
15 0.8609375 0.5916666666666667 0.10312500000000001 0.1
38 0.95234375 0.5020833333333333 0.0390625 0.0375
27 0.925 0.540625 0.08750000000000001 0.06875
19 0.7671875 0.4791666666666667 0.12812500000000002 0.09583333333333333
43 0.8406250000000001 0.4458333333333333 0.034375 0.05416666666666667
47 0.8617187500000001 0.4114583333333333 0.0484375 0.035416666666666666
39 0.92109375 0.39791666666666664 0.0421875 0.03333333333333333
23 0.9164062500000001 0.4552083333333333 0.0484375 0.04791666666666666
