1 0.7375 0.578125 0.05 0.14375
42 0.7898437500000001 0.7104166666666667 0.0671875 0.07083333333333333
32 0.66015625 0.7697916666666667 0.1015625 0.13125
11 0.43359375 0.7177083333333333 0.3171875 0.21041666666666667
15 0.56171875 0.553125 0.0890625 0.08958333333333333
43 0.66953125 0.553125 0.0578125 0.035416666666666666
31 0.71640625 0.4979166666666667 0.0328125 0.03333333333333333
38 0.63671875 0.45625 0.029687500000000002 0.0375
27 0.61484375 0.496875 0.0703125 0.052083333333333336
19 0.4765625 0.46458333333333335 0.115625 0.1
43 0.540625 0.41875 0.028125 0.05
47 0.5554687500000001 0.38645833333333335 0.0390625 0.027083333333333334
39 0.6015625 0.3677083333333333 0.034375 0.027083333333333334
23 0.6023437500000001 0.421875 0.0390625 0.03958333333333333
44 0.659375 0.378125 0.043750000000000004 0.03125
45 0.6976562500000001 0.4427083333333333 0.0328125 0.03958333333333333
