35 0.8234375 0.8239583333333333 0.07500000000000001 0.09791666666666667
28 0.8054687500000001 0.646875 0.0484375 0.07291666666666667
34 0.7937500000000001 0.4666666666666667 0.215625 0.2875
8 0.6578125 0.7708333333333334 0.065625 0.10416666666666667
33 0.6351562500000001 0.6125 0.0484375 0.1875
30 0.6664062500000001 0.4375 0.0765625 0.18333333333333332
20 0.675 0.33541666666666664 0.10312500000000001 0.2125
21 0.6156250000000001 0.34791666666666665 0.028125 0.058333333333333334
5 0.58515625 0.54375 0.08281250000000001 0.025
21 0.57265625 0.475 0.0671875 0.08333333333333333
11 0.53515625 0.39375 0.1609375 0.07083333333333333
5 0.478125 0.7083333333333334 0.12187500000000001 0.075
26 0.44140625 0.8229166666666666 0.051562500000000004 0.04583333333333333
36 0.49609375 0.42604166666666665 0.0390625 0.05625
27 0.42265625 0.6145833333333334 0.0703125 0.08333333333333333
29 0.4265625 0.48125 0.06875 0.05
26 0.42812500000000003 0.3958333333333333 0.018750000000000003 0.016666666666666666
