35 0.35000000000000003 0.790625 0.07187500000000001 0.08958333333333333
28 0.31015625 0.6291666666666667 0.045312500000000006 0.07083333333333333
34 0.2578125 0.46249999999999997 0.215625 0.2833333333333333
8 0.18203125 0.8156249999999999 0.0765625 0.11458333333333333
33 0.13515625 0.6604166666666667 0.0765625 0.2
30 0.13359375 0.459375 0.09843750000000001 0.19791666666666666
20 0.11796875000000001 0.36041666666666666 0.1234375 0.2375
21 0.06484375 0.37916666666666665 0.0421875 0.07083333333333333
5 0.065625 0.6052083333333333 0.10312500000000001 0.052083333333333336
21 0.0390625 0.534375 0.07500000000000001 0.10208333333333333
11 0.037500000000000006 0.4510416666666667 0.07500000000000001 0.06458333333333333
