35 0.6335937500000001 0.78125 0.0671875 0.0875
28 0.6078125000000001 0.615625 0.043750000000000004 0.06458333333333333
34 0.58125 0.44479166666666664 0.18125000000000002 0.2604166666666667
8 0.47578125000000004 0.7625 0.0671875 0.10833333333333334
33 0.44765625000000003 0.60625 0.0484375 0.18333333333333332
30 0.465625 0.42916666666666664 0.07187500000000001 0.1875
20 0.46640625 0.334375 0.09843750000000001 0.21458333333333332
21 0.4140625 0.346875 0.03125 0.06041666666666667
5 0.39453125 0.5458333333333333 0.08281250000000001 0.03333333333333333
21 0.37812500000000004 0.4770833333333333 0.06875 0.0875
11 0.33203125 0.39791666666666664 0.16718750000000002 0.06666666666666667
5 0.29296875 0.7302083333333333 0.1328125 0.08958333333333333
26 0.26328125 0.8552083333333333 0.0546875 0.04375
36 0.29375 0.43645833333333334 0.043750000000000004 0.06041666666666667
27 0.22968750000000002 0.6416666666666666 0.07500000000000001 0.09166666666666666
29 0.22578125000000002 0.5010416666666666 0.0765625 0.052083333333333336
26 0.22187500000000002 0.4114583333333333 0.021875000000000002 0.01875
