33 0.7796875000000001 0.7177083333333333 0.06875 0.21875
26 0.63984375 0.8854166666666666 0.051562500000000004 0.058333333333333334
27 0.68671875 0.6802083333333333 0.1234375 0.07291666666666667
29 0.8406250000000001 0.6479166666666667 0.10625000000000001 0.08333333333333333
20 0.6421875 0.4552083333333333 0.146875 0.31875
30 0.9015625 0.509375 0.153125 0.24791666666666667
37 0.50234375 0.728125 0.0671875 0.09375
13 0.4921875 0.6416666666666666 0.05 0.075
41 0.9359375000000001 0.8010416666666667 0.12812500000000002 0.16458333333333333
26 0.4109375 0.5489583333333333 0.025 0.03125
37 0.35781250000000003 0.5958333333333333 0.053125000000000006 0.075
5 0.27421875 0.51875 0.0859375 0.0375
36 0.25859375 0.4458333333333333 0.045312500000000006 0.058333333333333334
27 0.19375 0.6135416666666667 0.053125000000000006 0.05625
34 0.065625 0.6052083333333333 0.13125 0.39375
