33 0.8187500000000001 0.728125 0.06875 0.21875
26 0.6742187500000001 0.890625 0.051562500000000004 0.05625
27 0.7250000000000001 0.6854166666666667 0.13125 0.075
29 0.88671875 0.6572916666666666 0.1015625 0.08541666666666667
20 0.6875 0.4614583333333333 0.15937500000000002 0.33125
30 0.93359375 0.5197916666666667 0.1296875 0.2520833333333333
37 0.53828125 0.7270833333333333 0.0671875 0.09166666666666666
13 0.5281250000000001 0.6416666666666666 0.053125000000000006 0.07083333333333333
26 0.44921875 0.546875 0.0234375 0.03125
37 0.39609375 0.5927083333333333 0.051562500000000004 0.07291666666666667
5 0.3140625 0.5125 0.08125 0.03333333333333333
36 0.30000000000000004 0.440625 0.043750000000000004 0.05625
27 0.234375 0.6052083333333333 0.05625 0.05625
34 0.08750000000000001 0.584375 0.17500000000000002 0.41041666666666665
