33 0.55703125 0.6885416666666666 0.051562500000000004 0.20625
26 0.43359375 0.8781249999999999 0.0484375 0.06041666666666667
27 0.46875 0.6666666666666666 0.11875000000000001 0.07916666666666666
29 0.5984375000000001 0.6104166666666666 0.1 0.06666666666666667
20 0.40156250000000004 0.45 0.153125 0.3125
30 0.6453125000000001 0.47604166666666664 0.11875000000000001 0.22291666666666665
8 0.7515625 0.5864583333333333 0.05 0.08125
5 0.7875000000000001 0.5395833333333333 0.037500000000000006 0.07083333333333333
2 0.8992187500000001 0.665625 0.1296875 0.06041666666666667
37 0.284375 0.7510416666666666 0.07187500000000001 0.09375
13 0.26640625 0.6666666666666666 0.0484375 0.07916666666666666
41 0.7250000000000001 0.734375 0.1625 0.13125
26 0.17343750000000002 0.5833333333333334 0.025 0.03333333333333333
37 0.11484375000000001 0.64375 0.0578125 0.075
