11 0.890625 0.7708333333333334 0.21875 0.2708333333333333
33 0.51953125 0.6875 0.051562500000000004 0.20833333333333334
26 0.39921875 0.8822916666666667 0.0484375 0.06041666666666667
27 0.4296875 0.6708333333333333 0.11875000000000001 0.07916666666666666
29 0.56015625 0.6083333333333333 0.1015625 0.06666666666666667
20 0.36328125 0.4552083333333333 0.1546875 0.3145833333333333
30 0.6062500000000001 0.47291666666666665 0.11875000000000001 0.225
8 0.7132812500000001 0.58125 0.051562500000000004 0.08333333333333333
5 0.7484375000000001 0.534375 0.037500000000000006 0.07291666666666667
2 0.8601562500000001 0.6541666666666667 0.1296875 0.0625
37 0.246875 0.7625 0.07187500000000001 0.09583333333333333
13 0.2265625 0.675 0.05 0.07916666666666666
41 0.68515625 0.7239583333333334 0.1640625 0.13125
26 0.1296875 0.5947916666666666 0.025 0.03125
37 0.06953125 0.6572916666666666 0.060937500000000006 0.08125
