11 0.7171875000000001 0.7020833333333333 0.28750000000000003 0.2708333333333333
33 0.31171875000000004 0.70625 0.06406250000000001 0.21666666666666667
26 0.19687500000000002 0.9364583333333333 0.053125000000000006 0.06458333333333333
27 0.21484375 0.7083333333333334 0.1296875 0.09583333333333333
29 0.34921875 0.6177083333333333 0.1078125 0.06458333333333333
20 0.12109375 0.484375 0.1921875 0.32708333333333334
30 0.38203125000000004 0.47291666666666665 0.1203125 0.22083333333333333
8 0.49765625 0.565625 0.0421875 0.07708333333333334
5 0.52578125 0.5145833333333333 0.0390625 0.07083333333333333
2 0.63046875 0.609375 0.1171875 0.06458333333333333
