33 0.6640625 0.6989583333333333 0.0625 0.21041666666666667
26 0.53671875 0.8739583333333333 0.051562500000000004 0.05625
27 0.5750000000000001 0.6677083333333333 0.12187500000000001 0.07708333333333334
29 0.71796875 0.6229166666666667 0.09531250000000001 0.075
20 0.525 0.4510416666666667 0.146875 0.31875
30 0.7664062500000001 0.4875 0.1328125 0.22916666666666666
8 0.8812500000000001 0.6125 0.05625 0.0875
5 0.921875 0.565625 0.043750000000000004 0.08125
37 0.3953125 0.7322916666666667 0.06875 0.09375
13 0.38046875 0.6479166666666667 0.051562500000000004 0.075
41 0.8421875000000001 0.7604166666666666 0.184375 0.15
26 0.29609375 0.5614583333333333 0.026562500000000003 0.03125
37 0.240625 0.6145833333333334 0.053125000000000006 0.07083333333333333
5 0.146875 0.540625 0.08750000000000001 0.03958333333333333
36 0.1265625 0.465625 0.046875 0.06041666666666667
27 0.06406250000000001 0.646875 0.059375000000000004 0.06041666666666667
