33 0.628125 0.6927083333333334 0.059375000000000004 0.21041666666666667
26 0.50234375 0.8739583333333333 0.051562500000000004 0.05625
27 0.5375 0.6677083333333333 0.11875000000000001 0.07708333333333334
29 0.6796875 0.6177083333333333 0.09375 0.07291666666666667
20 0.48125 0.45 0.14375000000000002 0.3125
30 0.7273437500000001 0.48333333333333334 0.1328125 0.22916666666666666
8 0.8382812500000001 0.6020833333333333 0.051562500000000004 0.07916666666666666
5 0.8773437500000001 0.5552083333333333 0.0390625 0.07708333333333334
37 0.3609375 0.7385416666666667 0.06875 0.09375
13 0.34218750000000003 0.6541666666666667 0.05 0.07916666666666666
41 0.8015625000000001 0.7479166666666667 0.178125 0.14583333333333334
26 0.25625000000000003 0.56875 0.025 0.03333333333333333
37 0.19687500000000002 0.621875 0.05625 0.07291666666666667
5 0.10312500000000001 0.55 0.09062500000000001 0.041666666666666664
36 0.08125 0.475 0.05 0.0625
27 0.0234375 0.6541666666666667 0.046875 0.05
