33 0.8625 0.7416666666666667 0.08125 0.22916666666666666
26 0.71015625 0.8989583333333333 0.051562500000000004 0.05625
27 0.76484375 0.6947916666666667 0.1296875 0.07291666666666667
29 0.9320312500000001 0.6708333333333333 0.1046875 0.09166666666666666
20 0.728125 0.4635416666666667 0.16875 0.33541666666666664
30 0.95625 0.5333333333333333 0.084375 0.2625
37 0.5734375 0.728125 0.065625 0.08958333333333333
13 0.56484375 0.6416666666666666 0.051562500000000004 0.07083333333333333
26 0.48750000000000004 0.5479166666666666 0.021875000000000002 0.029166666666666667
37 0.43281250000000004 0.5927083333333333 0.05 0.07291666666666667
5 0.35234375 0.5104166666666666 0.08281250000000001 0.029166666666666667
36 0.340625 0.43854166666666666 0.043750000000000004 0.05625
27 0.275 0.596875 0.053125000000000006 0.05625
34 0.1265625 0.5739583333333333 0.17500000000000002 0.39791666666666664
