11 0.87265625 0.75 0.2546875 0.2708333333333333
33 0.48515625 0.6854166666666667 0.0578125 0.2125
26 0.36484375 0.8885416666666667 0.051562500000000004 0.06458333333333333
27 0.3953125 0.6729166666666666 0.12812500000000002 0.09166666666666666
29 0.5265625 0.6072916666666667 0.1 0.06875
20 0.32265625000000003 0.45625 0.1640625 0.31666666666666665
30 0.56640625 0.46979166666666666 0.1171875 0.21875
8 0.6742187500000001 0.5760416666666667 0.0484375 0.07708333333333334
5 0.7078125000000001 0.5270833333333333 0.040625 0.07083333333333333
2 0.81796875 0.64375 0.1265625 0.06666666666666667
37 0.20859375000000002 0.7729166666666667 0.0734375 0.09583333333333333
13 0.18515625000000002 0.684375 0.051562500000000004 0.08541666666666667
41 0.6468750000000001 0.7177083333333333 0.1625 0.12708333333333333
26 0.084375 0.6052083333333333 0.028125 0.035416666666666666
37 0.028125 0.671875 0.05625 0.08541666666666667
