11 0.82421875 0.725 0.30781250000000004 0.2708333333333333
33 0.41171875 0.6895833333333333 0.0578125 0.2125
26 0.29453125 0.9052083333333333 0.051562500000000004 0.06458333333333333
27 0.31953125000000004 0.684375 0.1265625 0.08958333333333333
29 0.44765625000000003 0.6083333333333333 0.1046875 0.06666666666666667
20 0.23750000000000002 0.465625 0.178125 0.31875
30 0.48828125 0.46979166666666666 0.1171875 0.21875
8 0.59765625 0.5697916666666667 0.0484375 0.07708333333333334
5 0.62890625 0.51875 0.0390625 0.07083333333333333
2 0.7351562500000001 0.6270833333333333 0.1203125 0.06666666666666667
37 0.12734375 0.7979166666666666 0.07968750000000001 0.10416666666666667
13 0.10234375000000001 0.7083333333333334 0.051562500000000004 0.09166666666666666
41 0.57578125 0.7125 0.15781250000000002 0.13333333333333333
