32 0.7984375 0.7875 0.115625 0.0875
47 0.6000000000000001 0.7677083333333333 0.037500000000000006 0.07708333333333334
42 0.68515625 0.5625 0.0421875 0.0625
4 0.690625 0.5229166666666667 0.059375000000000004 0.03333333333333333
27 0.58046875 0.5010416666666666 0.0890625 0.03125
19 0.5703125 0.6354166666666666 0.21875 0.1625
39 0.48125 0.540625 0.053125000000000006 0.05625
23 0.46875 0.4875 0.05 0.05
38 0.53515625 0.4354166666666667 0.0234375 0.0375
1 0.5750000000000001 0.378125 0.03125 0.09375
44 0.63984375 0.38229166666666664 0.0171875 0.06875
11 0.49140625000000004 0.3697916666666667 0.1453125 0.04791666666666666
6 0.44062500000000004 0.39479166666666665 0.05 0.027083333333333334
43 0.62265625 0.42291666666666666 0.051562500000000004 0.04583333333333333
31 0.6531250000000001 0.46875 0.021875000000000002 0.029166666666666667
45 0.44609375 0.7885416666666667 0.0578125 0.08541666666666667
15 0.3953125 0.621875 0.10312500000000001 0.10625
23 0.41328125000000004 0.44687499999999997 0.045312500000000006 0.03958333333333333
