47 0.9671875000000001 0.8614583333333333 0.05625 0.08125
19 0.9109375000000001 0.70625 0.178125 0.17916666666666667
39 0.8546875 0.5791666666666666 0.0625 0.05416666666666667
23 0.84296875 0.5177083333333333 0.0546875 0.05625
38 0.9343750000000001 0.4791666666666667 0.03125 0.041666666666666664
11 0.890625 0.396875 0.178125 0.04375
6 0.8226562500000001 0.4145833333333333 0.0546875 0.0375
45 0.7828125 0.8229166666666666 0.065625 0.09166666666666666
15 0.75 0.6375 0.1125 0.10833333333333334
23 0.7898437500000001 0.46249999999999997 0.0484375 0.04583333333333333
