32 0.75703125 0.778125 0.1078125 0.08958333333333333
47 0.56484375 0.7645833333333333 0.035937500000000004 0.075
42 0.64375 0.5572916666666666 0.037500000000000006 0.06041666666666667
4 0.64765625 0.5197916666666667 0.0546875 0.03125
27 0.54140625 0.5010416666666666 0.0890625 0.03125
19 0.5328125 0.6364583333333333 0.22187500000000002 0.17291666666666666
39 0.44062500000000004 0.5395833333333333 0.053125000000000006 0.0625
23 0.42421875000000003 0.4875 0.051562500000000004 0.05416666666666667
38 0.49609375 0.4354166666666667 0.0234375 0.0375
1 0.53125 0.378125 0.028125 0.09375
44 0.5945312500000001 0.378125 0.0171875 0.06875
11 0.44453125000000004 0.37083333333333335 0.1484375 0.05
6 0.39375000000000004 0.39375 0.05 0.025
43 0.57734375 0.421875 0.0484375 0.04375
31 0.6109375 0.4666666666666667 0.021875000000000002 0.029166666666666667
45 0.4109375 0.79375 0.0625 0.0875
15 0.35390625000000003 0.6239583333333333 0.1046875 0.11041666666666666
23 0.36875 0.453125 0.043750000000000004 0.03958333333333333
