47 0.8765625 0.828125 0.05 0.07708333333333334
27 0.8812500000000001 0.5458333333333333 0.10625000000000001 0.04583333333333333
19 0.85859375 0.68125 0.24531250000000002 0.17083333333333334
39 0.765625 0.5625 0.059375000000000004 0.058333333333333334
23 0.75390625 0.5041666666666667 0.051562500000000004 0.05416666666666667
38 0.8367187500000001 0.46249999999999997 0.029687500000000002 0.0375
1 0.88671875 0.4041666666666667 0.045312500000000006 0.10416666666666667
44 0.9632812500000001 0.41875 0.029687500000000002 0.075
11 0.79453125 0.38645833333333335 0.16718750000000002 0.035416666666666666
6 0.73046875 0.40625 0.051562500000000004 0.03333333333333333
43 0.9382812500000001 0.4635416666666667 0.060937500000000006 0.04791666666666666
31 0.9710937500000001 0.51875 0.026562500000000003 0.03333333333333333
45 0.7039062500000001 0.8041666666666667 0.06406250000000001 0.09166666666666666
15 0.66796875 0.6260416666666666 0.1046875 0.11041666666666666
23 0.7015625000000001 0.45416666666666666 0.043750000000000004 0.041666666666666664
