19 0.5390625 0.834375 0.253125 0.24791666666666667
16 0.3796875 0.7395833333333334 0.05 0.12916666666666665
4 0.46015625000000004 0.634375 0.07968750000000001 0.05625
2 0.625 0.5854166666666667 0.13125 0.05
5 0.54140625 0.5583333333333333 0.08281250000000001 0.04583333333333333
23 0.65 0.5364583333333334 0.096875 0.052083333333333336
13 0.6039062500000001 0.48020833333333335 0.0921875 0.035416666666666666
3 0.6453125000000001 0.69375 0.27187500000000003 0.1875
0 0.24296875 0.7677083333333333 0.2171875 0.21875
15 0.28671875 0.5885416666666666 0.1234375 0.12291666666666666
14 0.3953125 0.5177083333333333 0.134375 0.16875
3 0.43359375 0.37395833333333334 0.1265625 0.06041666666666667
7 0.5515625000000001 0.41041666666666665 0.215625 0.09583333333333333
20 0.33828125000000003 0.3989583333333333 0.0703125 0.20625
3 0.5085937500000001 0.5135416666666667 0.1953125 0.10625
11 0.43125 0.4510416666666667 0.10312500000000001 0.08541666666666667
6 0.58203125 0.3833333333333333 0.0546875 0.025
26 0.6023437500000001 0.36354166666666665 0.0203125 0.014583333333333334
