19 0.6875 0.84375 0.246875 0.22083333333333333
16 0.5265625 0.7322916666666667 0.040625 0.13125
4 0.6101562500000001 0.6364583333333333 0.07968750000000001 0.05625
2 0.7890625 0.6104166666666666 0.146875 0.07083333333333333
5 0.6976562500000001 0.5708333333333333 0.08281250000000001 0.04583333333333333
23 0.8203125 0.5604166666666667 0.115625 0.07916666666666666
13 0.7765625 0.5020833333333333 0.10312500000000001 0.05416666666666667
3 0.8109375000000001 0.7239583333333334 0.290625 0.21041666666666667
0 0.39687500000000003 0.7416666666666667 0.203125 0.2125
15 0.45078125 0.5760416666666667 0.11406250000000001 0.11458333333333333
14 0.5554687500000001 0.515625 0.1296875 0.16458333333333333
3 0.59609375 0.37604166666666666 0.1328125 0.05625
7 0.7195312500000001 0.42083333333333334 0.22968750000000002 0.10416666666666667
20 0.50703125 0.390625 0.060937500000000006 0.19791666666666666
3 0.6703125000000001 0.5208333333333334 0.19062500000000002 0.09166666666666666
11 0.5890625 0.453125 0.10312500000000001 0.08541666666666667
6 0.753125 0.39375 0.059375000000000004 0.025
26 0.7742187500000001 0.37395833333333334 0.0234375 0.014583333333333334
