19 0.8718750000000001 0.8760416666666666 0.253125 0.24791666666666667
16 0.7156250000000001 0.753125 0.040625 0.13125
4 0.8093750000000001 0.6708333333333333 0.08750000000000001 0.06666666666666667
5 0.9203125000000001 0.6145833333333334 0.10625000000000001 0.0375
0 0.58515625 0.7375 0.19843750000000002 0.21666666666666667
15 0.6492187500000001 0.5822916666666667 0.1171875 0.11875
14 0.75546875 0.534375 0.1328125 0.16875
3 0.8140625 0.38958333333333334 0.140625 0.058333333333333334
7 0.91015625 0.4510416666666667 0.1765625 0.13125
20 0.71875 0.39791666666666664 0.059375000000000004 0.20416666666666666
3 0.890625 0.5541666666666667 0.21250000000000002 0.09166666666666666
11 0.80234375 0.46770833333333334 0.1265625 0.09375
6 0.925 0.40520833333333334 0.0625 0.03125
