19 0.7640625000000001 0.8583333333333333 0.25625000000000003 0.25
16 0.6015625 0.7364583333333333 0.040625 0.13125
4 0.6890625 0.646875 0.08125 0.06041666666666667
2 0.8757812500000001 0.628125 0.1546875 0.08125
5 0.78046875 0.5833333333333334 0.0921875 0.0375
23 0.9031250000000001 0.5802083333333333 0.12187500000000001 0.08125
13 0.8546875 0.5104166666666666 0.10312500000000001 0.05416666666666667
3 0.8671875 0.7541666666666667 0.259375 0.22083333333333333
0 0.47187500000000004 0.7354166666666666 0.203125 0.2125
15 0.5281250000000001 0.5739583333333333 0.115625 0.11458333333333333
14 0.63671875 0.5208333333333334 0.1265625 0.16666666666666666
3 0.68125 0.378125 0.1375 0.06041666666666667
7 0.81015625 0.4302083333333333 0.2421875 0.11458333333333333
20 0.5859375 0.39166666666666666 0.05625 0.2
3 0.753125 0.5291666666666667 0.2 0.09166666666666666
11 0.671875 0.4552083333333333 0.10625000000000001 0.08541666666666667
6 0.8460937500000001 0.40520833333333334 0.060937500000000006 0.03125
26 0.8671875 0.38645833333333335 0.025 0.014583333333333334
