19 0.578125 0.8302083333333333 0.246875 0.22291666666666665
16 0.41718750000000004 0.7354166666666666 0.043750000000000004 0.12916666666666665
4 0.49765625 0.634375 0.07968750000000001 0.05625
2 0.6648437500000001 0.590625 0.1328125 0.06041666666666667
5 0.58046875 0.5604166666666667 0.08281250000000001 0.04583333333333333
23 0.69296875 0.540625 0.1046875 0.06458333333333333
13 0.6515625 0.4864583333333333 0.09375 0.04791666666666666
3 0.6859375000000001 0.6989583333333333 0.27187500000000003 0.19791666666666666
0 0.2828125 0.759375 0.215625 0.21875
15 0.33359375 0.5854166666666667 0.1171875 0.11666666666666667
14 0.43828125 0.5166666666666666 0.1296875 0.16666666666666666
3 0.4734375 0.375 0.12812500000000002 0.058333333333333334
7 0.59140625 0.41041666666666665 0.21406250000000002 0.09583333333333333
20 0.38203125000000004 0.3958333333333333 0.06406250000000001 0.2
3 0.55078125 0.5114583333333333 0.18906250000000002 0.09791666666666667
11 0.4703125 0.45208333333333334 0.1 0.0875
6 0.62421875 0.3833333333333333 0.0546875 0.025
26 0.64375 0.3645833333333333 0.021875000000000002 0.016666666666666666
