19 0.9164062500000001 0.8875 0.16718750000000002 0.21666666666666667
16 0.8078125 0.7760416666666666 0.037500000000000006 0.14375
4 0.915625 0.7 0.09375 0.07916666666666666
0 0.6734375 0.7479166666666667 0.19062500000000002 0.2125
15 0.7421875 0.5958333333333333 0.125 0.12083333333333333
14 0.8617187500000001 0.5541666666666667 0.1484375 0.17916666666666667
3 0.9242187500000001 0.4083333333333333 0.1484375 0.06666666666666667
20 0.82421875 0.4114583333333333 0.060937500000000006 0.21041666666666667
3 0.9421875000000001 0.5791666666666666 0.1125 0.09583333333333333
11 0.9140625 0.4864583333333333 0.115625 0.10208333333333333
