19 0.91171875 0.8864583333333333 0.1765625 0.22291666666666665
16 0.796875 0.7708333333333334 0.037500000000000006 0.14583333333333334
4 0.90390625 0.6947916666666667 0.09531250000000001 0.08125
0 0.6640625 0.7458333333333333 0.19062500000000002 0.2125
15 0.7312500000000001 0.59375 0.125 0.12083333333333333
14 0.853125 0.5510416666666667 0.146875 0.18541666666666667
3 0.915625 0.40520833333333334 0.15937500000000002 0.06458333333333333
20 0.81015625 0.4083333333333333 0.060937500000000006 0.20416666666666666
3 0.9375 0.5729166666666666 0.12187500000000001 0.0875
11 0.89765625 0.48333333333333334 0.1234375 0.1
