19 0.503125 0.834375 0.253125 0.24791666666666667
16 0.34218750000000003 0.7458333333333333 0.05 0.12916666666666665
4 0.42265625 0.6385416666666667 0.07968750000000001 0.05625
2 0.5859375 0.5833333333333334 0.13125 0.05
5 0.50234375 0.5583333333333333 0.08281250000000001 0.04583333333333333
23 0.6109375 0.534375 0.096875 0.052083333333333336
13 0.56640625 0.48020833333333335 0.0921875 0.035416666666666666
3 0.6039062500000001 0.6864583333333333 0.2671875 0.18541666666666667
0 0.20078125000000002 0.7833333333333333 0.2234375 0.24166666666666667
15 0.24765625000000002 0.596875 0.1234375 0.12291666666666666
14 0.35078125000000004 0.5229166666666667 0.1453125 0.175
3 0.37812500000000004 0.37916666666666665 0.1375 0.0625
7 0.5046875000000001 0.41041666666666665 0.215625 0.09583333333333333
20 0.28515625 0.40520833333333334 0.0890625 0.20625
3 0.46953125 0.5135416666666667 0.1953125 0.10625
11 0.38125000000000003 0.45416666666666666 0.109375 0.08333333333333333
6 0.5421875 0.38229166666666664 0.05625 0.027083333333333334
26 0.56171875 0.3614583333333333 0.0203125 0.014583333333333334
