19 0.43125 0.8364583333333333 0.253125 0.24791666666666667
16 0.26484375 0.7614583333333333 0.051562500000000004 0.13125
4 0.34453125 0.646875 0.07968750000000001 0.05625
2 0.509375 0.58125 0.13125 0.05
5 0.42421875000000003 0.5604166666666667 0.08281250000000001 0.04583333333333333
23 0.5328125 0.5322916666666666 0.096875 0.052083333333333336
13 0.48828125 0.48020833333333335 0.0921875 0.035416666666666666
3 0.52578125 0.68125 0.26406250000000003 0.17916666666666667
0 0.1171875 0.8072916666666666 0.234375 0.24375
15 0.15859375 0.6145833333333334 0.1328125 0.125
14 0.27265625 0.53125 0.1453125 0.175
3 0.30000000000000004 0.38125 0.1375 0.0625
7 0.4265625 0.4125 0.215625 0.09583333333333333
20 0.20703125 0.41354166666666664 0.0890625 0.20625
3 0.39140625 0.5177083333333333 0.1953125 0.10625
11 0.30312500000000003 0.46249999999999997 0.109375 0.08333333333333333
