0 0.8015625000000001 0.9072916666666666 0.265625 0.18541666666666667
29 0.60546875 0.74375 0.1234375 0.0625
44 0.7585937500000001 0.7322916666666667 0.0671875 0.04375
32 0.6859375000000001 0.6177083333333333 0.07500000000000001 0.06458333333333333
50 0.525 0.6010416666666667 0.06875 0.11875
33 0.37343750000000003 0.646875 0.053125000000000006 0.17708333333333334
43 0.48359375000000004 0.7552083333333334 0.1078125 0.04791666666666666
47 0.41875 0.8875 0.1625 0.18333333333333332
30 0.2859375 0.6302083333333334 0.115625 0.16458333333333333
25 0.1875 0.75625 0.053125000000000006 0.075
24 0.21796875000000002 0.9114583333333334 0.11406250000000001 0.08958333333333333
17 0.11406250000000001 0.66875 0.07500000000000001 0.1
48 0.11171875 0.8479166666666667 0.0546875 0.058333333333333334
33 0.032031250000000004 0.5635416666666666 0.060937500000000006 0.15625
46 0.02734375 0.68125 0.051562500000000004 0.09583333333333333
