0 0.87265625 0.9197916666666667 0.2546875 0.16041666666666665
29 0.6804687500000001 0.753125 0.1234375 0.05625
44 0.8390625 0.7541666666666667 0.06875 0.04583333333333333
32 0.765625 0.6302083333333334 0.078125 0.06458333333333333
50 0.6046875 0.6052083333333333 0.06875 0.11875
33 0.45390625 0.64375 0.051562500000000004 0.175
43 0.55859375 0.7552083333333334 0.1078125 0.04791666666666666
47 0.48984375 0.88125 0.16718750000000002 0.18333333333333332
30 0.36484375 0.6229166666666667 0.1171875 0.1625
25 0.26875 0.7354166666666666 0.053125000000000006 0.07083333333333333
24 0.29609375 0.8916666666666666 0.1078125 0.0875
17 0.2015625 0.6458333333333334 0.07187500000000001 0.09583333333333333
48 0.1953125 0.8197916666666667 0.05 0.04791666666666666
33 0.12109375 0.5395833333333333 0.0703125 0.15
46 0.10390625 0.6510416666666666 0.07968750000000001 0.09375
29 0.07187500000000001 0.7916666666666666 0.11875000000000001 0.10416666666666667
18 0.0859375 0.8958333333333334 0.15000000000000002 0.0625
