29 0.7203125 0.7604166666666666 0.13125 0.0625
44 0.8875000000000001 0.7666666666666666 0.078125 0.04583333333333333
32 0.8109375000000001 0.6375 0.084375 0.0625
50 0.6429687500000001 0.609375 0.0734375 0.11875
33 0.48984375 0.6416666666666666 0.045312500000000006 0.175
43 0.59375 0.7572916666666667 0.1125 0.04791666666666666
47 0.52578125 0.8791666666666667 0.16718750000000002 0.18333333333333332
30 0.40546875000000004 0.6145833333333334 0.1171875 0.15
25 0.30859375 0.7260416666666667 0.051562500000000004 0.06875
24 0.33359375 0.8833333333333333 0.1078125 0.0875
17 0.24453125 0.6364583333333333 0.0703125 0.09375
48 0.234375 0.8072916666666666 0.05 0.04791666666666666
33 0.16640625 0.5302083333333333 0.06406250000000001 0.14791666666666667
46 0.15000000000000002 0.640625 0.078125 0.09375
29 0.11875000000000001 0.7739583333333333 0.11875000000000001 0.09791666666666667
18 0.12812500000000002 0.8802083333333334 0.14375000000000002 0.06041666666666667
16 0.046875 0.6447916666666667 0.07187500000000001 0.06875
29 0.041406250000000006 0.5677083333333334 0.0234375 0.03125
