0 0.7640625000000001 0.9020833333333333 0.259375 0.19583333333333333
29 0.56796875 0.7416666666666667 0.1234375 0.0625
44 0.71875 0.7229166666666667 0.065625 0.04583333333333333
32 0.6453125000000001 0.6135416666666667 0.07187500000000001 0.06458333333333333
50 0.48281250000000003 0.6010416666666667 0.07187500000000001 0.12291666666666666
33 0.33437500000000003 0.6552083333333333 0.05625 0.18125
43 0.44609375 0.75625 0.1046875 0.05
47 0.39140625 0.88125 0.1421875 0.1875
30 0.24531250000000002 0.6385416666666667 0.11875000000000001 0.16875
25 0.14609375 0.7697916666666667 0.0578125 0.07708333333333334
24 0.18046875 0.9260416666666667 0.11406250000000001 0.08958333333333333
17 0.06875 0.68125 0.078125 0.1
48 0.06953125 0.86875 0.0546875 0.058333333333333334
