0 0.7265625 0.896875 0.253125 0.20208333333333334
29 0.5320312500000001 0.740625 0.1265625 0.08125
44 0.6828125 0.7135416666666666 0.059375000000000004 0.04791666666666666
32 0.6062500000000001 0.609375 0.07187500000000001 0.06458333333333333
50 0.4453125 0.603125 0.07187500000000001 0.12291666666666666
33 0.29531250000000003 0.6614583333333334 0.059375000000000004 0.18125
43 0.40859375000000003 0.7625 0.11093750000000001 0.058333333333333334
47 0.35546875 0.8895833333333333 0.1421875 0.1875
30 0.2015625 0.646875 0.115625 0.17708333333333334
25 0.09765625 0.784375 0.0578125 0.07708333333333334
24 0.140625 0.9406249999999999 0.11875000000000001 0.08541666666666667
17 0.032031250000000004 0.6979166666666666 0.06406250000000001 0.10833333333333334
48 0.02734375 0.8885416666666667 0.0484375 0.052083333333333336
