42 0.4625 0.6291666666666667 0.043750000000000004 0.06666666666666667
23 0.5640625 0.66875 0.10312500000000001 0.058333333333333334
19 0.43046875 0.5270833333333333 0.1765625 0.10416666666666667
32 0.39375000000000004 0.7322916666666667 0.109375 0.08541666666666667
27 0.33437500000000003 0.6666666666666666 0.084375 0.09166666666666666
36 0.31015625 0.4114583333333333 0.029687500000000002 0.04375
22 0.2859375 0.584375 0.0625 0.06458333333333333
20 0.29921875000000003 0.32708333333333334 0.0484375 0.13333333333333333
17 0.27578125000000003 0.503125 0.0484375 0.06458333333333333
11 0.27734375 0.4739583333333333 0.2015625 0.06041666666666667
45 0.2078125 0.7510416666666666 0.05625 0.07708333333333334
23 0.23984375000000002 0.8604166666666666 0.1453125 0.09166666666666666
4 0.20390625 0.4322916666666667 0.0484375 0.027083333333333334
43 0.16953125000000002 0.5010416666666666 0.0390625 0.06458333333333333
44 0.14765625000000002 0.6104166666666666 0.08281250000000001 0.05416666666666667
28 0.12890625 0.4822916666666667 0.0390625 0.052083333333333336
6 0.13515625 0.42916666666666664 0.045312500000000006 0.03333333333333333
