42 0.4234375 0.63125 0.043750000000000004 0.06666666666666667
23 0.52578125 0.6666666666666666 0.1015625 0.05
19 0.390625 0.5302083333333333 0.178125 0.10625
32 0.35625 0.7333333333333333 0.1125 0.0875
27 0.29296875 0.671875 0.08281250000000001 0.09375
36 0.26640625 0.41562499999999997 0.029687500000000002 0.04375
22 0.240625 0.5895833333333333 0.065625 0.06666666666666667
20 0.25546875 0.3302083333333333 0.0484375 0.13125
17 0.23515625 0.5072916666666667 0.051562500000000004 0.06458333333333333
11 0.23359375000000002 0.475 0.2109375 0.05416666666666667
45 0.1640625 0.7614583333333333 0.059375000000000004 0.07708333333333334
23 0.19843750000000002 0.871875 0.15000000000000002 0.10208333333333333
4 0.15859375 0.43854166666666666 0.0546875 0.027083333333333334
43 0.12187500000000001 0.509375 0.043750000000000004 0.06458333333333333
44 0.09531250000000001 0.6239583333333333 0.08750000000000001 0.05625
28 0.07968750000000001 0.48854166666666665 0.040625 0.05625
