42 0.33671875 0.6385416666666667 0.051562500000000004 0.07291666666666667
23 0.44921875 0.6677083333333333 0.1078125 0.06458333333333333
19 0.30546875 0.5416666666666666 0.1859375 0.11666666666666667
32 0.2765625 0.7479166666666667 0.12187500000000001 0.08333333333333333
27 0.21171875 0.6916666666666667 0.0890625 0.1
36 0.17578125 0.425 0.0328125 0.04583333333333333
22 0.15781250000000002 0.6083333333333333 0.06875 0.06666666666666667
20 0.16328125000000002 0.34375 0.0578125 0.14583333333333334
17 0.14375000000000002 0.5270833333333333 0.05 0.06666666666666667
11 0.14296875 0.4927083333333333 0.2171875 0.05625
45 0.078125 0.79375 0.0625 0.08333333333333333
23 0.11875000000000001 0.9041666666666667 0.153125 0.12083333333333333
4 0.06015625 0.4552083333333333 0.0546875 0.027083333333333334
43 0.02734375 0.5322916666666666 0.045312500000000006 0.06875
44 0.028125 0.6416666666666666 0.05 0.04583333333333333
