42 0.7203125 0.6447916666666667 0.046875 0.06875
23 0.8328125000000001 0.7125 0.115625 0.075
19 0.703125 0.5385416666666667 0.1875 0.12291666666666666
32 0.640625 0.7354166666666666 0.109375 0.10833333333333334
27 0.5867187500000001 0.6541666666666667 0.08281250000000001 0.08333333333333333
36 0.58828125 0.403125 0.029687500000000002 0.03958333333333333
22 0.54921875 0.56875 0.0546875 0.07083333333333333
20 0.58359375 0.3229166666666667 0.0328125 0.12916666666666665
17 0.5484375 0.4875 0.043750000000000004 0.0625
11 0.55390625 0.4614583333333333 0.18906250000000002 0.07291666666666667
45 0.46718750000000003 0.7104166666666667 0.05 0.06666666666666667
23 0.48671875000000003 0.8197916666666667 0.13593750000000002 0.08541666666666667
4 0.48750000000000004 0.41041666666666665 0.046875 0.025
43 0.45 0.4739583333333333 0.034375 0.06041666666666667
44 0.42890625000000004 0.5666666666666667 0.06406250000000001 0.0375
28 0.41875 0.44479166666666664 0.037500000000000006 0.052083333333333336
6 0.42734375 0.4 0.0390625 0.03333333333333333
