42 0.5375 0.628125 0.043750000000000004 0.06875
23 0.6414062500000001 0.675 0.1046875 0.058333333333333334
19 0.5109375 0.5260416666666666 0.178125 0.10625
32 0.46953125 0.7291666666666666 0.1078125 0.0875
27 0.41250000000000003 0.6583333333333333 0.084375 0.09166666666666666
36 0.39375000000000004 0.40208333333333335 0.028125 0.041666666666666664
22 0.3671875 0.5739583333333333 0.059375000000000004 0.06458333333333333
20 0.3875 0.3229166666666667 0.046875 0.13333333333333333
17 0.36015625 0.49374999999999997 0.045312500000000006 0.0625
11 0.36328125 0.46458333333333335 0.1921875 0.06666666666666667
45 0.2890625 0.7291666666666666 0.05625 0.075
23 0.31796875 0.8375 0.1421875 0.0875
4 0.2921875 0.421875 0.05 0.027083333333333334
43 0.259375 0.4895833333333333 0.037500000000000006 0.0625
44 0.23515625 0.5916666666666667 0.07968750000000001 0.05
28 0.22109375 0.465625 0.0390625 0.052083333333333336
6 0.22734375 0.41770833333333335 0.0421875 0.03958333333333333
