41 0.7406250000000001 0.8135416666666666 0.184375 0.15625
8 0.8625 0.6854166666666667 0.059375000000000004 0.09166666666666666
30 0.73359375 0.5375 0.15781250000000002 0.24583333333333332
29 0.64609375 0.6791666666666667 0.1171875 0.075
5 0.94921875 0.6458333333333334 0.09843750000000001 0.06666666666666667
33 0.5015625 0.7604166666666666 0.059375000000000004 0.225
20 0.4734375 0.48020833333333335 0.15000000000000002 0.3229166666666667
27 0.42421875000000003 0.6916666666666667 0.0734375 0.09166666666666666
37 0.32890625 0.8114583333333333 0.0734375 0.09791666666666667
13 0.28203125 0.70625 0.11093750000000001 0.05
26 0.27265625 0.5708333333333333 0.035937500000000004 0.025
26 0.34687500000000004 0.9364583333333333 0.053125000000000006 0.05625
5 0.15546875000000002 0.528125 0.026562500000000003 0.04791666666666666
36 0.1625 0.47291666666666665 0.043750000000000004 0.058333333333333334
37 0.1375 0.6104166666666666 0.053125000000000006 0.07083333333333333
32 0.09140625000000001 0.7552083333333334 0.0578125 0.12708333333333333
