2 0.9148437500000001 0.7645833333333333 0.1078125 0.1125
11 0.82421875 0.93125 0.3453125 0.12916666666666665
41 0.6296875000000001 0.7927083333333333 0.171875 0.14791666666666667
8 0.7390625000000001 0.6572916666666666 0.053125000000000006 0.08541666666666667
30 0.6117187500000001 0.5260416666666666 0.1390625 0.23124999999999998
29 0.5359375000000001 0.6708333333333333 0.109375 0.0625
5 0.8304687500000001 0.6177083333333333 0.11406250000000001 0.06875
33 0.39687500000000003 0.76875 0.0625 0.225
20 0.353125 0.484375 0.15937500000000002 0.32708333333333334
27 0.309375 0.7020833333333333 0.07500000000000001 0.09166666666666666
37 0.215625 0.8395833333333333 0.078125 0.10416666666666667
13 0.16328125000000002 0.7333333333333333 0.1203125 0.058333333333333334
26 0.14765625000000002 0.5947916666666666 0.035937500000000004 0.027083333333333334
26 0.24140625000000002 0.9666666666666667 0.0578125 0.058333333333333334
5 0.017968750000000002 0.5614583333333333 0.029687500000000002 0.05625
36 0.025 0.49895833333333334 0.05 0.06458333333333333
