41 0.7796875000000001 0.8260416666666667 0.184375 0.15625
8 0.90234375 0.696875 0.0578125 0.08958333333333333
30 0.77265625 0.5416666666666666 0.15781250000000002 0.24583333333333332
29 0.68359375 0.6833333333333333 0.1171875 0.075
33 0.53671875 0.7604166666666666 0.0578125 0.225
20 0.5125000000000001 0.48020833333333335 0.15000000000000002 0.3229166666666667
27 0.46015625000000004 0.6875 0.0734375 0.09166666666666666
37 0.36484375 0.803125 0.0734375 0.09791666666666667
13 0.32109375 0.6979166666666666 0.11093750000000001 0.05
26 0.31328125 0.5635416666666666 0.0328125 0.022916666666666665
26 0.38125000000000003 0.928125 0.053125000000000006 0.05625
5 0.19921875 0.5208333333333334 0.026562500000000003 0.05
36 0.20625000000000002 0.465625 0.043750000000000004 0.05625
37 0.18203125 0.6 0.051562500000000004 0.06666666666666667
32 0.13359375 0.740625 0.051562500000000004 0.12291666666666666
27 0.08359375000000001 0.5864583333333333 0.07968750000000001 0.035416666666666666
