2 0.79296875 0.7302083333333333 0.1015625 0.11458333333333333
11 0.7765625 0.9020833333333333 0.446875 0.1875
41 0.52265625 0.7833333333333333 0.1703125 0.15
8 0.62265625 0.6385416666666667 0.0546875 0.08541666666666667
30 0.4921875 0.5197916666666667 0.1375 0.21875
29 0.42734375 0.6739583333333333 0.11406250000000001 0.052083333333333336
5 0.7054687500000001 0.59375 0.1046875 0.05416666666666667
33 0.28671875 0.7875 0.08281250000000001 0.2375
20 0.22890625 0.5010416666666666 0.1859375 0.3520833333333333
27 0.19140625 0.7260416666666667 0.07968750000000001 0.09791666666666667
37 0.0921875 0.8833333333333333 0.08750000000000001 0.1125
