41 0.81796875 0.8302083333333333 0.1953125 0.16458333333333333
8 0.9515625000000001 0.7114583333333333 0.065625 0.09375
30 0.81796875 0.5510416666666667 0.1703125 0.2520833333333333
29 0.7234375000000001 0.6916666666666667 0.11875000000000001 0.07916666666666666
33 0.571875 0.7625 0.05625 0.225
20 0.5515625000000001 0.48020833333333335 0.15000000000000002 0.3229166666666667
27 0.49609375 0.6875 0.0734375 0.09166666666666666
37 0.40078125000000003 0.7989583333333333 0.0734375 0.09791666666666667
13 0.35781250000000003 0.6916666666666667 0.10625000000000001 0.0375
26 0.35234375 0.5604166666666667 0.0328125 0.020833333333333332
26 0.415625 0.9239583333333333 0.053125000000000006 0.05625
5 0.24140625000000002 0.5135416666666667 0.026562500000000003 0.04791666666666666
36 0.25078125 0.459375 0.0421875 0.05625
37 0.2234375 0.590625 0.05 0.06458333333333333
32 0.17578125 0.728125 0.0484375 0.11875
27 0.12890625 0.5760416666666667 0.07968750000000001 0.035416666666666666
