46 0.359375 0.5572916666666666 0.059375000000000004 0.10625
17 0.20546875 0.5552083333333333 0.060937500000000006 0.08958333333333333
14 0.25 0.47604166666666664 0.14375000000000002 0.11875
18 0.1234375 0.58125 0.059375000000000004 0.15416666666666667
32 0.08203125 0.78125 0.06406250000000001 0.11666666666666667
29 0.037500000000000006 0.759375 0.07500000000000001 0.10208333333333333
33 0.035937500000000004 0.5270833333333333 0.065625 0.15416666666666667
12 0.10078125 0.46458333333333335 0.0765625 0.1375
7 0.08828125 0.41770833333333335 0.1265625 0.14375
9 0.07968750000000001 0.30625 0.07187500000000001 0.1125
50 0.03125 0.3833333333333333 0.0625 0.058333333333333334
48 0.19062500000000002 0.734375 0.040625 0.03958333333333333
48 0.24531250000000002 0.6635416666666667 0.043750000000000004 0.022916666666666665
22 0.015625 0.4375 0.03125 0.041666666666666664
