46 0.478125 0.5510416666666667 0.059375000000000004 0.10625
17 0.33203125 0.5375 0.0578125 0.08333333333333333
14 0.37343750000000003 0.46458333333333335 0.1375 0.11666666666666667
18 0.2484375 0.54375 0.0625 0.17083333333333334
32 0.21171875 0.7395833333333334 0.060937500000000006 0.1125
29 0.15234375 0.7135416666666666 0.1046875 0.08958333333333333
33 0.17734375000000002 0.4979166666666667 0.0578125 0.14166666666666666
12 0.23750000000000002 0.44166666666666665 0.065625 0.12083333333333333
7 0.22812500000000002 0.4041666666666667 0.12187500000000001 0.14583333333333334
9 0.2234375 0.29270833333333335 0.059375000000000004 0.09791666666666667
50 0.17265625 0.3645833333333333 0.0734375 0.05416666666666667
48 0.3125 0.70625 0.040625 0.041666666666666664
48 0.36484375 0.64375 0.0390625 0.025
22 0.1546875 0.4114583333333333 0.05 0.04375
29 0.11328125 0.4614583333333333 0.0671875 0.04375
16 0.1171875 0.5 0.084375 0.058333333333333334
49 0.11406250000000001 0.5947916666666666 0.065625 0.15625
24 0.09921875000000001 0.3958333333333333 0.0328125 0.0375
43 0.109375 0.5354166666666667 0.07500000000000001 0.06666666666666667
30 0.029687500000000002 0.48333333333333334 0.059375000000000004 0.09583333333333333
