46 0.4390625 0.553125 0.059375000000000004 0.10625
17 0.29140625000000003 0.5427083333333333 0.060937500000000006 0.08541666666666667
14 0.33125000000000004 0.4666666666666667 0.140625 0.1125
18 0.20703125 0.5520833333333334 0.06406250000000001 0.175
32 0.16875 0.7520833333333333 0.065625 0.1125
29 0.10859375 0.7270833333333333 0.11093750000000001 0.0875
33 0.13125 0.5083333333333333 0.059375000000000004 0.14583333333333334
12 0.19375 0.45 0.07187500000000001 0.125
7 0.18281250000000002 0.4114583333333333 0.12812500000000002 0.15208333333333332
9 0.1765625 0.296875 0.0625 0.10208333333333333
50 0.12421875 0.37083333333333335 0.0734375 0.05416666666666667
48 0.27265625 0.7135416666666666 0.0390625 0.03958333333333333
48 0.32578125 0.6489583333333333 0.0390625 0.022916666666666665
22 0.10625000000000001 0.42083333333333334 0.05 0.041666666666666664
29 0.06484375 0.46979166666666666 0.0671875 0.04375
16 0.0671875 0.509375 0.084375 0.05625
49 0.06953125 0.6072916666666667 0.0703125 0.15625
24 0.05 0.40625 0.03125 0.0375
43 0.06406250000000001 0.5458333333333333 0.07500000000000001 0.06666666666666667
