46 0.9656250000000001 0.61875 0.0625 0.12083333333333333
17 0.7992187500000001 0.553125 0.06406250000000001 0.08541666666666667
14 0.85859375 0.503125 0.15781250000000002 0.13125
18 0.7210937500000001 0.5375 0.051562500000000004 0.16666666666666666
32 0.6507812500000001 0.70625 0.0546875 0.1
29 0.6039062500000001 0.6625 0.09531250000000001 0.06666666666666667
33 0.65390625 0.475 0.0328125 0.1375
12 0.71875 0.4354166666666667 0.05625 0.12083333333333333
7 0.71875 0.390625 0.10312500000000001 0.12708333333333333
9 0.7312500000000001 0.28541666666666665 0.05 0.1
50 0.665625 0.35 0.059375000000000004 0.05416666666666667
48 0.7507812500000001 0.7145833333333333 0.0328125 0.041666666666666664
48 0.8148437500000001 0.6729166666666666 0.0421875 0.020833333333333332
22 0.64375 0.390625 0.040625 0.03125
29 0.603125 0.4270833333333333 0.059375000000000004 0.0375
16 0.596875 0.4666666666666667 0.07500000000000001 0.041666666666666664
49 0.5859375 0.5458333333333333 0.046875 0.14166666666666666
24 0.59765625 0.365625 0.026562500000000003 0.035416666666666666
43 0.5890625 0.49374999999999997 0.06875 0.04583333333333333
30 0.52109375 0.428125 0.060937500000000006 0.07708333333333334
0 0.503125 0.36354166666666665 0.096875 0.08541666666666667
