46 0.63828125 0.5572916666666666 0.0578125 0.11041666666666666
17 0.49062500000000003 0.5270833333333333 0.05625 0.08333333333333333
14 0.5359375000000001 0.4635416666666667 0.134375 0.11875
18 0.4140625 0.525 0.053125000000000006 0.17083333333333334
32 0.36953125000000003 0.7072916666666667 0.0546875 0.10208333333333333
29 0.3171875 0.675 0.096875 0.07916666666666666
33 0.34921875 0.47604166666666664 0.045312500000000006 0.13958333333333334
12 0.4078125 0.428125 0.059375000000000004 0.12291666666666666
7 0.40234375 0.3885416666666667 0.1078125 0.13541666666666666
9 0.40156250000000004 0.28229166666666666 0.053125000000000006 0.09791666666666667
50 0.3484375 0.3489583333333333 0.0625 0.052083333333333336
48 0.46484375 0.6895833333333333 0.035937500000000004 0.041666666666666664
48 0.5164062500000001 0.6364583333333333 0.0390625 0.01875
22 0.3328125 0.3927083333333333 0.043750000000000004 0.035416666666666666
29 0.29531250000000003 0.4354166666666667 0.059375000000000004 0.0375
16 0.29375 0.47291666666666665 0.07500000000000001 0.04583333333333333
49 0.28828125 0.559375 0.0578125 0.14791666666666667
24 0.2828125 0.37604166666666666 0.03125 0.035416666666666666
43 0.284375 0.5072916666666667 0.07187500000000001 0.05625
30 0.2078125 0.44687499999999997 0.07187500000000001 0.08958333333333333
0 0.18046875 0.3833333333333333 0.1078125 0.09166666666666666
