46 0.5578125 0.5510416666666667 0.059375000000000004 0.10625
17 0.41328125000000004 0.5302083333333333 0.0578125 0.08541666666666667
14 0.4546875 0.46249999999999997 0.134375 0.1125
18 0.33125000000000004 0.53125 0.059375000000000004 0.17083333333333334
32 0.29140625000000003 0.7229166666666667 0.0546875 0.10416666666666667
29 0.23593750000000002 0.6927083333333334 0.1 0.08125
33 0.26328125 0.48541666666666666 0.051562500000000004 0.14166666666666666
12 0.32421875 0.4322916666666667 0.06406250000000001 0.11875
7 0.31796875 0.39166666666666666 0.11406250000000001 0.13333333333333333
9 0.3140625 0.284375 0.053125000000000006 0.09791666666666667
50 0.2609375 0.3541666666666667 0.065625 0.05416666666666667
48 0.39140625 0.696875 0.0390625 0.03958333333333333
48 0.44140625 0.6385416666666667 0.0390625 0.01875
22 0.24531250000000002 0.40208333333333335 0.043750000000000004 0.0375
29 0.20546875 0.4458333333333333 0.060937500000000006 0.0375
16 0.20703125 0.48541666666666666 0.0765625 0.05
49 0.19843750000000002 0.575 0.059375000000000004 0.15
24 0.19140625 0.384375 0.0328125 0.035416666666666666
43 0.2015625 0.51875 0.07187500000000001 0.058333333333333334
30 0.115625 0.46458333333333335 0.078125 0.09166666666666666
0 0.08671875000000001 0.396875 0.11406250000000001 0.09791666666666667
