46 0.8984375 0.6010416666666667 0.065625 0.11875
17 0.7359375 0.5416666666666666 0.059375000000000004 0.08333333333333333
14 0.78828125 0.4875 0.15156250000000002 0.12916666666666665
18 0.6546875000000001 0.53125 0.05 0.16666666666666666
32 0.59609375 0.7 0.0546875 0.1
29 0.5476562500000001 0.6604166666666667 0.09843750000000001 0.07083333333333333
33 0.5906250000000001 0.471875 0.040625 0.13958333333333334
12 0.65546875 0.4302083333333333 0.0546875 0.12291666666666666
7 0.65234375 0.3875 0.1015625 0.125
9 0.6570312500000001 0.284375 0.0484375 0.09791666666666667
50 0.6023437500000001 0.3458333333333333 0.060937500000000006 0.05
48 0.6937500000000001 0.7041666666666666 0.034375 0.041666666666666664
48 0.75390625 0.659375 0.0421875 0.022916666666666665
22 0.58046875 0.3885416666666667 0.0421875 0.03125
29 0.5398437500000001 0.4270833333333333 0.060937500000000006 0.0375
16 0.5398437500000001 0.46249999999999997 0.0765625 0.041666666666666664
49 0.5281250000000001 0.5458333333333333 0.05 0.14166666666666666
24 0.5359375000000001 0.3645833333333333 0.028125 0.03333333333333333
43 0.53125 0.4927083333333333 0.06875 0.04791666666666666
30 0.46328125000000003 0.4270833333333333 0.060937500000000006 0.07916666666666666
0 0.44140625 0.365625 0.09843750000000001 0.08541666666666667
