46 0.596875 0.5510416666666667 0.059375000000000004 0.10625
17 0.45156250000000003 0.5270833333333333 0.05625 0.08333333333333333
14 0.49375 0.46249999999999997 0.134375 0.1125
18 0.36953125000000003 0.5270833333333333 0.0578125 0.17083333333333334
32 0.33046875000000003 0.7145833333333333 0.0546875 0.10416666666666667
29 0.27578125000000003 0.684375 0.09843750000000001 0.08125
33 0.30546875 0.48125 0.051562500000000004 0.14166666666666666
12 0.36328125 0.428125 0.06406250000000001 0.11875
7 0.3609375 0.3875 0.1125 0.13333333333333333
9 0.35859375000000004 0.284375 0.0546875 0.09791666666666667
50 0.30546875 0.35104166666666664 0.06406250000000001 0.05625
48 0.42890625000000004 0.6927083333333334 0.0390625 0.03958333333333333
48 0.47890625000000003 0.6364583333333333 0.0390625 0.01875
22 0.2890625 0.39791666666666664 0.043750000000000004 0.0375
29 0.24531250000000002 0.4427083333333333 0.059375000000000004 0.035416666666666666
16 0.25078125 0.4791666666666667 0.0765625 0.05
49 0.23750000000000002 0.5666666666666667 0.059375000000000004 0.15
24 0.23750000000000002 0.3802083333333333 0.03125 0.035416666666666666
43 0.24375000000000002 0.5125 0.07187500000000001 0.058333333333333334
30 0.1625 0.45625 0.078125 0.09166666666666666
0 0.13515625 0.390625 0.11406250000000001 0.09791666666666667
