46 0.4 0.5552083333333333 0.059375000000000004 0.10625
17 0.24921875000000002 0.5489583333333333 0.060937500000000006 0.08541666666666667
14 0.29140625000000003 0.471875 0.1421875 0.11458333333333333
18 0.16640625 0.5697916666666667 0.0546875 0.15625
32 0.1265625 0.7645833333333333 0.0625 0.1125
29 0.06328125 0.7416666666666667 0.1078125 0.0875
33 0.08515625 0.5166666666666666 0.060937500000000006 0.15
12 0.14921875 0.459375 0.0765625 0.13541666666666666
7 0.13593750000000002 0.4197916666666667 0.12812500000000002 0.15625
9 0.12734375 0.30104166666666665 0.06406250000000001 0.10625
50 0.07265625 0.37604166666666666 0.0734375 0.05625
48 0.23359375000000002 0.7239583333333334 0.0390625 0.03958333333333333
48 0.28671875 0.6552083333333333 0.0390625 0.022916666666666665
22 0.0578125 0.428125 0.053125000000000006 0.04375
29 0.025 0.4791666666666667 0.05 0.05
16 0.030468750000000003 0.5166666666666666 0.060937500000000006 0.05
49 0.02890625 0.6177083333333333 0.0578125 0.16458333333333333
