46 0.8078125 0.58125 0.0625 0.1125
17 0.65 0.5333333333333333 0.059375000000000004 0.08333333333333333
14 0.7015625000000001 0.4770833333333333 0.14375000000000002 0.125
18 0.5734375 0.525 0.05 0.16666666666666666
32 0.52109375 0.6979166666666666 0.0546875 0.1
29 0.47265625 0.659375 0.09531250000000001 0.07291666666666667
33 0.5109375 0.46979166666666666 0.037500000000000006 0.13541666666666666
12 0.5703125 0.428125 0.05625 0.12291666666666666
7 0.5710937500000001 0.3833333333333333 0.09843750000000001 0.12916666666666665
9 0.57421875 0.28020833333333334 0.0484375 0.09791666666666667
50 0.5164062500000001 0.34479166666666666 0.060937500000000006 0.052083333333333336
48 0.6156250000000001 0.69375 0.034375 0.041666666666666664
48 0.66953125 0.646875 0.0390625 0.01875
22 0.49843750000000003 0.3875 0.043750000000000004 0.03333333333333333
29 0.45937500000000003 0.425 0.059375000000000004 0.0375
16 0.46015625000000004 0.4614583333333333 0.0734375 0.04375
49 0.44921875 0.5447916666666667 0.051562500000000004 0.14375
24 0.45156250000000003 0.365625 0.028125 0.035416666666666666
43 0.446875 0.4927083333333333 0.065625 0.052083333333333336
30 0.38046875 0.4302083333333333 0.060937500000000006 0.08125
0 0.35703125 0.36875 0.09843750000000001 0.09166666666666666
