0 0.7601562500000001 0.8937499999999999 0.2703125 0.2125
25 0.62421875 0.7270833333333333 0.0578125 0.0625
3 0.7445312500000001 0.665625 0.2265625 0.17291666666666666
10 0.8921875 0.7260416666666667 0.07500000000000001 0.15625
12 0.9226562500000001 0.6260416666666666 0.1546875 0.10625
6 0.55859375 0.825 0.0421875 0.14583333333333334
9 0.53125 0.5322916666666666 0.1 0.24375
3 0.434375 0.7458333333333333 0.284375 0.22083333333333333
11 0.41796875 0.5572916666666666 0.1078125 0.13125
6 0.32578125 0.59375 0.07968750000000001 0.06666666666666667
3 0.29531250000000003 0.5229166666666667 0.140625 0.10416666666666667
26 0.2484375 0.715625 0.037500000000000006 0.027083333333333334
22 0.21640625000000002 0.6010416666666667 0.0484375 0.08958333333333333
5 0.16875 0.590625 0.040625 0.06875
24 0.15078125 0.7125 0.0421875 0.058333333333333334
23 0.05859375 0.665625 0.0703125 0.10208333333333333
