0 0.41171875 0.875 0.2609375 0.2375
25 0.259375 0.7510416666666666 0.0625 0.06458333333333333
3 0.36328125 0.65 0.2265625 0.17916666666666667
7 0.73359375 0.8114583333333333 0.2984375 0.36875
2 0.7953125000000001 0.7229166666666667 0.08125 0.125
10 0.5007812500000001 0.6666666666666666 0.051562500000000004 0.15
1 0.609375 0.5770833333333333 0.046875 0.14583333333333334
8 0.6765625000000001 0.5520833333333334 0.059375000000000004 0.075
12 0.5320312500000001 0.5614583333333333 0.1296875 0.09791666666666667
4 0.77734375 0.603125 0.0765625 0.06041666666666667
4 0.68515625 0.9614583333333333 0.09843750000000001 0.07708333333333334
6 0.2015625 0.8781249999999999 0.03125 0.16041666666666665
9 0.13125 0.5729166666666666 0.13125 0.2708333333333333
3 0.10312500000000001 0.8427083333333333 0.20625000000000002 0.26875
