0 0.5906250000000001 0.8822916666666667 0.25625000000000003 0.23124999999999998
25 0.45156250000000003 0.721875 0.05625 0.06041666666666667
3 0.55859375 0.6427083333333333 0.22031250000000002 0.16875
7 0.8914062500000001 0.8375 0.2171875 0.3208333333333333
10 0.69453125 0.6833333333333333 0.0546875 0.15
1 0.8140625 0.6072916666666667 0.05625 0.14791666666666667
8 0.89609375 0.5895833333333333 0.06406250000000001 0.07916666666666666
12 0.7289062500000001 0.5822916666666667 0.1296875 0.09375
6 0.39296875000000003 0.8333333333333334 0.0328125 0.15416666666666667
9 0.34687500000000004 0.5354166666666667 0.10312500000000001 0.25416666666666665
3 0.2546875 0.7770833333333333 0.30000000000000004 0.24583333333333332
11 0.22812500000000002 0.58125 0.1125 0.14583333333333334
6 0.1234375 0.6333333333333333 0.08750000000000001 0.075
3 0.08671875000000001 0.5604166666666667 0.15156250000000002 0.125
26 0.049218750000000006 0.7760416666666666 0.0421875 0.035416666666666666
