0 0.6640625 0.8864583333333333 0.2625 0.22708333333333333
25 0.5265625 0.7197916666666666 0.05625 0.06041666666666667
3 0.6390625000000001 0.646875 0.22187500000000002 0.16875
10 0.77734375 0.6958333333333333 0.06406250000000001 0.15416666666666667
1 0.91015625 0.6270833333333333 0.0671875 0.1625
12 0.8210937500000001 0.6 0.1453125 0.1
6 0.46640625 0.825 0.0328125 0.15416666666666667
9 0.42812500000000003 0.53125 0.1 0.24583333333333332
3 0.33046875000000003 0.7635416666666667 0.2984375 0.24375
11 0.3140625 0.5666666666666667 0.109375 0.13333333333333333
6 0.21250000000000002 0.609375 0.08125 0.06875
3 0.178125 0.5395833333333333 0.146875 0.11666666666666667
26 0.1328125 0.7447916666666666 0.040625 0.03125
22 0.09609375 0.628125 0.0546875 0.08958333333333333
5 0.04453125 0.61875 0.0421875 0.075
24 0.032031250000000004 0.75 0.045312500000000006 0.0625
