0 0.5171875 0.8760416666666666 0.253125 0.23958333333333334
25 0.37578125 0.73125 0.0578125 0.0625
3 0.48046875 0.64375 0.22031250000000002 0.175
7 0.84765625 0.8270833333333333 0.2890625 0.3416666666666667
2 0.9265625000000001 0.759375 0.096875 0.13958333333333334
10 0.61640625 0.6708333333333333 0.0484375 0.14583333333333334
1 0.7273437500000001 0.5895833333333333 0.0484375 0.14583333333333334
8 0.8054687500000001 0.571875 0.060937500000000006 0.07708333333333334
12 0.65 0.5697916666666667 0.12812500000000002 0.09791666666666667
4 0.9125000000000001 0.6333333333333333 0.07500000000000001 0.0625
6 0.31796875 0.8458333333333333 0.0328125 0.15416666666666667
9 0.2625 0.55 0.115625 0.2583333333333333
3 0.16953125000000002 0.8020833333333334 0.3171875 0.26666666666666666
11 0.1390625 0.6010416666666667 0.115625 0.15208333333333332
6 0.037500000000000006 0.6625 0.07500000000000001 0.0875
3 0.035937500000000004 0.5770833333333333 0.07187500000000001 0.125
