0 0.553125 0.8760416666666666 0.253125 0.23958333333333334
25 0.41328125000000004 0.7239583333333334 0.0578125 0.06041666666666667
3 0.51953125 0.640625 0.22031250000000002 0.16875
7 0.87265625 0.8322916666666667 0.2546875 0.33541666666666664
2 0.9617187500000001 0.778125 0.0765625 0.14791666666666667
10 0.6546875000000001 0.6770833333333334 0.05625 0.15
1 0.7734375 0.5979166666666667 0.05625 0.15
8 0.84921875 0.5791666666666666 0.060937500000000006 0.07916666666666666
12 0.6898437500000001 0.575 0.1296875 0.09583333333333333
4 0.9593750000000001 0.6458333333333334 0.07500000000000001 0.06666666666666667
6 0.35546875 0.8375 0.0328125 0.15416666666666667
9 0.30546875 0.5416666666666666 0.1078125 0.25416666666666665
3 0.21250000000000002 0.7854166666666667 0.309375 0.2583333333333333
11 0.184375 0.5885416666666666 0.1125 0.14375
6 0.07734375 0.6447916666666667 0.0890625 0.07708333333333334
3 0.05859375 0.5697916666666667 0.1171875 0.12708333333333333
