0 0.44765625000000003 0.8760416666666666 0.2546875 0.23958333333333334
25 0.29921875000000003 0.7427083333333333 0.0578125 0.06458333333333333
3 0.40078125000000003 0.6458333333333334 0.22031250000000002 0.175
7 0.7734375 0.81875 0.29375 0.3625
2 0.8390625 0.7364583333333333 0.09062500000000001 0.13125
10 0.5390625 0.6645833333333333 0.05 0.14583333333333334
1 0.6492187500000001 0.5791666666666666 0.0484375 0.14583333333333334
8 0.71796875 0.55625 0.060937500000000006 0.075
12 0.571875 0.5635416666666666 0.12812500000000002 0.09791666666666667
4 0.8210937500000001 0.6104166666666666 0.0734375 0.058333333333333334
6 0.2421875 0.8666666666666667 0.03125 0.15833333333333333
9 0.178125 0.5635416666666666 0.12187500000000001 0.26875
3 0.12578125 0.8312499999999999 0.2484375 0.2833333333333333
11 0.05390625 0.6229166666666667 0.1046875 0.1625
