50 0.9125000000000001 0.590625 0.06875 0.21458333333333332
12 0.8140625 0.765625 0.14375000000000002 0.18125
30 0.66171875 0.9541666666666666 0.3296875 0.0875
29 0.6257812500000001 0.796875 0.1328125 0.06458333333333333
17 0.45390625 0.7541666666666667 0.0765625 0.12083333333333333
0 0.47187500000000004 0.6427083333333333 0.146875 0.16041666666666665
9 0.6953125 0.56875 0.096875 0.2875
22 0.3328125 0.7354166666666666 0.109375 0.075
33 0.20625000000000002 0.5989583333333334 0.05 0.09791666666666667
46 0.18671875000000002 0.6802083333333333 0.0703125 0.12708333333333333
48 0.22109375 0.9395833333333333 0.0328125 0.058333333333333334
44 0.15234375 0.8385416666666666 0.08281250000000001 0.04375
16 0.10312500000000001 0.584375 0.109375 0.027083333333333334
32 0.08750000000000001 0.659375 0.07187500000000001 0.06875
24 0.36562500000000003 0.9447916666666667 0.09375 0.10625
29 0.041406250000000006 0.9145833333333333 0.08281250000000001 0.125
43 0.04296875 0.7604166666666666 0.08281250000000001 0.06666666666666667
