50 0.7328125000000001 0.5541666666666667 0.065625 0.19166666666666665
49 0.8304687500000001 0.6729166666666666 0.0671875 0.175
12 0.6531250000000001 0.7302083333333333 0.12187500000000001 0.16458333333333333
7 0.85546875 0.8760416666666666 0.2890625 0.24791666666666667
30 0.52578125 0.9385416666666666 0.3359375 0.11875
29 0.47968750000000004 0.790625 0.134375 0.08125
17 0.30390625000000004 0.775 0.07968750000000001 0.12916666666666665
0 0.31562500000000004 0.6583333333333333 0.15937500000000002 0.16666666666666666
9 0.52890625 0.55625 0.0890625 0.2791666666666667
22 0.17109375000000002 0.778125 0.1203125 0.07708333333333334
33 0.02890625 0.646875 0.0546875 0.10625
46 0.02421875 0.7354166666666666 0.0484375 0.14166666666666666
