12 0.9007812500000001 0.7927083333333333 0.1546875 0.18958333333333333
30 0.73046875 0.9541666666666666 0.3296875 0.0875
29 0.70078125 0.809375 0.1390625 0.07291666666666667
17 0.5296875 0.7520833333333333 0.07500000000000001 0.12083333333333333
0 0.5484375 0.6447916666666667 0.153125 0.16041666666666665
9 0.7820312500000001 0.5802083333333333 0.11093750000000001 0.29375
22 0.41015625 0.7239583333333334 0.1078125 0.07291666666666667
33 0.290625 0.584375 0.046875 0.09375
46 0.27109375 0.6625 0.06406250000000001 0.125
48 0.29609375 0.9229166666666666 0.0328125 0.07083333333333333
44 0.234375 0.8135416666666666 0.08125 0.03958333333333333
16 0.1953125 0.5635416666666666 0.1 0.03125
32 0.178125 0.6354166666666666 0.065625 0.06666666666666667
24 0.434375 0.9406249999999999 0.09062500000000001 0.11458333333333333
29 0.10078125 0.8822916666666667 0.1328125 0.12708333333333333
43 0.1203125 0.7291666666666666 0.10312500000000001 0.0625
48 0.0921875 0.5541666666666667 0.025 0.025
