50 0.65 0.5447916666666667 0.0625 0.18958333333333333
49 0.7445312500000001 0.6572916666666666 0.06406250000000001 0.17291666666666666
12 0.578125 0.7239583333333334 0.12187500000000001 0.16458333333333333
7 0.7953125000000001 0.8604166666666666 0.309375 0.2791666666666667
30 0.45546875000000003 0.9354166666666667 0.34218750000000003 0.125
29 0.40703125 0.796875 0.13593750000000002 0.08541666666666667
17 0.22578125000000002 0.79375 0.08281250000000001 0.13333333333333333
0 0.23359375000000002 0.671875 0.1640625 0.16875
9 0.45 0.5572916666666666 0.09062500000000001 0.28125
22 0.0859375 0.8104166666666667 0.12812500000000002 0.08333333333333333
