50 0.60859375 0.5427083333333333 0.06406250000000001 0.18541666666666667
49 0.7046875 0.6520833333333333 0.059375000000000004 0.175
12 0.540625 0.721875 0.12187500000000001 0.16458333333333333
7 0.7578125 0.8541666666666666 0.30625 0.2875
30 0.42109375000000004 0.9333333333333333 0.34218750000000003 0.125
29 0.37265625 0.803125 0.1421875 0.09791666666666667
17 0.18203125 0.80625 0.0859375 0.13333333333333333
0 0.19062500000000002 0.684375 0.16875 0.18125
9 0.40937500000000004 0.5614583333333333 0.09375 0.28541666666666665
22 0.0546875 0.8302083333333333 0.10625000000000001 0.08541666666666667
