50 0.81171875 0.5666666666666667 0.06406250000000001 0.19166666666666665
49 0.9125000000000001 0.69375 0.07500000000000001 0.175
12 0.7312500000000001 0.7427083333333333 0.12187500000000001 0.16458333333333333
7 0.89375 0.8875 0.21250000000000002 0.22083333333333333
30 0.59375 0.9427083333333334 0.33125000000000004 0.11458333333333333
29 0.55390625 0.7885416666666667 0.1328125 0.07291666666666667
17 0.3796875 0.759375 0.078125 0.12291666666666666
0 0.39453125 0.65 0.1546875 0.16666666666666666
9 0.6101562500000001 0.55625 0.0890625 0.2791666666666667
22 0.25234375000000003 0.7552083333333334 0.1171875 0.07708333333333334
33 0.11171875 0.6197916666666666 0.0546875 0.10208333333333333
46 0.09765625 0.70625 0.0734375 0.13333333333333333
48 0.14140625 0.9677083333333333 0.0328125 0.06041666666666667
44 0.0671875 0.8708333333333333 0.09375 0.05416666666666667
