40 0.95625 0.8291666666666666 0.084375 0.12916666666666665
25 0.9750000000000001 0.55 0.046875 0.05416666666666667
17 0.88828125 0.5625 0.0734375 0.0875
33 0.9203125000000001 0.44895833333333335 0.040625 0.12708333333333333
33 0.8093750000000001 0.5729166666666666 0.053125000000000006 0.1625
48 0.75 0.7552083333333334 0.034375 0.03958333333333333
16 0.8828125 0.7229166666666667 0.1625 0.07916666666666666
50 0.846875 0.40625 0.05625 0.07916666666666666
30 0.8445312500000001 0.496875 0.11406250000000001 0.10625
46 0.925 0.6270833333333333 0.07500000000000001 0.09166666666666666
