40 0.8304687500000001 0.7822916666666666 0.0890625 0.11458333333333333
25 0.83125 0.5197916666666667 0.043750000000000004 0.052083333333333336
47 0.90390625 0.46249999999999997 0.0859375 0.05416666666666667
17 0.7523437500000001 0.5375 0.060937500000000006 0.07916666666666666
33 0.7781250000000001 0.428125 0.034375 0.11875
33 0.6828125 0.5520833333333334 0.05 0.15833333333333333
48 0.6328125 0.734375 0.034375 0.03958333333333333
29 0.88671875 0.625 0.0859375 0.058333333333333334
16 0.7523437500000001 0.6927083333333334 0.15156250000000002 0.06041666666666667
0 0.9148437500000001 0.390625 0.1171875 0.07708333333333334
50 0.7093750000000001 0.390625 0.05 0.07291666666666667
43 0.8109375000000001 0.4427083333333333 0.0625 0.035416666666666666
30 0.70859375 0.47812499999999997 0.1046875 0.09791666666666667
46 0.78828125 0.5958333333333333 0.0703125 0.0875
18 0.9765625 0.55 0.040625 0.12083333333333333
18 0.9375 0.7052083333333333 0.125 0.06875
