40 0.91796875 0.8114583333333333 0.09531250000000001 0.11875
25 0.92578125 0.5385416666666667 0.045312500000000006 0.052083333333333336
17 0.83359375 0.5510416666666667 0.060937500000000006 0.08125
33 0.8703125 0.44166666666666665 0.040625 0.125
33 0.7703125000000001 0.5635416666666666 0.053125000000000006 0.16458333333333333
48 0.7109375 0.746875 0.034375 0.03958333333333333
29 0.9671875000000001 0.6520833333333333 0.0625 0.06666666666666667
16 0.8375 0.7104166666666667 0.15937500000000002 0.075
50 0.7992187500000001 0.4010416666666667 0.0484375 0.07708333333333334
30 0.7984375 0.48854166666666665 0.109375 0.10208333333333333
46 0.87890625 0.615625 0.0765625 0.08958333333333333
