49 0.7718750000000001 0.6760416666666667 0.065625 0.18125
40 0.5921875 0.7354166666666666 0.07500000000000001 0.10416666666666667
25 0.5765625 0.49166666666666664 0.034375 0.04583333333333333
47 0.6359375 0.428125 0.07187500000000001 0.052083333333333336
17 0.5078125 0.5177083333333333 0.05625 0.07708333333333334
33 0.521875 0.41041666666666665 0.021875000000000002 0.1125
33 0.44453125000000004 0.54375 0.045312500000000006 0.15833333333333333
48 0.41015625 0.7322916666666667 0.0328125 0.03125
48 0.640625 0.51875 0.018750000000000003 0.029166666666666667
29 0.63046875 0.58125 0.0734375 0.058333333333333334
16 0.5171875 0.665625 0.1375 0.03125
0 0.6421875 0.3645833333333333 0.1 0.07083333333333333
50 0.45546875000000003 0.384375 0.0421875 0.07291666666666667
43 0.55703125 0.41875 0.0546875 0.03333333333333333
30 0.46406250000000004 0.471875 0.096875 0.08958333333333333
46 0.5421875 0.5708333333333333 0.0625 0.07916666666666666
18 0.703125 0.496875 0.03125 0.11041666666666666
18 0.68125 0.646875 0.10625000000000001 0.07708333333333334
