49 0.8562500000000001 0.6947916666666667 0.07187500000000001 0.18541666666666667
40 0.66796875 0.7458333333333333 0.0734375 0.10416666666666667
25 0.6578125 0.496875 0.037500000000000006 0.04791666666666666
47 0.7156250000000001 0.43645833333333334 0.06875 0.052083333333333336
17 0.5859375 0.51875 0.05625 0.07916666666666666
33 0.603125 0.4125 0.025 0.1125
33 0.5234375 0.5416666666666666 0.040625 0.15416666666666667
48 0.484375 0.7270833333333333 0.034375 0.03333333333333333
48 0.721875 0.5291666666666667 0.018750000000000003 0.029166666666666667
29 0.71015625 0.5885416666666666 0.0734375 0.05625
16 0.59375 0.6666666666666666 0.140625 0.041666666666666664
0 0.7265625 0.36875 0.109375 0.075
50 0.53671875 0.384375 0.0421875 0.07291666666666667
43 0.63984375 0.42291666666666666 0.0578125 0.0375
30 0.5453125 0.46979166666666666 0.096875 0.09375
46 0.6203125 0.575 0.0625 0.07916666666666666
18 0.7890625 0.5114583333333333 0.034375 0.11458333333333333
18 0.7601562500000001 0.659375 0.1078125 0.07291666666666667
