49 0.7296875 0.6677083333333333 0.065625 0.17708333333333334
40 0.5554687500000001 0.7333333333333333 0.0734375 0.10416666666666667
25 0.53515625 0.49374999999999997 0.035937500000000004 0.04583333333333333
47 0.5945312500000001 0.42604166666666665 0.0734375 0.052083333333333336
17 0.46796875000000004 0.5177083333333333 0.0578125 0.07708333333333334
33 0.48125 0.4145833333333333 0.021875000000000002 0.1125
33 0.40468750000000003 0.5447916666666667 0.046875 0.16041666666666665
48 0.37265625 0.7364583333333333 0.0328125 0.03125
48 0.6000000000000001 0.5166666666666666 0.018750000000000003 0.029166666666666667
29 0.59375 0.578125 0.06875 0.05625
16 0.47968750000000004 0.6666666666666666 0.1375 0.025
0 0.59921875 0.3625 0.1015625 0.07083333333333333
50 0.4140625 0.3854166666666667 0.046875 0.075
43 0.51796875 0.41875 0.0546875 0.03333333333333333
30 0.42500000000000004 0.4739583333333333 0.096875 0.08958333333333333
46 0.503125 0.5708333333333333 0.0625 0.07916666666666666
18 0.6609375000000001 0.4947916666666667 0.03125 0.11041666666666666
18 0.6421875 0.640625 0.1 0.07291666666666667
