34 0.6960937500000001 0.6604166666666667 0.22968750000000002 0.19166666666666665
47 0.603125 0.5416666666666666 0.08750000000000001 0.07083333333333333
12 0.5906250000000001 0.43645833333333334 0.065625 0.13541666666666666
0 0.46875 0.528125 0.153125 0.11875
50 0.44843750000000004 0.665625 0.109375 0.11458333333333333
30 0.5265625 0.39375 0.03125 0.13333333333333333
36 0.44843750000000004 0.36041666666666666 0.040625 0.05416666666666667
42 0.35781250000000003 0.73125 0.065625 0.075
9 0.38828125 0.42291666666666666 0.1046875 0.11666666666666667
41 0.39921875 0.4125 0.09843750000000001 0.04583333333333333
37 0.371875 0.3541666666666667 0.028125 0.0375
15 0.32265625000000003 0.48333333333333334 0.1046875 0.09583333333333333
2 0.32890625 0.5875 0.1015625 0.05416666666666667
28 0.32421875 0.6395833333333333 0.0765625 0.05
19 0.27187500000000003 0.44375 0.10312500000000001 0.08333333333333333
34 0.2671875 0.384375 0.146875 0.06041666666666667
