34 0.57578125 0.640625 0.2171875 0.18125
47 0.4859375 0.5395833333333333 0.08750000000000001 0.07083333333333333
12 0.4703125 0.434375 0.065625 0.13541666666666666
0 0.3484375 0.534375 0.153125 0.11875
50 0.3328125 0.6791666666666667 0.115625 0.11666666666666667
30 0.40937500000000004 0.39791666666666664 0.03125 0.13333333333333333
36 0.31875000000000003 0.3645833333333333 0.040625 0.05416666666666667
42 0.23984375000000002 0.7572916666666667 0.0703125 0.07708333333333334
9 0.27109375 0.43333333333333335 0.1046875 0.11666666666666667
41 0.26875 0.41875 0.10312500000000001 0.05
37 0.24531250000000002 0.36041666666666666 0.028125 0.0375
15 0.1875 0.5041666666666667 0.109375 0.1
2 0.203125 0.6072916666666667 0.10312500000000001 0.06041666666666667
28 0.19921875 0.6625 0.07968750000000001 0.05
19 0.13515625 0.46249999999999997 0.11093750000000001 0.09166666666666666
34 0.125 0.4010416666666667 0.1625 0.06875
