34 0.49765625 0.6375 0.2171875 0.17916666666666667
47 0.40625 0.540625 0.09062500000000001 0.07708333333333334
12 0.38906250000000003 0.434375 0.07187500000000001 0.13958333333333334
0 0.2703125 0.5416666666666666 0.153125 0.12083333333333333
50 0.2546875 0.69375 0.115625 0.11666666666666667
30 0.328125 0.4041666666666667 0.034375 0.13333333333333333
36 0.23515625 0.3729166666666667 0.0421875 0.05416666666666667
42 0.153125 0.778125 0.07500000000000001 0.08125
9 0.1859375 0.440625 0.10312500000000001 0.11875
41 0.18515625000000002 0.428125 0.1046875 0.052083333333333336
37 0.15937500000000002 0.3697916666666667 0.028125 0.03958333333333333
15 0.10390625 0.51875 0.11093750000000001 0.10416666666666667
2 0.1203125 0.6270833333333333 0.10625000000000001 0.0625
28 0.11640625 0.6854166666666667 0.07968750000000001 0.05416666666666667
19 0.05625 0.4791666666666667 0.1125 0.09166666666666666
34 0.059375000000000004 0.4114583333333333 0.11875000000000001 0.07291666666666667
