34 0.7375 0.6729166666666666 0.24375000000000002 0.2
47 0.64453125 0.5447916666666667 0.0921875 0.06875
12 0.6359375 0.43645833333333334 0.065625 0.13541666666666666
0 0.5078125 0.528125 0.153125 0.11875
50 0.48750000000000004 0.665625 0.10312500000000001 0.10625
30 0.5765625 0.396875 0.03125 0.13541666666666666
36 0.4921875 0.35833333333333334 0.037500000000000006 0.05416666666666667
42 0.39609375 0.725 0.06406250000000001 0.075
9 0.44296875 0.4166666666666667 0.0890625 0.10833333333333334
41 0.43828125 0.41041666666666665 0.09843750000000001 0.04583333333333333
37 0.4234375 0.35 0.025 0.0375
15 0.36171875000000003 0.4791666666666667 0.1046875 0.09583333333333333
2 0.371875 0.5802083333333333 0.096875 0.04375
28 0.3671875 0.63125 0.07187500000000001 0.04583333333333333
19 0.32656250000000003 0.4375 0.096875 0.075
34 0.31875000000000003 0.378125 0.14375000000000002 0.05625
