34 0.86484375 0.703125 0.2671875 0.22291666666666665
47 0.77265625 0.5625 0.09531250000000001 0.06666666666666667
12 0.765625 0.4510416666666667 0.065625 0.14375
0 0.63203125 0.534375 0.1453125 0.11875
50 0.6015625 0.66875 0.10312500000000001 0.1
30 0.6937500000000001 0.39791666666666664 0.03125 0.13333333333333333
36 0.6179687500000001 0.3625 0.0390625 0.05416666666666667
42 0.509375 0.7197916666666666 0.0625 0.07291666666666667
9 0.5609375 0.4166666666666667 0.08750000000000001 0.10833333333333334
41 0.5554687500000001 0.41041666666666665 0.09843750000000001 0.04583333333333333
37 0.55 0.346875 0.025 0.035416666666666666
15 0.49062500000000003 0.475 0.096875 0.09166666666666666
2 0.48828125 0.5760416666666667 0.09531250000000001 0.04375
28 0.48281250000000003 0.6229166666666667 0.06875 0.05
19 0.45234375000000004 0.42916666666666664 0.09531250000000001 0.07083333333333333
34 0.4453125 0.3729166666666667 0.1375 0.05
