25 0.5242187500000001 0.6739583333333333 0.0546875 0.05625
22 0.44921875 0.546875 0.0484375 0.07291666666666667
0 0.39609375 0.6395833333333333 0.1921875 0.15416666666666667
24 0.34218750000000003 0.85 0.053125000000000006 0.07083333333333333
23 0.44921875 0.7833333333333333 0.1546875 0.09166666666666666
7 0.30078125 0.51875 0.1171875 0.15
26 0.25625000000000003 0.678125 0.040625 0.035416666666666666
6 0.28515625 0.428125 0.0484375 0.04375
2 0.21796875000000002 0.6302083333333334 0.1015625 0.08958333333333333
8 0.23828125 0.525 0.051562500000000004 0.07083333333333333
3 0.25859375 0.396875 0.1234375 0.06875
3 0.1421875 0.525 0.16875 0.10416666666666667
3 0.18359375 0.8322916666666667 0.30781250000000004 0.25625
9 0.4109375 0.44166666666666665 0.08125 0.20416666666666666
11 0.15390625000000002 0.45 0.11406250000000001 0.075
6 0.1484375 0.4010416666666667 0.06875 0.022916666666666665
1 0.0734375 0.646875 0.078125 0.15625
12 0.02890625 0.43124999999999997 0.0546875 0.14166666666666666
4 0.059375000000000004 0.5 0.05625 0.0375
