25 0.56171875 0.6739583333333333 0.0546875 0.05625
22 0.4890625 0.546875 0.046875 0.07291666666666667
0 0.43359375 0.6375 0.1921875 0.15416666666666667
24 0.3796875 0.84375 0.053125000000000006 0.07083333333333333
23 0.48671875000000003 0.7833333333333333 0.1546875 0.09166666666666666
7 0.33984375 0.5145833333333333 0.1171875 0.15
26 0.29531250000000003 0.6729166666666666 0.040625 0.03333333333333333
6 0.32421875 0.42604166666666665 0.0484375 0.04375
2 0.25703125 0.6260416666666666 0.1015625 0.08958333333333333
8 0.278125 0.51875 0.05 0.07083333333333333
3 0.29765625 0.39479166666666665 0.1234375 0.06875
3 0.18125000000000002 0.5197916666666667 0.16875 0.10208333333333333
3 0.22421875000000002 0.8177083333333334 0.30781250000000004 0.25625
9 0.45 0.44166666666666665 0.08125 0.20416666666666666
11 0.19296875000000002 0.4458333333333333 0.11406250000000001 0.075
6 0.18828125 0.39791666666666664 0.0671875 0.020833333333333332
1 0.12187500000000001 0.634375 0.078125 0.15625
12 0.07421875 0.42083333333333334 0.0546875 0.14166666666666666
4 0.1078125 0.49166666666666664 0.05625 0.0375
