25 0.67734375 0.6864583333333333 0.0546875 0.05625
22 0.6078125000000001 0.5510416666666667 0.046875 0.07291666666666667
0 0.54921875 0.634375 0.1859375 0.15208333333333332
24 0.48750000000000004 0.834375 0.046875 0.06458333333333333
23 0.59375 0.7864583333333334 0.15000000000000002 0.11041666666666666
7 0.465625 0.5041666666666667 0.109375 0.14166666666666666
26 0.41718750000000004 0.6583333333333333 0.034375 0.03333333333333333
6 0.45390625 0.421875 0.045312500000000006 0.03958333333333333
2 0.3828125 0.6072916666666667 0.096875 0.07708333333333334
8 0.40546875000000004 0.5072916666666667 0.045312500000000006 0.06875
3 0.43046875 0.3875 0.11406250000000001 0.058333333333333334
3 0.31171875000000004 0.5 0.15781250000000002 0.09583333333333333
3 0.34218750000000003 0.7979166666666666 0.28750000000000003 0.24166666666666667
9 0.57265625 0.43854166666666666 0.07968750000000001 0.20208333333333334
11 0.33046875000000003 0.4270833333333333 0.1015625 0.07083333333333333
6 0.32890625 0.384375 0.06406250000000001 0.022916666666666665
1 0.2484375 0.6052083333333333 0.059375000000000004 0.14375
12 0.21875 0.403125 0.05 0.12708333333333333
4 0.24531250000000002 0.46770833333333334 0.053125000000000006 0.035416666666666666
