25 0.84296875 0.7239583333333334 0.060937500000000006 0.06041666666666667
22 0.77265625 0.5739583333333333 0.0484375 0.07291666666666667
0 0.7078125000000001 0.6447916666666667 0.2 0.15208333333333332
24 0.6312500000000001 0.8427083333333333 0.046875 0.06458333333333333
23 0.74765625 0.8125 0.1640625 0.12916666666666665
7 0.6296875000000001 0.5125 0.10625000000000001 0.15416666666666667
26 0.56875 0.65625 0.034375 0.03333333333333333
6 0.6203125 0.4197916666666667 0.046875 0.035416666666666666
2 0.5359375000000001 0.6010416666666667 0.096875 0.07708333333333334
8 0.5671875000000001 0.5052083333333334 0.043750000000000004 0.06875
3 0.59609375 0.384375 0.1171875 0.05625
3 0.48046875 0.4875 0.1484375 0.075
3 0.49531250000000004 0.78125 0.284375 0.23333333333333334
9 0.74140625 0.4510416666666667 0.0890625 0.20625
11 0.49843750000000003 0.42083333333333334 0.1 0.07083333333333333
6 0.49531250000000004 0.3770833333333333 0.05625 0.025
1 0.4140625 0.5833333333333334 0.05 0.1375
12 0.3921875 0.38645833333333335 0.043750000000000004 0.11875
4 0.41328125000000004 0.45208333333333334 0.0484375 0.03333333333333333
