25 0.7585937500000001 0.703125 0.0578125 0.06041666666666667
22 0.6898437500000001 0.559375 0.0484375 0.07291666666666667
0 0.6257812500000001 0.6354166666666666 0.1921875 0.15
24 0.5593750000000001 0.8354166666666667 0.046875 0.06666666666666667
23 0.6687500000000001 0.7958333333333333 0.15625 0.12083333333333333
7 0.5437500000000001 0.5041666666666667 0.109375 0.14166666666666666
26 0.49375 0.6541666666666667 0.034375 0.03333333333333333
6 0.5320312500000001 0.421875 0.045312500000000006 0.03958333333333333
2 0.4609375 0.6010416666666667 0.096875 0.07708333333333334
8 0.4859375 0.503125 0.043750000000000004 0.06875
3 0.5078125 0.38645833333333335 0.1125 0.05625
3 0.403125 0.4895833333333333 0.15000000000000002 0.075
3 0.42031250000000003 0.7833333333333333 0.28750000000000003 0.24166666666666667
9 0.65625 0.4427083333333333 0.084375 0.20208333333333334
11 0.4140625 0.42083333333333334 0.1 0.06666666666666667
6 0.41328125000000004 0.378125 0.0578125 0.022916666666666665
1 0.32656250000000003 0.590625 0.059375000000000004 0.14375
12 0.30703125000000003 0.3927083333333333 0.0484375 0.12291666666666666
4 0.33046875000000003 0.459375 0.0484375 0.03125
