25 0.44921875 0.6739583333333333 0.0546875 0.05625
22 0.37031250000000004 0.553125 0.046875 0.07291666666666667
0 0.31640625 0.6552083333333333 0.1953125 0.16458333333333333
24 0.2671875 0.86875 0.053125000000000006 0.07083333333333333
23 0.37031250000000004 0.7895833333333333 0.15937500000000002 0.0875
7 0.21250000000000002 0.5260416666666666 0.125 0.15208333333333332
26 0.1703125 0.7041666666666666 0.040625 0.03333333333333333
6 0.19921875 0.440625 0.0484375 0.04375
2 0.12812500000000002 0.65625 0.10625000000000001 0.1
8 0.15078125 0.5427083333333333 0.0546875 0.07708333333333334
3 0.16718750000000002 0.40625 0.134375 0.07083333333333333
3 0.06640625 0.54375 0.1328125 0.10833333333333334
3 0.12734375 0.8666666666666667 0.2546875 0.25
9 0.32890625 0.44687499999999997 0.0890625 0.21041666666666667
