4 0.87890625 0.8447916666666666 0.1046875 0.09375
27 0.6101562500000001 0.7645833333333333 0.1296875 0.10416666666666667
31 0.68125 0.6697916666666667 0.046875 0.05625
22 0.83984375 0.6916666666666667 0.0859375 0.07916666666666666
43 0.9281250000000001 0.6260416666666666 0.078125 0.08541666666666667
20 0.75546875 0.5395833333333333 0.1265625 0.2125
17 0.91796875 0.5125 0.0578125 0.06666666666666667
23 0.91796875 0.49374999999999997 0.0765625 0.0375
28 0.85546875 0.4666666666666667 0.0421875 0.058333333333333334
11 0.92109375 0.43645833333333334 0.1546875 0.07291666666666667
32 0.8609375 0.39166666666666666 0.065625 0.04583333333333333
42 0.7679687500000001 0.36666666666666664 0.029687500000000002 0.0375
19 0.759375 0.41770833333333335 0.15625 0.06458333333333333
