23 0.6828125 0.740625 0.08125 0.11041666666666666
4 0.52890625 0.7770833333333333 0.0890625 0.08333333333333333
27 0.2734375 0.78125 0.140625 0.10416666666666667
31 0.33671875 0.6697916666666667 0.0421875 0.05625
22 0.484375 0.6489583333333333 0.06875 0.07708333333333334
43 0.54921875 0.5666666666666667 0.06406250000000001 0.0625
6 0.6640625 0.6041666666666666 0.043750000000000004 0.07083333333333333
20 0.38671875 0.5166666666666666 0.11093750000000001 0.2125
17 0.52890625 0.4708333333333333 0.0484375 0.0625
23 0.5859375 0.4302083333333333 0.0625 0.03958333333333333
45 0.6265625 0.50625 0.040625 0.058333333333333334
28 0.47421875 0.43854166666666666 0.0390625 0.052083333333333336
11 0.5437500000000001 0.38645833333333335 0.12187500000000001 0.07291666666666667
32 0.47109375000000003 0.37083333333333335 0.0546875 0.0375
42 0.38515625000000003 0.35833333333333334 0.026562500000000003 0.0375
19 0.38203125000000004 0.40625 0.1421875 0.07083333333333333
