23 0.60546875 0.73125 0.0765625 0.10833333333333334
4 0.45625000000000004 0.78125 0.08750000000000001 0.08333333333333333
27 0.19375 0.8020833333333334 0.15000000000000002 0.10416666666666667
31 0.25546875 0.6833333333333333 0.0421875 0.058333333333333334
22 0.4078125 0.65625 0.06875 0.08333333333333333
43 0.46953125 0.565625 0.06406250000000001 0.06458333333333333
6 0.5859375 0.5989583333333334 0.040625 0.06875
20 0.30390625000000004 0.5239583333333333 0.1171875 0.22291666666666665
17 0.446875 0.4708333333333333 0.046875 0.0625
23 0.5046875000000001 0.4302083333333333 0.0625 0.03958333333333333
45 0.54609375 0.5020833333333333 0.0390625 0.058333333333333334
28 0.3921875 0.4427083333333333 0.037500000000000006 0.052083333333333336
11 0.46171875 0.38645833333333335 0.1234375 0.07708333333333334
32 0.38828125 0.371875 0.0546875 0.03958333333333333
42 0.30078125 0.36354166666666665 0.029687500000000002 0.03958333333333333
19 0.2984375 0.41041666666666665 0.146875 0.07083333333333333
