23 0.6421875 0.7364583333333333 0.078125 0.11041666666666666
4 0.4921875 0.7791666666666667 0.08750000000000001 0.08333333333333333
27 0.23359375000000002 0.7916666666666666 0.1453125 0.10416666666666667
31 0.29531250000000003 0.678125 0.040625 0.05625
22 0.44609375 0.6510416666666666 0.0703125 0.08125
43 0.51015625 0.5666666666666667 0.06406250000000001 0.0625
6 0.62421875 0.6020833333333333 0.0421875 0.06666666666666667
20 0.34453125 0.5208333333333334 0.11093750000000001 0.2125
17 0.48671875000000003 0.46979166666666666 0.0484375 0.06458333333333333
23 0.5453125 0.4302083333333333 0.0625 0.03958333333333333
45 0.5875 0.5020833333333333 0.040625 0.058333333333333334
28 0.43281250000000004 0.44166666666666665 0.037500000000000006 0.05416666666666667
11 0.503125 0.38645833333333335 0.12187500000000001 0.07291666666666667
32 0.43046875 0.37083333333333335 0.0546875 0.0375
42 0.34453125 0.3625 0.026562500000000003 0.0375
19 0.33984375 0.409375 0.1421875 0.06875
