23 0.8421875000000001 0.7791666666666667 0.09375 0.12083333333333333
4 0.6781250000000001 0.79375 0.08750000000000001 0.09166666666666666
27 0.42500000000000004 0.759375 0.13125 0.10625
31 0.4890625 0.6572916666666666 0.040625 0.05625
22 0.6359375 0.6541666666666667 0.07500000000000001 0.07916666666666666
43 0.70703125 0.5770833333333333 0.06406250000000001 0.07083333333333333
6 0.83203125 0.6322916666666667 0.0421875 0.07291666666666667
20 0.5476562500000001 0.5125 0.1015625 0.20833333333333334
17 0.69140625 0.4791666666666667 0.0484375 0.0625
23 0.7562500000000001 0.4427083333333333 0.065625 0.03958333333333333
45 0.7953125000000001 0.5239583333333333 0.043750000000000004 0.06458333333333333
28 0.6359375 0.44166666666666665 0.037500000000000006 0.05
11 0.7132812500000001 0.3958333333333333 0.1328125 0.07083333333333333
32 0.63671875 0.37395833333333334 0.0546875 0.03958333333333333
42 0.5515625000000001 0.3541666666666667 0.028125 0.0375
19 0.54609375 0.4010416666666667 0.13593750000000002 0.06041666666666667
