42 0.6578125 0.6729166666666666 0.0625 0.06666666666666667
19 0.54296875 0.578125 0.16718750000000002 0.13541666666666666
36 0.46953125 0.4947916666666667 0.0421875 0.052083333333333336
32 0.48359375000000004 0.7145833333333333 0.0890625 0.09583333333333333
28 0.38828125 0.5375 0.045312500000000006 0.0625
44 0.37812500000000004 0.47812499999999997 0.053125000000000006 0.04375
20 0.3828125 0.37604166666666666 0.07500000000000001 0.15208333333333332
11 0.35078125000000004 0.7729166666666667 0.1546875 0.29583333333333334
22 0.33203125 0.4041666666666667 0.0390625 0.04583333333333333
17 0.28984375 0.5166666666666666 0.0484375 0.07083333333333333
43 0.29531250000000003 0.44687499999999997 0.046875 0.04375
43 0.275 0.590625 0.05625 0.035416666666666666
23 0.2515625 0.6375 0.10312500000000001 0.04583333333333333
23 0.2515625 0.4197916666666667 0.065625 0.03125
4 0.2265625 0.3989583333333333 0.046875 0.027083333333333334
6 0.20468750000000002 0.45729166666666665 0.05 0.04375
45 0.21015625000000002 0.5052083333333334 0.0546875 0.052083333333333336
