42 0.84296875 0.709375 0.0703125 0.07291666666666667
19 0.7250000000000001 0.5916666666666667 0.178125 0.12916666666666665
36 0.6531250000000001 0.5 0.040625 0.05416666666666667
32 0.65234375 0.7239583333333334 0.0859375 0.11041666666666666
28 0.56640625 0.53125 0.0484375 0.0625
44 0.5640625 0.471875 0.053125000000000006 0.03958333333333333
20 0.5734375 0.371875 0.0625 0.15208333333333332
11 0.51796875 0.7583333333333333 0.1546875 0.29583333333333334
22 0.52109375 0.396875 0.0328125 0.04375
17 0.4734375 0.5010416666666666 0.05 0.06875
43 0.484375 0.4354166666666667 0.040625 0.041666666666666664
43 0.45390625 0.571875 0.0546875 0.035416666666666666
23 0.43359375 0.6135416666666667 0.1015625 0.05625
23 0.44609375 0.40729166666666666 0.060937500000000006 0.03125
4 0.42031250000000003 0.384375 0.040625 0.022916666666666665
6 0.3984375 0.4375 0.05 0.0375
45 0.40156250000000004 0.48541666666666666 0.053125000000000006 0.05
