42 0.42890625000000004 0.6677083333333333 0.060937500000000006 0.07291666666666667
19 0.30546875 0.5927083333333333 0.1859375 0.15625
36 0.22187500000000002 0.5177083333333333 0.043750000000000004 0.06041666666666667
32 0.2546875 0.746875 0.096875 0.09375
28 0.134375 0.575 0.053125000000000006 0.07083333333333333
44 0.1203125 0.5104166666666666 0.05625 0.05
20 0.1125 0.40208333333333335 0.09375 0.1625
11 0.11015625000000001 0.8354166666666667 0.18281250000000002 0.325
22 0.0578125 0.43854166666666666 0.043750000000000004 0.04791666666666666
17 0.0234375 0.5729166666666666 0.046875 0.0875
