42 0.6171875 0.66875 0.0625 0.06666666666666667
19 0.5046875000000001 0.5770833333333333 0.16875 0.1375
36 0.4296875 0.4947916666666667 0.043750000000000004 0.052083333333333336
32 0.44609375 0.7166666666666667 0.0890625 0.09583333333333333
28 0.34765625 0.540625 0.045312500000000006 0.06041666666666667
44 0.33906250000000004 0.48020833333333335 0.053125000000000006 0.04375
20 0.33984375 0.378125 0.0765625 0.15208333333333332
11 0.31171875000000004 0.7791666666666667 0.1546875 0.29583333333333334
22 0.28984375 0.40625 0.035937500000000004 0.041666666666666664
17 0.24531250000000002 0.521875 0.053125000000000006 0.07291666666666667
43 0.25 0.4510416666666667 0.046875 0.035416666666666666
43 0.23593750000000002 0.5947916666666666 0.05625 0.035416666666666666
23 0.20859375000000002 0.6458333333333334 0.1078125 0.04583333333333333
23 0.20859375000000002 0.425 0.06406250000000001 0.03333333333333333
4 0.17890625000000002 0.40520833333333334 0.045312500000000006 0.027083333333333334
6 0.15625 0.46458333333333335 0.053125000000000006 0.04583333333333333
45 0.16562500000000002 0.5145833333333333 0.05625 0.05416666666666667
