42 0.6976562500000001 0.678125 0.06406250000000001 0.06875
19 0.58203125 0.578125 0.16718750000000002 0.13541666666666666
36 0.5085937500000001 0.4927083333333333 0.0421875 0.052083333333333336
32 0.51953125 0.7135416666666666 0.08281250000000001 0.09791666666666667
28 0.42734375 0.5322916666666666 0.045312500000000006 0.06041666666666667
44 0.42265625 0.471875 0.0546875 0.04375
20 0.4234375 0.3729166666666667 0.07500000000000001 0.15416666666666667
11 0.38828125 0.7666666666666666 0.1546875 0.29583333333333334
22 0.37343750000000003 0.4010416666666667 0.037500000000000006 0.04375
17 0.32890625 0.5104166666666666 0.0484375 0.07083333333333333
43 0.3359375 0.44479166666666664 0.046875 0.04375
43 0.31328125 0.584375 0.0546875 0.035416666666666666
23 0.28984375 0.6291666666666667 0.1015625 0.04583333333333333
23 0.29609375 0.4166666666666667 0.06406250000000001 0.03333333333333333
4 0.27109375 0.39375 0.045312500000000006 0.025
6 0.2484375 0.44895833333333335 0.05 0.04375
45 0.253125 0.4979166666666667 0.053125000000000006 0.05
