42 0.73828125 0.6833333333333333 0.06406250000000001 0.07083333333333333
19 0.6195312500000001 0.5770833333333333 0.17343750000000002 0.12916666666666665
36 0.54921875 0.4947916666666667 0.0390625 0.052083333333333336
32 0.55703125 0.7135416666666666 0.08281250000000001 0.09791666666666667
28 0.46796875000000004 0.53125 0.0484375 0.0625
44 0.46171875 0.47291666666666665 0.0546875 0.041666666666666664
20 0.46640625 0.3729166666666667 0.0734375 0.15416666666666667
11 0.42578125 0.7625 0.1546875 0.29583333333333334
22 0.41484375 0.39791666666666664 0.0390625 0.04583333333333333
17 0.371875 0.5052083333333334 0.05 0.07291666666666667
43 0.37890625 0.440625 0.045312500000000006 0.04375
43 0.35234375 0.5802083333333333 0.0546875 0.035416666666666666
23 0.32890625 0.6229166666666667 0.1015625 0.04583333333333333
23 0.33906250000000004 0.4125 0.065625 0.03333333333333333
4 0.31484375000000003 0.3885416666666667 0.045312500000000006 0.027083333333333334
6 0.290625 0.44375 0.05 0.041666666666666664
45 0.296875 0.490625 0.053125000000000006 0.052083333333333336
