32 0.73984375 0.9197916666666667 0.0734375 0.13958333333333334
29 0.5703125 0.9291666666666667 0.1 0.1375
14 0.30390625000000004 0.5895833333333333 0.16718750000000002 0.14583333333333334
17 0.40703125 0.6760416666666667 0.0734375 0.11041666666666666
49 0.3921875 0.81875 0.07500000000000001 0.2125
48 0.66953125 0.7197916666666666 0.029687500000000002 0.035416666666666666
48 0.73359375 0.7989583333333333 0.0421875 0.04375
44 0.21640625000000002 0.9125 0.0421875 0.1125
46 0.540625 0.58125 0.053125000000000006 0.1125
18 0.553125 0.6854166666666667 0.05 0.1625
33 0.22734375 0.74375 0.0734375 0.22083333333333333
12 0.13515625 0.6625 0.1046875 0.21666666666666667
43 0.065625 0.9041666666666667 0.125 0.1375
