14 0.7453125 0.6020833333333333 0.17500000000000002 0.15833333333333333
17 0.8421875000000001 0.7177083333333333 0.08125 0.11041666666666666
49 0.7984375 0.8552083333333333 0.078125 0.21875
44 0.61875 0.86875 0.028125 0.1125
33 0.65 0.7145833333333333 0.046875 0.2125
12 0.5796875 0.6104166666666666 0.07187500000000001 0.19583333333333333
43 0.49375 0.8 0.10625000000000001 0.0875
16 0.415625 0.7364583333333333 0.12812500000000002 0.10208333333333333
7 0.4390625 0.5541666666666667 0.15625 0.2125
29 0.3171875 0.6760416666666667 0.10312500000000001 0.08958333333333333
22 0.29453125 0.5864583333333333 0.08281250000000001 0.05625
9 0.29921875000000003 0.41875 0.0734375 0.19583333333333333
50 0.22812500000000002 0.5135416666666667 0.08750000000000001 0.08958333333333333
30 0.209375 0.7614583333333333 0.14375000000000002 0.22291666666666665
24 0.16484375 0.5833333333333334 0.051562500000000004 0.06666666666666667
0 0.06015625 0.6614583333333334 0.1203125 0.17291666666666666
