32 0.6648437500000001 0.903125 0.0734375 0.13958333333333334
29 0.5015625 0.9291666666666667 0.1 0.1375
14 0.22109375 0.60625 0.1765625 0.1625
17 0.33046875000000003 0.6864583333333333 0.0734375 0.11041666666666666
49 0.3171875 0.8333333333333334 0.07500000000000001 0.2125
48 0.5945312500000001 0.7114583333333333 0.029687500000000002 0.035416666666666666
48 0.6570312500000001 0.7833333333333333 0.0421875 0.041666666666666664
44 0.1375 0.9416666666666667 0.046875 0.1125
46 0.46328125000000003 0.5822916666666667 0.0546875 0.11458333333333333
18 0.478125 0.6854166666666667 0.05 0.1625
33 0.1421875 0.76875 0.084375 0.225
12 0.051562500000000004 0.6916666666666667 0.10312500000000001 0.225
