32 0.8968750000000001 0.9520833333333333 0.09375 0.09166666666666666
29 0.7132812500000001 0.94375 0.1171875 0.1125
14 0.46328125000000003 0.5770833333333333 0.1609375 0.14583333333333334
17 0.55703125 0.66875 0.0734375 0.10833333333333334
49 0.534375 0.8104166666666667 0.06875 0.2125
48 0.8328125000000001 0.7541666666666667 0.040625 0.041666666666666664
48 0.8968750000000001 0.8447916666666666 0.053125000000000006 0.05625
44 0.3671875 0.8760416666666666 0.037500000000000006 0.11458333333333333
46 0.69921875 0.5916666666666667 0.0546875 0.11666666666666667
18 0.70625 0.7 0.05 0.1625
33 0.3828125 0.7125 0.07187500000000001 0.22083333333333333
12 0.296875 0.63125 0.096875 0.2125
43 0.23046875 0.84375 0.1171875 0.125
16 0.134375 0.8 0.1375 0.1375
7 0.14296875 0.5989583333333334 0.1859375 0.23958333333333334
29 0.035937500000000004 0.7645833333333333 0.06875 0.10833333333333334
