47 0.60859375 0.9260416666666667 0.0421875 0.10208333333333333
38 0.8640625000000001 0.9427083333333334 0.065625 0.08125
23 0.89453125 0.653125 0.08281250000000001 0.08958333333333333
44 0.74609375 0.6552083333333333 0.0578125 0.07708333333333334
43 0.70078125 0.7020833333333333 0.08281250000000001 0.07916666666666666
39 0.83203125 0.8 0.08281250000000001 0.0875
11 0.56953125 0.6614583333333334 0.17343750000000002 0.21041666666666667
31 0.7578125 0.975 0.053125000000000006 0.05
19 0.40625 0.8468749999999999 0.30312500000000003 0.3020833333333333
15 0.35703125 0.5854166666666667 0.0921875 0.1
1 0.27187500000000003 0.634375 0.059375000000000004 0.15208333333333332
42 0.19062500000000002 0.7770833333333333 0.0625 0.08333333333333333
23 0.17109375000000002 0.6489583333333333 0.09843750000000001 0.07291666666666667
45 0.1703125 0.5166666666666666 0.037500000000000006 0.04583333333333333
6 0.07578125000000001 0.7427083333333333 0.0484375 0.08125
32 0.07500000000000001 0.5885416666666666 0.06875 0.07708333333333334
