47 0.50390625 0.9177083333333333 0.045312500000000006 0.10208333333333333
38 0.7445312500000001 0.903125 0.0578125 0.07708333333333334
27 0.8625 0.7958333333333333 0.15000000000000002 0.09166666666666666
23 0.7609375 0.6229166666666667 0.07187500000000001 0.08333333333333333
44 0.625 0.6385416666666667 0.053125000000000006 0.07291666666666667
43 0.5828125000000001 0.6854166666666667 0.08125 0.07083333333333333
39 0.71015625 0.7666666666666666 0.0734375 0.08333333333333333
11 0.453125 0.659375 0.16562500000000002 0.21875
4 0.9031250000000001 0.9447916666666667 0.08125 0.10625
31 0.64765625 0.9614583333333333 0.0484375 0.07708333333333334
19 0.290625 0.853125 0.325 0.27291666666666664
15 0.22812500000000002 0.6052083333333333 0.1 0.10625
1 0.14296875 0.6625 0.0734375 0.15833333333333333
42 0.06015625 0.8239583333333333 0.0671875 0.09375
23 0.0421875 0.690625 0.084375 0.08541666666666667
45 0.02734375 0.546875 0.0421875 0.052083333333333336
