47 0.40078125000000003 0.9291666666666667 0.0484375 0.10416666666666667
38 0.634375 0.8781249999999999 0.05625 0.07291666666666667
27 0.73828125 0.7625 0.1421875 0.07916666666666666
23 0.6375000000000001 0.6052083333333333 0.065625 0.07708333333333334
44 0.509375 0.6333333333333333 0.053125000000000006 0.06666666666666667
43 0.46953125 0.68125 0.07968750000000001 0.075
39 0.59609375 0.7520833333333333 0.0734375 0.08333333333333333
11 0.3359375 0.6697916666666667 0.16875 0.22291666666666665
4 0.78515625 0.915625 0.07968750000000001 0.10208333333333333
31 0.5437500000000001 0.9562499999999999 0.05 0.07916666666666666
19 0.16953125000000002 0.8729166666666667 0.3359375 0.25
15 0.09765625 0.6354166666666666 0.11093750000000001 0.1125
1 0.022656250000000003 0.709375 0.045312500000000006 0.17291666666666666
