47 0.540625 0.9208333333333333 0.043750000000000004 0.10416666666666667
38 0.7828125 0.915625 0.059375000000000004 0.07708333333333334
27 0.9078125 0.8135416666666666 0.15625 0.10625
23 0.8031250000000001 0.634375 0.07500000000000001 0.08541666666666667
44 0.6640625 0.6427083333333333 0.053125000000000006 0.07291666666666667
43 0.6218750000000001 0.6916666666666667 0.08125 0.075
39 0.74921875 0.778125 0.07968750000000001 0.08541666666666667
11 0.49296875 0.6583333333333333 0.1703125 0.2125
4 0.9437500000000001 0.959375 0.07500000000000001 0.07708333333333334
31 0.6843750000000001 0.9666666666666667 0.046875 0.06666666666666667
19 0.32890625 0.85625 0.31093750000000003 0.2875
15 0.27578125000000003 0.596875 0.09531250000000001 0.10208333333333333
1 0.18671875000000002 0.6520833333333333 0.0671875 0.15833333333333333
42 0.1046875 0.8072916666666666 0.065625 0.08958333333333333
23 0.07968750000000001 0.6739583333333333 0.10312500000000001 0.07708333333333334
45 0.0765625 0.5354166666666667 0.040625 0.05
