47 0.17890625000000002 0.9666666666666667 0.0546875 0.06666666666666667
38 0.42031250000000003 0.8760416666666666 0.05625 0.07708333333333334
27 0.5125000000000001 0.7395833333333334 0.13125 0.058333333333333334
23 0.40546875000000004 0.6041666666666666 0.06406250000000001 0.075
44 0.278125 0.6541666666666667 0.059375000000000004 0.06666666666666667
43 0.23828125 0.7125 0.0859375 0.07916666666666666
39 0.37421875000000004 0.759375 0.0703125 0.08541666666666667
11 0.08984375 0.7333333333333333 0.1765625 0.26666666666666666
4 0.5625 0.8729166666666667 0.078125 0.10416666666666667
31 0.3375 0.9677083333333333 0.046875 0.06041666666666667
