24 0.80078125 0.65 0.0390625 0.05416666666666667
25 0.7195312500000001 0.5885416666666666 0.0484375 0.04375
0 0.72578125 0.5072916666666667 0.15781250000000002 0.11875
23 0.609375 0.6364583333333333 0.115625 0.09375
2 0.6015625 0.5791666666666666 0.046875 0.0875
9 0.6609375000000001 0.38958333333333334 0.07187500000000001 0.17916666666666667
22 0.53046875 0.5302083333333333 0.0578125 0.05625
3 0.45625000000000004 0.73125 0.246875 0.17916666666666667
7 0.52578125 0.46249999999999997 0.15156250000000002 0.14583333333333334
11 0.5109375 0.3520833333333333 0.12812500000000002 0.029166666666666667
3 0.48203125 0.3885416666666667 0.11406250000000001 0.052083333333333336
10 0.48125 0.40520833333333334 0.03125 0.08125
26 0.46640625 0.5958333333333333 0.0328125 0.025
8 0.41250000000000003 0.5541666666666667 0.053125000000000006 0.075
3 0.38671875 0.48854166666666665 0.15156250000000002 0.08541666666666667
4 0.4078125 0.42916666666666664 0.040625 0.029166666666666667
12 0.38984375000000004 0.35625 0.0578125 0.1125
1 0.40546875000000004 0.33125 0.0328125 0.075
5 0.35000000000000003 0.4197916666666667 0.065625 0.022916666666666665
4 0.32343750000000004 0.3833333333333333 0.043750000000000004 0.029166666666666667
