24 0.675 0.6270833333333333 0.040625 0.05
25 0.5984375000000001 0.5760416666666667 0.046875 0.04375
0 0.6000000000000001 0.49583333333333335 0.146875 0.11666666666666667
23 0.4921875 0.634375 0.115625 0.09791666666666667
2 0.48125 0.578125 0.05 0.09791666666666667
9 0.53515625 0.384375 0.0734375 0.17708333333333334
22 0.41015625 0.534375 0.060937500000000006 0.05625
3 0.34140625 0.7479166666666667 0.2515625 0.19166666666666665
7 0.40234375 0.46875 0.1484375 0.15416666666666667
11 0.38359375 0.3520833333333333 0.1296875 0.029166666666666667
3 0.35625 0.39375 0.115625 0.05416666666666667
10 0.35625 0.41041666666666665 0.03125 0.08333333333333333
26 0.34921875 0.60625 0.0328125 0.025
8 0.29140625000000003 0.56875 0.0546875 0.075
3 0.26015625000000003 0.5020833333333333 0.15781250000000002 0.08333333333333333
4 0.27968750000000003 0.43854166666666666 0.043750000000000004 0.035416666666666666
12 0.2609375 0.36666666666666664 0.059375000000000004 0.1125
1 0.27578125000000003 0.3385416666666667 0.035937500000000004 0.08125
5 0.22109375 0.4354166666666667 0.0703125 0.029166666666666667
4 0.19062500000000002 0.39791666666666664 0.046875 0.025
