24 0.51953125 0.6177083333333333 0.0390625 0.052083333333333336
25 0.44140625 0.5770833333333333 0.0484375 0.04583333333333333
0 0.44062500000000004 0.490625 0.146875 0.11875
23 0.3375 0.6458333333333334 0.11875000000000001 0.10416666666666667
2 0.32421875 0.5875 0.051562500000000004 0.1
9 0.37109375 0.38645833333333335 0.0734375 0.18125
22 0.246875 0.553125 0.065625 0.06041666666666667
3 0.17890625000000002 0.7875 0.2828125 0.2375
7 0.23515625 0.4822916666666667 0.1546875 0.16875
11 0.20703125 0.365625 0.13593750000000002 0.03958333333333333
3 0.17890625000000002 0.4114583333333333 0.1265625 0.06458333333333333
10 0.18125000000000002 0.4302083333333333 0.037500000000000006 0.08541666666666667
26 0.18125000000000002 0.634375 0.034375 0.03125
8 0.11640625 0.6010416666666667 0.060937500000000006 0.08125
3 0.08281250000000001 0.5354166666666667 0.16562500000000002 0.10833333333333334
4 0.10078125 0.46458333333333335 0.045312500000000006 0.0375
12 0.07500000000000001 0.38958333333333334 0.07187500000000001 0.12083333333333333
1 0.0890625 0.359375 0.043750000000000004 0.08541666666666667
5 0.035937500000000004 0.46770833333333334 0.06875 0.03125
