24 0.8460937500000001 0.6604166666666667 0.0421875 0.05416666666666667
25 0.7625000000000001 0.596875 0.05 0.04791666666666666
0 0.7703125000000001 0.515625 0.15937500000000002 0.11875
23 0.6507812500000001 0.6416666666666666 0.1203125 0.09583333333333333
2 0.640625 0.5833333333333334 0.046875 0.0875
9 0.7039062500000001 0.3927083333333333 0.0765625 0.18125
22 0.5710937500000001 0.5302083333333333 0.0578125 0.05625
3 0.49609375 0.725 0.2421875 0.16666666666666666
7 0.56484375 0.4635416666666667 0.15156250000000002 0.14375
11 0.553125 0.35104166666666664 0.13125 0.03125
3 0.5234375 0.3885416666666667 0.115625 0.052083333333333336
10 0.52109375 0.40729166666666666 0.029687500000000002 0.08125
26 0.50546875 0.5958333333333333 0.0328125 0.025
8 0.453125 0.5520833333333334 0.053125000000000006 0.075
3 0.42734375 0.48541666666666666 0.15156250000000002 0.08333333333333333
4 0.45156250000000003 0.42604166666666665 0.040625 0.03125
12 0.434375 0.3541666666666667 0.05625 0.1125
1 0.45 0.3302083333333333 0.03125 0.07708333333333334
5 0.3921875 0.4197916666666667 0.065625 0.022916666666666665
4 0.36875 0.38125 0.043750000000000004 0.029166666666666667
