24 0.7578125 0.6427083333333333 0.040625 0.052083333333333336
25 0.6781250000000001 0.584375 0.046875 0.04375
0 0.6828125 0.503125 0.15625 0.11458333333333333
23 0.5703125 0.634375 0.115625 0.09375
2 0.5625 0.5770833333333333 0.046875 0.0875
9 0.6179687500000001 0.3854166666666667 0.0703125 0.17916666666666667
22 0.49140625000000004 0.5302083333333333 0.0578125 0.05625
3 0.41796875 0.7333333333333333 0.2484375 0.17916666666666667
7 0.4859375 0.46249999999999997 0.15000000000000002 0.14583333333333334
11 0.46875 0.35104166666666664 0.125 0.03125
3 0.44140625 0.3885416666666667 0.11406250000000001 0.052083333333333336
10 0.43984375000000003 0.40729166666666666 0.029687500000000002 0.08125
26 0.42734375 0.5979166666666667 0.0328125 0.025
8 0.371875 0.5572916666666666 0.053125000000000006 0.07291666666666667
3 0.34375 0.49374999999999997 0.15625 0.07916666666666666
4 0.36796875 0.43124999999999997 0.0421875 0.029166666666666667
12 0.35000000000000003 0.35833333333333334 0.059375000000000004 0.1125
1 0.36328125 0.33229166666666665 0.0328125 0.07708333333333334
5 0.309375 0.42604166666666665 0.065625 0.022916666666666665
4 0.28203125 0.3875 0.045312500000000006 0.029166666666666667
