24 0.6359375 0.6229166666666667 0.040625 0.05
25 0.5578125 0.575 0.046875 0.04583333333333333
0 0.55859375 0.49166666666666664 0.1484375 0.1125
23 0.4546875 0.634375 0.115625 0.09791666666666667
2 0.4421875 0.578125 0.05 0.09791666666666667
9 0.49375 0.38229166666666664 0.07187500000000001 0.17708333333333334
22 0.37109375 0.5364583333333334 0.060937500000000006 0.05625
3 0.30234375 0.753125 0.2609375 0.20625
7 0.36250000000000004 0.46875 0.15000000000000002 0.15416666666666667
11 0.340625 0.3541666666666667 0.13125 0.029166666666666667
3 0.3125 0.396875 0.11875000000000001 0.05625
10 0.31484375000000003 0.41354166666666664 0.0328125 0.08125
26 0.30781250000000004 0.6125 0.034375 0.025
8 0.24765625000000002 0.5739583333333333 0.0546875 0.07708333333333334
3 0.2109375 0.509375 0.1625 0.09375
4 0.240625 0.44375 0.043750000000000004 0.0375
12 0.215625 0.36875 0.059375000000000004 0.1125
1 0.23046875 0.3416666666666667 0.0390625 0.07916666666666666
5 0.17578125 0.44166666666666665 0.0703125 0.029166666666666667
4 0.14453125 0.4041666666666667 0.0484375 0.029166666666666667
