43 0.84296875 0.6645833333333333 0.0421875 0.0625
15 0.8929687500000001 0.5677083333333334 0.1046875 0.09375
11 0.8968750000000001 0.503125 0.2 0.08958333333333333
43 0.921875 0.45416666666666666 0.028125 0.058333333333333334
45 0.74921875 0.7677083333333333 0.060937500000000006 0.07708333333333334
32 0.96875 0.85 0.0625 0.1375
27 0.9695312500000001 0.4145833333333333 0.0578125 0.029166666666666667
39 0.9703125 0.4395833333333333 0.053125000000000006 0.0375
44 0.8562500000000001 0.4395833333333333 0.059375000000000004 0.029166666666666667
23 0.8289062500000001 0.40520833333333334 0.0734375 0.03958333333333333
