1 0.9695312500000001 0.5760416666666667 0.0578125 0.14375
23 0.946875 0.7104166666666667 0.10312500000000001 0.06666666666666667
43 0.7992187500000001 0.6541666666666667 0.035937500000000004 0.0625
15 0.84375 0.559375 0.1 0.09375
11 0.84375 0.49374999999999997 0.19062500000000002 0.07916666666666666
43 0.87109375 0.44687499999999997 0.029687500000000002 0.05625
45 0.70859375 0.759375 0.0578125 0.07708333333333334
32 0.9281250000000001 0.834375 0.065625 0.13541666666666666
27 0.92109375 0.4041666666666667 0.0578125 0.029166666666666667
39 0.9203125000000001 0.43124999999999997 0.053125000000000006 0.0375
44 0.8109375000000001 0.4322916666666667 0.059375000000000004 0.027083333333333334
23 0.7828125 0.4 0.07500000000000001 0.03333333333333333
