1 0.86875 0.553125 0.053125000000000006 0.13541666666666666
23 0.8640625000000001 0.6864583333333333 0.11875000000000001 0.06458333333333333
43 0.7140625 0.6385416666666667 0.028125 0.06041666666666667
15 0.753125 0.5416666666666666 0.09062500000000001 0.08333333333333333
11 0.7453125 0.48333333333333334 0.16875 0.058333333333333334
43 0.7781250000000001 0.434375 0.025 0.052083333333333336
45 0.63203125 0.7479166666666667 0.0578125 0.07916666666666666
32 0.84140625 0.803125 0.0578125 0.12708333333333333
19 0.921875 0.5239583333333333 0.153125 0.09791666666666667
47 0.9453125 0.465625 0.059375000000000004 0.027083333333333334
38 0.90546875 0.4125 0.0203125 0.029166666666666667
27 0.821875 0.3927083333333333 0.053125000000000006 0.03125
39 0.8250000000000001 0.41770833333333335 0.05 0.03125
44 0.7195312500000001 0.42291666666666666 0.0546875 0.029166666666666667
23 0.69140625 0.390625 0.0703125 0.03125
