31 0.7976562500000001 0.7572916666666667 0.029687500000000002 0.04375
6 0.7507812500000001 0.63125 0.0421875 0.06666666666666667
42 0.7296875 0.546875 0.053125000000000006 0.06041666666666667
1 0.61875 0.5166666666666666 0.040625 0.12916666666666665
23 0.61640625 0.6427083333333333 0.1015625 0.052083333333333336
43 0.48203125 0.621875 0.0234375 0.06458333333333333
15 0.5085937500000001 0.5239583333333333 0.08281250000000001 0.08125
11 0.5015625 0.4666666666666667 0.16875 0.058333333333333334
43 0.5234375 0.41562499999999997 0.025 0.052083333333333336
45 0.40859375000000003 0.7447916666666666 0.0578125 0.07708333333333334
32 0.60546875 0.753125 0.0421875 0.11875
19 0.6742187500000001 0.48541666666666666 0.1265625 0.08333333333333333
47 0.66953125 0.4322916666666667 0.0484375 0.027083333333333334
38 0.634375 0.3854166666666667 0.021875000000000002 0.029166666666666667
27 0.5609375 0.371875 0.043750000000000004 0.03125
39 0.5640625 0.3958333333333333 0.040625 0.029166666666666667
44 0.4703125 0.4145833333333333 0.05 0.029166666666666667
23 0.44453125000000004 0.384375 0.06406250000000001 0.027083333333333334
