6 0.971875 0.6885416666666666 0.053125000000000006 0.07291666666666667
42 0.9554687500000001 0.590625 0.060937500000000006 0.06041666666666667
1 0.8289062500000001 0.5447916666666667 0.0546875 0.13541666666666666
23 0.8187500000000001 0.6739583333333333 0.1125 0.06041666666666667
43 0.675 0.6333333333333333 0.028125 0.0625
15 0.7132812500000001 0.5375 0.0921875 0.08333333333333333
11 0.70625 0.4791666666666667 0.16875 0.058333333333333334
43 0.73359375 0.42604166666666665 0.0234375 0.05625
45 0.5921875 0.74375 0.05625 0.075
32 0.7976562500000001 0.790625 0.0546875 0.12708333333333333
19 0.9 0.51875 0.153125 0.1
47 0.89375 0.46041666666666664 0.059375000000000004 0.029166666666666667
38 0.85703125 0.40729166666666666 0.0203125 0.027083333333333334
27 0.775 0.38645833333333335 0.05 0.03125
39 0.7765625 0.4114583333333333 0.046875 0.03125
44 0.6765625000000001 0.42083333333333334 0.053125000000000006 0.029166666666666667
23 0.6492187500000001 0.38645833333333335 0.06406250000000001 0.03125
