34 0.8296875 0.7802083333333333 0.321875 0.32708333333333334
26 0.5953125 0.8302083333333333 0.046875 0.04791666666666666
36 0.54921875 0.6729166666666666 0.06406250000000001 0.08333333333333333
20 0.54609375 0.47291666666666665 0.1484375 0.3208333333333333
29 0.43046875 0.8572916666666667 0.1421875 0.10208333333333333
32 0.86875 0.6229166666666667 0.05625 0.06666666666666667
11 0.29375 0.6604166666666667 0.328125 0.14166666666666666
27 0.28671875 0.775 0.06406250000000001 0.09166666666666666
37 0.24531250000000002 0.9270833333333334 0.08750000000000001 0.1125
13 0.12890625 0.7645833333333333 0.1265625 0.07083333333333333
