34 0.7875000000000001 0.7677083333333333 0.309375 0.3229166666666667
26 0.5609375 0.828125 0.046875 0.04791666666666666
36 0.51328125 0.6729166666666666 0.06406250000000001 0.08333333333333333
20 0.50546875 0.47291666666666665 0.1453125 0.3208333333333333
29 0.3953125 0.8614583333333333 0.14375000000000002 0.10208333333333333
32 0.8250000000000001 0.6125 0.05625 0.06666666666666667
11 0.2546875 0.665625 0.340625 0.13541666666666666
27 0.2484375 0.784375 0.065625 0.09375
37 0.20625000000000002 0.9406249999999999 0.08750000000000001 0.11458333333333333
13 0.08671875000000001 0.78125 0.1265625 0.07083333333333333
