34 0.91015625 0.8 0.1796875 0.30833333333333335
26 0.73984375 0.8552083333333333 0.0484375 0.04375
36 0.69921875 0.6895833333333333 0.06406250000000001 0.08333333333333333
20 0.7078125000000001 0.48125 0.153125 0.3208333333333333
29 0.56875 0.853125 0.140625 0.08541666666666667
11 0.45 0.646875 0.309375 0.16458333333333333
27 0.434375 0.7541666666666667 0.059375000000000004 0.0875
37 0.384375 0.8927083333333333 0.08125 0.11458333333333333
13 0.2890625 0.7239583333333334 0.11875000000000001 0.05625
26 0.16171875000000002 0.8822916666666667 0.0546875 0.04375
30 0.2015625 0.5364583333333334 0.084375 0.24375
33 0.16015625 0.6875 0.0765625 0.20416666666666666
5 0.06015625 0.7385416666666667 0.09531250000000001 0.08125
8 0.05234375 0.565625 0.045312500000000006 0.06458333333333333
5 0.02890625 0.6677083333333333 0.0578125 0.027083333333333334
