26 0.81640625 0.8770833333333333 0.051562500000000004 0.041666666666666664
36 0.77734375 0.7041666666666666 0.06406250000000001 0.08333333333333333
20 0.7976562500000001 0.49166666666666664 0.18281250000000002 0.32916666666666666
29 0.6390625000000001 0.8614583333333333 0.140625 0.08125
11 0.52578125 0.64375 0.30781250000000004 0.1625
27 0.50625 0.7541666666666667 0.059375000000000004 0.0875
37 0.45546875000000003 0.8864583333333333 0.0765625 0.11041666666666666
13 0.36562500000000003 0.7083333333333334 0.1125 0.04583333333333333
26 0.23828125 0.8552083333333333 0.0546875 0.04375
30 0.2859375 0.5229166666666667 0.078125 0.23333333333333334
33 0.24296875 0.6666666666666666 0.06406250000000001 0.19583333333333333
5 0.1484375 0.7114583333333333 0.08750000000000001 0.08125
8 0.1453125 0.5447916666666667 0.043750000000000004 0.06458333333333333
5 0.10234375000000001 0.6395833333333333 0.0890625 0.029166666666666667
