1 0.6742187500000001 0.35520833333333335 0.0703125 0.19375
39 0.9437500000000001 0.7083333333333334 0.084375 0.07916666666666666
47 0.85546875 0.7416666666666667 0.060937500000000006 0.075
15 0.76484375 0.7677083333333333 0.1484375 0.16458333333333333
35 0.5234375 0.8208333333333333 0.109375 0.11666666666666667
45 0.603125 0.4083333333333333 0.0625 0.07083333333333333
31 0.628125 0.865625 0.065625 0.06458333333333333
45 0.7515625 0.41562499999999997 0.043750000000000004 0.04791666666666666
42 0.34296875000000004 0.4770833333333333 0.1015625 0.12083333333333333
38 0.22968750000000002 0.525 0.08125 0.1
