10 0.8265625000000001 0.753125 0.084375 0.14791666666666667
36 0.65234375 0.7395833333333334 0.0890625 0.12083333333333333
8 0.69296875 0.6125 0.051562500000000004 0.07916666666666666
9 0.42890625000000004 0.73125 0.1703125 0.22083333333333333
34 0.48359375000000004 0.6354166666666666 0.2421875 0.12916666666666665
13 0.8695312500000001 0.9583333333333334 0.15781250000000002 0.08333333333333333
19 0.5554687500000001 0.9083333333333333 0.20468750000000002 0.175
25 0.34453125 0.7041666666666666 0.0421875 0.075
15 0.19843750000000002 0.6458333333333334 0.14375000000000002 0.14583333333333334
40 0.040625 0.75 0.07500000000000001 0.15416666666666667
34 0.13593750000000002 0.8729166666666667 0.26875 0.25
