10 0.9546875 0.7979166666666666 0.08750000000000001 0.15833333333333333
36 0.76953125 0.759375 0.0921875 0.12291666666666666
8 0.8171875000000001 0.634375 0.05625 0.08541666666666667
9 0.54140625 0.7291666666666666 0.1703125 0.22083333333333333
34 0.59765625 0.6395833333333333 0.2421875 0.15
19 0.659375 0.9104166666666667 0.21875 0.175
25 0.46015625000000004 0.6916666666666667 0.0421875 0.075
15 0.32421875 0.6239583333333333 0.13593750000000002 0.14375
40 0.1640625 0.703125 0.08125 0.14375
34 0.23515625 0.8583333333333333 0.2984375 0.275
48 0.0625 0.8947916666666667 0.059375000000000004 0.06041666666666667
0 0.12187500000000001 0.6291666666666667 0.1875 0.14166666666666666
49 0.06640625 0.44479166666666664 0.0921875 0.25625
