36 0.8523437500000001 0.7822916666666666 0.1015625 0.13541666666666666
8 0.909375 0.6572916666666666 0.0625 0.08958333333333333
9 0.6179687500000001 0.73125 0.1703125 0.22083333333333333
34 0.6796875 0.6520833333333333 0.25 0.1625
19 0.73203125 0.9166666666666666 0.2265625 0.1625
25 0.5375 0.690625 0.040625 0.07708333333333334
15 0.403125 0.6135416666666667 0.13125 0.13541666666666666
40 0.2484375 0.6833333333333333 0.078125 0.1375
34 0.31015625 0.8354166666666667 0.2984375 0.275
48 0.14765625000000002 0.8624999999999999 0.0578125 0.058333333333333334
0 0.21015625000000002 0.609375 0.1765625 0.13958333333333334
49 0.1640625 0.4302083333333333 0.08750000000000001 0.2520833333333333
1 0.08203125 0.54375 0.0578125 0.12083333333333333
14 0.055468750000000004 0.646875 0.11093750000000001 0.17708333333333334
41 0.06484375 0.8 0.1265625 0.15416666666666667
