9 0.7375 0.7458333333333333 0.18125000000000002 0.225
34 0.80859375 0.6770833333333334 0.2703125 0.19166666666666665
15 0.51953125 0.609375 0.1296875 0.13125
40 0.36953125000000003 0.6625 0.0671875 0.13333333333333333
34 0.41796875 0.8552083333333333 0.31093750000000003 0.28541666666666665
48 0.2703125 0.8208333333333333 0.053125000000000006 0.05
0 0.33828125000000003 0.5864583333333333 0.1640625 0.13541666666666666
49 0.29921875000000003 0.4125 0.0703125 0.2375
1 0.22031250000000002 0.515625 0.05 0.11875
14 0.1765625 0.6020833333333333 0.13125 0.17916666666666667
41 0.16953125000000002 0.753125 0.1640625 0.13541666666666666
2 0.026562500000000003 0.7229166666666667 0.05 0.0875
