36 0.94453125 0.8156249999999999 0.1046875 0.13958333333333334
9 0.6953125 0.7385416666666667 0.178125 0.22291666666666665
34 0.765625 0.6697916666666667 0.265625 0.18958333333333333
19 0.81171875 0.9249999999999999 0.2390625 0.14583333333333334
25 0.6109375 0.69375 0.037500000000000006 0.07916666666666666
15 0.48046875 0.609375 0.1296875 0.13125
40 0.3296875 0.6677083333333333 0.06875 0.13541666666666666
34 0.37812500000000004 0.8552083333333333 0.31562500000000004 0.28541666666666665
48 0.22968750000000002 0.8312499999999999 0.05 0.05
0 0.29609375 0.59375 0.1703125 0.1375
49 0.25546875 0.4166666666666667 0.0765625 0.24166666666666667
1 0.1765625 0.521875 0.053125000000000006 0.11875
14 0.1328125 0.6145833333333334 0.134375 0.17916666666666667
41 0.12578125 0.765625 0.1703125 0.13958333333333334
