37 0.83359375 0.35833333333333334 0.026562500000000003 0.0375
5 0.82578125 0.428125 0.0765625 0.027083333333333334
27 0.8210937500000001 0.3989583333333333 0.045312500000000006 0.022916666666666665
36 0.9031250000000001 0.496875 0.05 0.06458333333333333
26 0.796875 0.47604166666666664 0.025 0.027083333333333334
2 0.77890625 0.490625 0.08281250000000001 0.04375
13 0.7585937500000001 0.5572916666666666 0.0703125 0.052083333333333336
11 0.6234375000000001 0.6229166666666667 0.21250000000000002 0.20833333333333334
8 0.6218750000000001 0.7739583333333333 0.0625 0.09791666666666667
32 0.8953125000000001 0.865625 0.146875 0.16041666666666665
37 0.95625 0.734375 0.07187500000000001 0.09375
41 0.7296875 0.43854166666666666 0.09062500000000001 0.05625
30 0.6296875000000001 0.4822916666666667 0.15000000000000002 0.12291666666666666
34 0.6468750000000001 0.37916666666666665 0.16875 0.09583333333333333
33 0.74921875 0.36666666666666664 0.035937500000000004 0.1125
20 0.759375 0.28854166666666664 0.078125 0.18541666666666667
29 0.89609375 0.5864583333333333 0.09843750000000001 0.06875
26 0.43203125000000003 0.7583333333333333 0.0421875 0.04583333333333333
