37 0.43125 0.340625 0.028125 0.03958333333333333
5 0.42890625000000004 0.40625 0.0703125 0.020833333333333332
27 0.4234375 0.3770833333333333 0.040625 0.025
36 0.48984375 0.45625 0.0421875 0.058333333333333334
26 0.45156250000000003 0.44166666666666665 0.021875000000000002 0.025
2 0.3875 0.47604166666666664 0.078125 0.05625
13 0.371875 0.5416666666666666 0.07187500000000001 0.0375
11 0.2390625 0.646875 0.253125 0.21458333333333332
8 0.26406250000000003 0.8010416666666667 0.06875 0.10208333333333333
32 0.521875 0.7854166666666667 0.12812500000000002 0.10833333333333334
37 0.5578125 0.65625 0.05625 0.07916666666666666
41 0.32656250000000003 0.434375 0.096875 0.052083333333333336
30 0.22890625 0.49583333333333335 0.17343750000000002 0.1375
34 0.23671875 0.390625 0.18906250000000002 0.11041666666666666
33 0.34375 0.359375 0.034375 0.11041666666666666
20 0.3484375 0.28229166666666666 0.084375 0.19375
29 0.49296875 0.5385416666666667 0.08281250000000001 0.052083333333333336
