37 0.67109375 0.33958333333333335 0.026562500000000003 0.0375
5 0.665625 0.409375 0.07187500000000001 0.022916666666666665
27 0.659375 0.38229166666666664 0.040625 0.022916666666666665
36 0.72421875 0.46875 0.0421875 0.058333333333333334
26 0.6843750000000001 0.45 0.021875000000000002 0.025
2 0.61875 0.47604166666666664 0.078125 0.052083333333333336
13 0.60078125 0.5385416666666667 0.0671875 0.03958333333333333
11 0.4734375 0.6177083333333333 0.21875 0.20625
8 0.48046875 0.7666666666666666 0.060937500000000006 0.1
32 0.7351562500000001 0.8114583333333333 0.1296875 0.13125
37 0.78515625 0.6864583333333333 0.060937500000000006 0.08541666666666667
41 0.5609375 0.428125 0.09062500000000001 0.052083333333333336
30 0.47500000000000003 0.47604166666666664 0.15000000000000002 0.12708333333333333
34 0.484375 0.37604166666666666 0.17500000000000002 0.09791666666666667
33 0.58359375 0.35625 0.026562500000000003 0.10833333333333334
20 0.59140625 0.28020833333333334 0.0734375 0.18541666666666667
29 0.7250000000000001 0.5541666666666667 0.084375 0.058333333333333334
26 0.28671875 0.778125 0.045312500000000006 0.04375
