5 0.9671875000000001 0.44895833333333335 0.0625 0.035416666666666666
27 0.9750000000000001 0.41770833333333335 0.05 0.027083333333333334
2 0.9148437500000001 0.515625 0.09531250000000001 0.04791666666666666
13 0.88984375 0.5822916666666667 0.0765625 0.06041666666666667
11 0.74140625 0.6375 0.22031250000000002 0.2125
8 0.73359375 0.7916666666666666 0.06406250000000001 0.1
41 0.8578125000000001 0.45625 0.109375 0.058333333333333334
30 0.75390625 0.49166666666666664 0.1640625 0.125
34 0.77734375 0.38645833333333335 0.18281250000000002 0.10208333333333333
33 0.88671875 0.3802083333333333 0.0421875 0.11875
20 0.9140625 0.29791666666666666 0.1125 0.20416666666666666
26 0.5390625 0.75625 0.040625 0.04583333333333333
