32 0.9656250000000001 0.5802083333333333 0.065625 0.06875
29 0.8851562500000001 0.6760416666666667 0.1203125 0.08958333333333333
50 0.82734375 0.5541666666666667 0.0703125 0.10833333333333334
43 0.76875 0.6729166666666666 0.059375000000000004 0.08333333333333333
47 0.76484375 0.7791666666666667 0.1703125 0.14583333333333334
24 0.56171875 0.7760416666666666 0.0578125 0.11041666666666666
25 0.5164062500000001 0.6427083333333333 0.0484375 0.06458333333333333
33 0.659375 0.5708333333333333 0.053125000000000006 0.15416666666666667
30 0.6125 0.5604166666666667 0.18125000000000002 0.10833333333333334
48 0.45859375 0.7104166666666667 0.0421875 0.0375
17 0.44765625000000003 0.5666666666666667 0.0578125 0.0875
18 0.371875 0.7010416666666667 0.05 0.15208333333333332
29 0.3296875 0.6729166666666666 0.065625 0.075
46 0.34921875 0.58125 0.06406250000000001 0.07916666666666666
33 0.3609375 0.4875 0.037500000000000006 0.1375
16 0.26328125 0.5760416666666667 0.07968750000000001 0.08125
48 0.2390625 0.5260416666666666 0.034375 0.022916666666666665
18 0.21015625000000002 0.6822916666666666 0.0484375 0.08541666666666667
40 0.1453125 0.584375 0.06875 0.07291666666666667
49 0.06406250000000001 0.6354166666666666 0.06875 0.1625
