0 0.69921875 0.734375 0.2078125 0.20625
44 0.64453125 0.6020833333333333 0.060937500000000006 0.0375
32 0.58515625 0.5208333333333334 0.0734375 0.058333333333333334
29 0.515625 0.6208333333333333 0.10312500000000001 0.07083333333333333
50 0.45234375000000004 0.5229166666666667 0.060937500000000006 0.10416666666666667
43 0.41718750000000004 0.65 0.05625 0.07083333333333333
47 0.42421875000000003 0.7572916666666667 0.1609375 0.10625
24 0.22734375 0.81875 0.060937500000000006 0.12083333333333333
25 0.15937500000000002 0.6927083333333334 0.059375000000000004 0.07291666666666667
33 0.3046875 0.5770833333333333 0.05625 0.15833333333333333
30 0.25390625 0.5833333333333334 0.18906250000000002 0.12916666666666665
48 0.1 0.7854166666666667 0.05 0.029166666666666667
17 0.0671875 0.6302083333333334 0.06875 0.10625
