0 0.884375 0.7895833333333333 0.22812500000000002 0.22083333333333333
44 0.84921875 0.6364583333333333 0.0671875 0.04791666666666666
32 0.78828125 0.5416666666666666 0.07968750000000001 0.0625
29 0.7125 0.6385416666666667 0.109375 0.07708333333333334
50 0.65 0.5322916666666666 0.059375000000000004 0.10208333333333333
43 0.609375 0.653125 0.05625 0.07291666666666667
47 0.6109375 0.7572916666666667 0.153125 0.11458333333333333
24 0.41640625000000003 0.7822916666666666 0.0546875 0.11041666666666666
25 0.3640625 0.6510416666666666 0.05 0.06458333333333333
33 0.503125 0.5625 0.046875 0.15416666666666667
30 0.45625000000000004 0.5604166666666667 0.18125000000000002 0.12083333333333333
48 0.30546875 0.7302083333333333 0.045312500000000006 0.03125
17 0.28359375000000003 0.5864583333333333 0.06406250000000001 0.09375
18 0.21406250000000002 0.7322916666666667 0.059375000000000004 0.15625
29 0.16171875000000002 0.7052083333333333 0.0734375 0.07708333333333334
46 0.17734375000000002 0.6125 0.0734375 0.08333333333333333
33 0.18203125 0.5083333333333333 0.0546875 0.14166666666666666
16 0.08828125 0.6166666666666667 0.0890625 0.09166666666666666
48 0.055468750000000004 0.5645833333333333 0.035937500000000004 0.020833333333333332
18 0.032031250000000004 0.7375 0.0578125 0.09583333333333333
