43 0.9460937500000001 0.71875 0.06406250000000001 0.09583333333333333
47 0.91953125 0.834375 0.1546875 0.17708333333333334
24 0.7132812500000001 0.8010416666666667 0.060937500000000006 0.10625
25 0.6726562500000001 0.6552083333333333 0.0484375 0.06458333333333333
33 0.8296875 0.596875 0.05625 0.16458333333333333
30 0.7835937500000001 0.5833333333333334 0.2015625 0.10416666666666667
48 0.6078125000000001 0.7135416666666666 0.040625 0.03958333333333333
17 0.60546875 0.5697916666666667 0.0578125 0.08541666666666667
18 0.52734375 0.69375 0.0484375 0.14166666666666666
29 0.48359375000000004 0.6635416666666667 0.060937500000000006 0.07291666666666667
46 0.5078125 0.5729166666666666 0.065625 0.07916666666666666
33 0.521875 0.484375 0.03125 0.13541666666666666
16 0.42734375 0.559375 0.0765625 0.06875
48 0.40468750000000003 0.5083333333333333 0.03125 0.016666666666666666
18 0.37343750000000003 0.6552083333333333 0.046875 0.08125
40 0.3171875 0.553125 0.059375000000000004 0.06875
49 0.24296875 0.5895833333333333 0.0578125 0.15
