0 0.7796875000000001 0.7552083333333334 0.21875 0.21041666666666667
44 0.72421875 0.6135416666666667 0.06406250000000001 0.04375
32 0.6664062500000001 0.528125 0.0765625 0.06041666666666667
29 0.59375 0.6239583333333333 0.10625000000000001 0.07291666666666667
50 0.53125 0.5229166666666667 0.059375000000000004 0.10416666666666667
43 0.49453125000000003 0.6479166666666667 0.0578125 0.07916666666666666
47 0.49843750000000003 0.7510416666666666 0.15625 0.11458333333333333
24 0.30390625000000004 0.796875 0.0578125 0.11458333333333333
25 0.24375000000000002 0.671875 0.053125000000000006 0.06875
33 0.38515625000000003 0.5677083333333334 0.051562500000000004 0.16041666666666665
30 0.33828125000000003 0.571875 0.1859375 0.12291666666666666
48 0.184375 0.7583333333333333 0.05 0.029166666666666667
17 0.15937500000000002 0.6072916666666667 0.06875 0.10208333333333333
18 0.084375 0.7729166666666667 0.07187500000000001 0.17083333333333334
29 0.035937500000000004 0.7489583333333333 0.07187500000000001 0.08125
46 0.0421875 0.6458333333333334 0.08125 0.09166666666666666
33 0.049218750000000006 0.5395833333333333 0.060937500000000006 0.15
