47 0.9437500000000001 0.8458333333333333 0.1125 0.175
24 0.7507812500000001 0.809375 0.060937500000000006 0.10625
25 0.7117187500000001 0.659375 0.0484375 0.06458333333333333
33 0.8734375000000001 0.60625 0.059375000000000004 0.16666666666666666
30 0.828125 0.5916666666666667 0.20625000000000002 0.09583333333333333
48 0.6468750000000001 0.71875 0.040625 0.0375
17 0.64453125 0.5739583333333333 0.0578125 0.08541666666666667
18 0.565625 0.6947916666666667 0.05 0.14375
29 0.52109375 0.6625 0.060937500000000006 0.075
46 0.54609375 0.5739583333333333 0.06406250000000001 0.07708333333333334
33 0.5632812500000001 0.484375 0.029687500000000002 0.13541666666666666
16 0.46640625 0.5572916666666666 0.07968750000000001 0.06875
48 0.44453125000000004 0.50625 0.029687500000000002 0.016666666666666666
18 0.41328125000000004 0.65 0.0390625 0.075
40 0.35781250000000003 0.5489583333333333 0.05625 0.06458333333333333
49 0.28515625 0.584375 0.0546875 0.14791666666666667
