0 0.915625 0.8114583333333333 0.16562500000000002 0.23124999999999998
44 0.9 0.65 0.07187500000000001 0.05416666666666667
32 0.8375 0.553125 0.08125 0.06875
29 0.75390625 0.6447916666666667 0.11093750000000001 0.08125
50 0.6937500000000001 0.534375 0.065625 0.10625
43 0.6468750000000001 0.6520833333333333 0.05625 0.07916666666666666
47 0.6468750000000001 0.759375 0.15937500000000002 0.13125
24 0.45234375000000004 0.778125 0.0546875 0.11041666666666666
25 0.403125 0.646875 0.05 0.06458333333333333
33 0.5421875 0.5625 0.046875 0.15416666666666667
30 0.49375 0.5604166666666667 0.18125000000000002 0.12083333333333333
48 0.34453125 0.7239583333333334 0.045312500000000006 0.03125
17 0.32890625 0.5770833333333333 0.0578125 0.0875
18 0.2546875 0.7260416666666667 0.059375000000000004 0.15625
29 0.20859375000000002 0.6947916666666667 0.0703125 0.07291666666666667
46 0.2265625 0.6010416666666667 0.07187500000000001 0.08125
33 0.23359375000000002 0.5010416666666666 0.0484375 0.13958333333333334
16 0.13359375 0.6052083333333333 0.0859375 0.08541666666666667
48 0.10234375000000001 0.5541666666666667 0.035937500000000004 0.020833333333333332
18 0.07734375 0.7177083333333333 0.051562500000000004 0.08958333333333333
