29 0.9578125000000001 0.703125 0.084375 0.09791666666666667
50 0.9187500000000001 0.5729166666666666 0.07500000000000001 0.11666666666666667
43 0.8546875 0.69375 0.059375000000000004 0.0875
47 0.84765625 0.8020833333333334 0.17343750000000002 0.15833333333333333
24 0.63671875 0.784375 0.0578125 0.11041666666666666
25 0.59296875 0.646875 0.0484375 0.06041666666666667
33 0.74140625 0.5802083333333333 0.0546875 0.15625
30 0.6976562500000001 0.5708333333333333 0.18906250000000002 0.1
48 0.5320312500000001 0.709375 0.0421875 0.035416666666666666
17 0.52734375 0.5666666666666667 0.0578125 0.0875
18 0.45078125 0.6958333333333333 0.0484375 0.14583333333333334
29 0.40703125 0.6645833333333333 0.06406250000000001 0.075
46 0.42890625000000004 0.575 0.06406250000000001 0.07916666666666666
33 0.44062500000000004 0.484375 0.034375 0.13541666666666666
16 0.3453125 0.5666666666666667 0.078125 0.075
48 0.32343750000000004 0.515625 0.03125 0.01875
18 0.2921875 0.6635416666666667 0.046875 0.08125
40 0.23359375000000002 0.565625 0.060937500000000006 0.06875
49 0.15546875000000002 0.6114583333333333 0.060937500000000006 0.15625
