0 0.8562500000000001 0.759375 0.234375 0.23124999999999998
30 0.7820312500000001 0.6052083333333333 0.1609375 0.13125
29 0.67109375 0.5854166666666667 0.09531250000000001 0.041666666666666664
24 0.64453125 0.7229166666666667 0.0890625 0.0875
22 0.57734375 0.6322916666666667 0.08281250000000001 0.06458333333333333
7 0.5421875 0.50625 0.17500000000000002 0.19166666666666665
43 0.7093750000000001 0.48333333333333334 0.0625 0.05
33 0.659375 0.40625 0.034375 0.1125
49 0.696875 0.38229166666666664 0.034375 0.10208333333333333
12 0.578125 0.42604166666666665 0.059375000000000004 0.11041666666666666
46 0.51875 0.3572916666666667 0.034375 0.06875
50 0.47968750000000004 0.7354166666666666 0.146875 0.17083333333333334
16 0.68671875 0.5260416666666666 0.1078125 0.04375
9 0.35859375000000004 0.6083333333333333 0.15781250000000002 0.29583333333333334
