0 0.76953125 0.7322916666666667 0.2171875 0.21041666666666667
30 0.696875 0.5927083333333333 0.146875 0.12708333333333333
29 0.59296875 0.575 0.09531250000000001 0.0375
24 0.56953125 0.7135416666666666 0.0890625 0.08958333333333333
22 0.5 0.6239583333333333 0.084375 0.06041666666666667
7 0.45859375 0.5083333333333333 0.1765625 0.19583333333333333
43 0.62421875 0.4791666666666667 0.0578125 0.04583333333333333
33 0.571875 0.4041666666666667 0.034375 0.11666666666666667
49 0.6117187500000001 0.3770833333333333 0.0328125 0.1
12 0.5 0.42604166666666665 0.059375000000000004 0.11041666666666666
46 0.43203125000000003 0.3614583333333333 0.0328125 0.06875
50 0.40546875000000004 0.740625 0.15156250000000002 0.18125
16 0.59609375 0.51875 0.1015625 0.03333333333333333
9 0.2734375 0.6229166666666667 0.171875 0.30833333333333335
