29 0.8851562500000001 0.6239583333333333 0.1078125 0.05625
24 0.8445312500000001 0.7645833333333333 0.1046875 0.08333333333333333
22 0.77734375 0.6614583333333334 0.09531250000000001 0.07291666666666667
7 0.74609375 0.51875 0.1921875 0.1875
43 0.9359375000000001 0.521875 0.07187500000000001 0.06458333333333333
33 0.884375 0.428125 0.05 0.12708333333333333
49 0.9296875 0.4083333333333333 0.043750000000000004 0.1125
12 0.7953125000000001 0.44895833333333335 0.06875 0.11875
46 0.73046875 0.3677083333333333 0.0390625 0.07291666666666667
50 0.6671875 0.7458333333333333 0.15625 0.16666666666666666
16 0.9078125 0.5625 0.125 0.0625
9 0.5515625000000001 0.603125 0.14375000000000002 0.29375
