0 0.9085937500000001 0.7895833333333333 0.1765625 0.24583333333333332
30 0.8671875 0.6260416666666666 0.17500000000000002 0.13125
29 0.74921875 0.5979166666666667 0.09531250000000001 0.041666666666666664
24 0.721875 0.734375 0.1 0.08541666666666667
22 0.65234375 0.6395833333333333 0.08281250000000001 0.0625
7 0.6195312500000001 0.5083333333333333 0.17343750000000002 0.19166666666666665
43 0.7890625 0.4947916666666667 0.0625 0.052083333333333336
33 0.7445312500000001 0.4114583333333333 0.0390625 0.11458333333333333
49 0.784375 0.38958333333333334 0.037500000000000006 0.10416666666666667
12 0.6671875 0.4354166666666667 0.0625 0.11666666666666667
46 0.60078125 0.359375 0.035937500000000004 0.06875
50 0.553125 0.7354166666666666 0.153125 0.16666666666666666
16 0.76171875 0.5364583333333334 0.11093750000000001 0.04791666666666666
9 0.43593750000000003 0.6020833333333333 0.153125 0.2916666666666667
