30 0.93359375 0.6479166666666667 0.1296875 0.14166666666666666
29 0.8328125000000001 0.6135416666666667 0.10312500000000001 0.052083333333333336
24 0.8015625000000001 0.7520833333333333 0.1 0.08333333333333333
22 0.7351562500000001 0.6520833333333333 0.0890625 0.0625
7 0.70703125 0.5145833333333333 0.1921875 0.1875
43 0.88671875 0.5114583333333333 0.0734375 0.06041666666666667
33 0.8359375 0.4239583333333333 0.046875 0.11875
49 0.87890625 0.40208333333333335 0.0421875 0.1125
12 0.7562500000000001 0.44166666666666665 0.06875 0.12083333333333333
46 0.6875 0.3614583333333333 0.037500000000000006 0.06875
50 0.62890625 0.7416666666666667 0.15156250000000002 0.16666666666666666
16 0.8578125000000001 0.5541666666666667 0.11875000000000001 0.05416666666666667
9 0.5140625 0.6010416666666667 0.14375000000000002 0.29375
