20 0.7367187500000001 0.46041666666666664 0.1421875 0.21666666666666667
11 0.7765625 0.6010416666666667 0.24375000000000002 0.10625
7 0.8617187500000001 0.75625 0.2734375 0.2916666666666667
13 0.63046875 0.7822916666666666 0.1640625 0.09375
3 0.5953125 0.659375 0.19062500000000002 0.16041666666666665
18 0.64609375 0.5020833333333333 0.035937500000000004 0.14583333333333334
6 0.9460937500000001 0.584375 0.1046875 0.06458333333333333
14 0.5281250000000001 0.525 0.153125 0.15416666666666667
23 0.44843750000000004 0.7583333333333333 0.14375000000000002 0.14166666666666666
5 0.46796875000000004 0.65 0.029687500000000002 0.0875
2 0.37109375 0.7041666666666666 0.1421875 0.11666666666666667
15 0.446875 0.47812499999999997 0.096875 0.09375
4 0.38046875 0.5708333333333333 0.0703125 0.0625
16 0.3046875 0.5239583333333333 0.115625 0.03125
3 0.24921875000000002 0.6729166666666666 0.2515625 0.1875
19 0.17265625 0.5645833333333333 0.18906250000000002 0.1125
