20 0.828125 0.471875 0.15625 0.21875
11 0.8656250000000001 0.6177083333333333 0.2625 0.10625
7 0.89765625 0.78125 0.2015625 0.2916666666666667
13 0.70625 0.796875 0.171875 0.08541666666666667
3 0.6734375 0.66875 0.19687500000000002 0.15833333333333333
18 0.7296875 0.5125 0.037500000000000006 0.14583333333333334
14 0.60859375 0.525 0.15781250000000002 0.15
23 0.521875 0.75625 0.14375000000000002 0.14166666666666666
5 0.54296875 0.65 0.029687500000000002 0.0875
2 0.45 0.690625 0.140625 0.10625
15 0.52890625 0.47812499999999997 0.09843750000000001 0.09375
4 0.45859375 0.5666666666666667 0.0703125 0.0625
16 0.38515625000000003 0.515625 0.1203125 0.03125
3 0.33046875000000003 0.65625 0.2421875 0.175
19 0.2609375 0.5510416666666667 0.184375 0.11041666666666666
