26 0.91328125 0.803125 0.0484375 0.04375
4 0.7890625 0.678125 0.078125 0.07291666666666667
20 0.40390625 0.453125 0.1296875 0.22291666666666665
11 0.44921875 0.5833333333333334 0.2234375 0.14166666666666666
7 0.5390625 0.7072916666666667 0.22812500000000002 0.3104166666666667
3 0.7328125000000001 0.5770833333333333 0.215625 0.12916666666666665
13 0.33437500000000003 0.7958333333333333 0.15937500000000002 0.15
3 0.2828125 0.6875 0.21875 0.20416666666666666
18 0.31796875 0.509375 0.0390625 0.15208333333333332
6 0.7445312500000001 0.7572916666666667 0.08281250000000001 0.11875
6 0.6039062500000001 0.53125 0.09843750000000001 0.041666666666666664
14 0.19843750000000002 0.559375 0.171875 0.18125
23 0.13203125000000002 0.8322916666666667 0.1640625 0.16458333333333333
5 0.14609375 0.703125 0.0328125 0.09375
2 0.059375000000000004 0.7729166666666667 0.11875000000000001 0.125
15 0.09921875000000001 0.5197916666666667 0.11093750000000001 0.10625
4 0.03671875 0.6395833333333333 0.0734375 0.075
