20 0.875 0.47812499999999997 0.15937500000000002 0.22291666666666665
11 0.88984375 0.6322916666666667 0.22031250000000002 0.10625
7 0.91953125 0.7989583333333333 0.1609375 0.2895833333333333
13 0.74765625 0.8052083333333333 0.17343750000000002 0.08541666666666667
3 0.7132812500000001 0.675 0.1953125 0.16666666666666666
18 0.7757812500000001 0.5177083333333333 0.045312500000000006 0.14791666666666667
14 0.64765625 0.5291666666666667 0.15781250000000002 0.15
23 0.5593750000000001 0.75625 0.14375000000000002 0.14166666666666666
5 0.58203125 0.6520833333333333 0.029687500000000002 0.0875
2 0.48750000000000004 0.690625 0.140625 0.10625
15 0.56953125 0.4791666666666667 0.09843750000000001 0.09166666666666666
4 0.49765625 0.5666666666666667 0.0703125 0.0625
16 0.43515625 0.5166666666666666 0.09843750000000001 0.03333333333333333
3 0.371875 0.6489583333333333 0.240625 0.17291666666666666
19 0.3015625 0.5458333333333333 0.184375 0.1125
