26 0.8718750000000001 0.7885416666666667 0.046875 0.04375
4 0.7484375000000001 0.6697916666666667 0.078125 0.06875
20 0.36328125 0.459375 0.1328125 0.23124999999999998
11 0.41250000000000003 0.5854166666666667 0.225 0.14166666666666666
7 0.5 0.7104166666666667 0.22187500000000002 0.31666666666666665
3 0.69140625 0.5708333333333333 0.2109375 0.125
13 0.296875 0.8041666666666667 0.15937500000000002 0.15
3 0.24296875 0.6958333333333333 0.22031250000000002 0.20416666666666666
18 0.278125 0.5135416666666667 0.040625 0.15208333333333332
6 0.70625 0.75 0.078125 0.1125
6 0.56484375 0.5291666666666667 0.09843750000000001 0.041666666666666664
14 0.15625 0.5677083333333334 0.18125000000000002 0.18541666666666667
23 0.09296875 0.8468749999999999 0.1640625 0.16458333333333333
5 0.10390625 0.7166666666666667 0.0328125 0.09166666666666666
2 0.037500000000000006 0.771875 0.07500000000000001 0.08541666666666667
15 0.057031250000000006 0.53125 0.11093750000000001 0.10833333333333334
