20 0.78125 0.46458333333333335 0.15000000000000002 0.21666666666666667
11 0.8210937500000001 0.6083333333333333 0.2515625 0.10416666666666667
7 0.87890625 0.7739583333333333 0.2421875 0.2895833333333333
13 0.6687500000000001 0.7895833333333333 0.16562500000000002 0.0875
3 0.6335937500000001 0.6645833333333333 0.18906250000000002 0.15833333333333333
18 0.68515625 0.5083333333333333 0.035937500000000004 0.14583333333333334
6 0.97265625 0.5875 0.0546875 0.041666666666666664
14 0.5671875000000001 0.525 0.153125 0.15416666666666667
23 0.4859375 0.75625 0.14375000000000002 0.14166666666666666
5 0.50546875 0.65 0.029687500000000002 0.0875
2 0.4109375 0.6927083333333334 0.140625 0.10625
15 0.48671875000000003 0.4791666666666667 0.09531250000000001 0.09166666666666666
4 0.41953125 0.56875 0.0703125 0.0625
16 0.34609375000000003 0.5197916666666667 0.1203125 0.03125
3 0.2890625 0.6604166666666667 0.25 0.17916666666666667
19 0.21796875000000002 0.5583333333333333 0.1921875 0.1125
