20 0.6937500000000001 0.45729166666666665 0.13125 0.22291666666666665
11 0.7328125000000001 0.596875 0.23750000000000002 0.11458333333333333
7 0.8171875000000001 0.7447916666666666 0.2625 0.29375
13 0.59140625 0.7802083333333333 0.1640625 0.10208333333333333
3 0.55859375 0.6583333333333333 0.1953125 0.17916666666666667
18 0.60078125 0.5020833333333333 0.035937500000000004 0.14583333333333334
6 0.909375 0.575 0.12187500000000001 0.07083333333333333
14 0.4890625 0.5239583333333333 0.153125 0.15625
23 0.4109375 0.7625 0.14375000000000002 0.14166666666666666
5 0.42890625000000004 0.6510416666666666 0.026562500000000003 0.08541666666666667
2 0.33359375 0.7083333333333334 0.1421875 0.11666666666666667
15 0.40546875000000004 0.48020833333333335 0.09531250000000001 0.09375
4 0.34140625 0.575 0.0703125 0.0625
16 0.265625 0.5302083333333333 0.115625 0.03125
3 0.20625000000000002 0.684375 0.259375 0.19375
19 0.12734375 0.5729166666666666 0.19843750000000002 0.12083333333333333
