20 0.84765625 0.5239583333333333 0.19843750000000002 0.3854166666666667
5 0.815625 0.7541666666666667 0.140625 0.058333333333333334
5 0.90390625 0.8781249999999999 0.1046875 0.13541666666666666
11 0.64765625 0.771875 0.1765625 0.33958333333333335
21 0.6921875000000001 0.9625 0.10312500000000001 0.07083333333333333
21 0.4 0.7364583333333333 0.08750000000000001 0.14791666666666667
35 0.2390625 0.728125 0.0625 0.07291666666666667
33 0.23984375000000002 0.8520833333333333 0.0890625 0.25
27 0.2015625 0.628125 0.1125 0.06458333333333333
30 0.13515625 0.4739583333333333 0.1421875 0.19791666666666666
29 0.40937500000000004 0.9614583333333333 0.109375 0.06875
8 0.059375000000000004 0.634375 0.05625 0.07708333333333334
36 0.065625 0.48125 0.037500000000000006 0.0625
32 0.0546875 0.8666666666666667 0.109375 0.175
