20 0.55625 0.4927083333333333 0.153125 0.3520833333333333
2 0.82578125 0.9572916666666667 0.1796875 0.08541666666666667
5 0.5515625000000001 0.7125 0.125 0.04583333333333333
5 0.6351562500000001 0.803125 0.09531250000000001 0.10625
26 0.7601562500000001 0.78125 0.0203125 0.05416666666666667
31 0.7195312500000001 0.6354166666666666 0.0546875 0.058333333333333334
11 0.39765625000000004 0.7802083333333333 0.1953125 0.33958333333333335
13 0.58828125 0.9572916666666667 0.15156250000000002 0.04375
21 0.4578125 0.953125 0.10625000000000001 0.08958333333333333
21 0.12890625 0.7989583333333333 0.1046875 0.16041666666666665
