20 0.63671875 0.496875 0.15781250000000002 0.35625
5 0.6234375000000001 0.715625 0.125 0.03958333333333333
5 0.7093750000000001 0.8166666666666667 0.096875 0.1125
26 0.8406250000000001 0.803125 0.021875000000000002 0.05625
31 0.7992187500000001 0.65 0.0578125 0.0625
11 0.46875 0.76875 0.184375 0.32916666666666666
13 0.65546875 0.9645833333333333 0.15156250000000002 0.041666666666666664
21 0.5242187500000001 0.953125 0.1046875 0.08958333333333333
21 0.2109375 0.7729166666666667 0.096875 0.15416666666666667
35 0.0328125 0.7989583333333333 0.065625 0.08541666666666667
33 0.04453125 0.896875 0.0859375 0.19791666666666666
