20 0.596875 0.4947916666666667 0.15625 0.3520833333333333
2 0.85859375 0.9635416666666666 0.1640625 0.07291666666666667
5 0.5859375 0.7135416666666666 0.125 0.03958333333333333
5 0.671875 0.8114583333333333 0.096875 0.10625
26 0.7992187500000001 0.7927083333333333 0.0203125 0.05625
31 0.759375 0.6427083333333333 0.05625 0.06041666666666667
11 0.43359375 0.7729166666666667 0.1859375 0.32916666666666666
13 0.6218750000000001 0.9604166666666667 0.15000000000000002 0.0375
21 0.49140625000000004 0.9520833333333333 0.1046875 0.0875
21 0.1703125 0.784375 0.10312500000000001 0.16041666666666665
