28 0.73984375 0.8770833333333333 0.0765625 0.09583333333333333
37 0.7445312500000001 0.7125 0.0578125 0.08333333333333333
36 0.65390625 0.6083333333333333 0.0703125 0.1
19 0.5046875000000001 0.7354166666666666 0.25625000000000003 0.2125
34 0.47109375000000003 0.48333333333333334 0.19843750000000002 0.2916666666666667
41 0.28125 0.8645833333333334 0.22812500000000002 0.20833333333333334
0 0.27578125000000003 0.6166666666666667 0.18281250000000002 0.15833333333333333
13 0.59609375 0.9072916666666666 0.16718750000000002 0.09791666666666667
2 0.09765625 0.8020833333333334 0.0671875 0.10416666666666667
12 0.08203125 0.5989583333333334 0.0859375 0.20208333333333334
48 0.022656250000000003 0.9239583333333333 0.0421875 0.06458333333333333
