28 0.78046875 0.8885416666666667 0.0765625 0.10208333333333333
37 0.78671875 0.721875 0.06406250000000001 0.08541666666666667
36 0.6921875000000001 0.6114583333333333 0.07187500000000001 0.09791666666666667
19 0.5437500000000001 0.7364583333333333 0.259375 0.21041666666666667
34 0.5140625 0.484375 0.19375 0.29375
41 0.31796875 0.85625 0.2234375 0.20833333333333334
0 0.31640625 0.6104166666666666 0.18281250000000002 0.15833333333333333
13 0.6312500000000001 0.9125 0.16875 0.10416666666666667
2 0.140625 0.7864583333333334 0.065625 0.10625
12 0.12812500000000002 0.5885416666666666 0.08125 0.19791666666666666
48 0.06171875 0.9010416666666666 0.051562500000000004 0.06458333333333333
