19 0.82421875 0.7791666666666667 0.2921875 0.20833333333333334
34 0.81796875 0.5145833333333333 0.2390625 0.3375
41 0.57734375 0.8395833333333333 0.21406250000000002 0.2
0 0.59296875 0.6041666666666666 0.1765625 0.15833333333333333
13 0.878125 0.9552083333333333 0.153125 0.08541666666666667
2 0.42109375000000004 0.73125 0.0546875 0.09583333333333333
12 0.42265625 0.546875 0.0671875 0.18541666666666667
48 0.34453125 0.8145833333333333 0.0484375 0.0625
15 0.30234375 0.5322916666666666 0.1171875 0.11041666666666666
50 0.29453125 0.65 0.1234375 0.0875
34 0.234375 0.4166666666666667 0.178125 0.2708333333333333
30 0.18984375 0.6645833333333333 0.1171875 0.22916666666666666
47 0.16171875000000002 0.5552083333333333 0.1203125 0.07291666666666667
9 0.06171875 0.6375 0.1171875 0.1875
