34 0.8953125000000001 0.778125 0.20625000000000002 0.26458333333333334
47 0.7609375 0.6708333333333333 0.10625000000000001 0.11666666666666667
50 0.8914062500000001 0.9291666666666667 0.1390625 0.13333333333333333
12 0.6101562500000001 0.6114583333333333 0.07968750000000001 0.12291666666666666
0 0.6046875 0.7739583333333333 0.20625000000000002 0.21041666666666667
30 0.47968750000000004 0.5270833333333333 0.07500000000000001 0.175
13 0.41250000000000003 0.7260416666666667 0.078125 0.09791666666666667
2 0.5375 0.9562499999999999 0.153125 0.0875
15 0.35781250000000003 0.8520833333333333 0.19375 0.20833333333333334
41 0.3015625 0.6041666666666666 0.15937500000000002 0.09166666666666666
9 0.28046875 0.66875 0.11093750000000001 0.20833333333333334
36 0.21328125 0.5447916666666667 0.06406250000000001 0.08541666666666667
19 0.11875000000000001 0.728125 0.203125 0.20208333333333334
37 0.03125 0.5875 0.05 0.06666666666666667
