34 0.6531250000000001 0.7104166666666667 0.240625 0.20833333333333334
47 0.4859375 0.6458333333333334 0.1 0.10416666666666667
50 0.6273437500000001 0.8781249999999999 0.1171875 0.14791666666666667
42 0.7296875 0.9583333333333334 0.084375 0.07916666666666666
12 0.33828125000000003 0.61875 0.07968750000000001 0.12916666666666665
0 0.340625 0.78125 0.215625 0.21666666666666667
30 0.19062500000000002 0.5604166666666667 0.096875 0.19583333333333333
13 0.13359375 0.7864583333333334 0.09531250000000001 0.09375
2 0.2890625 0.975 0.16875 0.04583333333333333
15 0.0921875 0.9083333333333333 0.184375 0.17916666666666667
