34 0.69296875 0.7145833333333333 0.2546875 0.23333333333333334
47 0.52578125 0.6458333333333334 0.09843750000000001 0.10416666666666667
50 0.6648437500000001 0.884375 0.1171875 0.14791666666666667
12 0.3765625 0.6166666666666667 0.078125 0.12916666666666665
0 0.37812500000000004 0.7760416666666666 0.215625 0.21458333333333332
30 0.23046875 0.5552083333333333 0.09531250000000001 0.19375
13 0.17421875 0.771875 0.09531250000000001 0.09375
2 0.32578125 0.9708333333333333 0.16718750000000002 0.05416666666666667
15 0.1203125 0.9010416666666666 0.20625000000000002 0.18958333333333333
41 0.06406250000000001 0.6635416666666667 0.12812500000000002 0.10625
