34 0.73203125 0.721875 0.26406250000000003 0.23958333333333334
47 0.5625 0.6458333333333334 0.1 0.10833333333333334
50 0.69921875 0.8927083333333333 0.1234375 0.14791666666666667
12 0.41640625000000003 0.6135416666666667 0.07968750000000001 0.12708333333333333
0 0.415625 0.771875 0.215625 0.21458333333333332
30 0.27734375 0.5458333333333333 0.0890625 0.18333333333333332
13 0.2171875 0.7604166666666666 0.09375 0.09583333333333333
2 0.36171875000000003 0.9666666666666667 0.1640625 0.058333333333333334
15 0.1625 0.8958333333333334 0.20625000000000002 0.2
41 0.08750000000000001 0.6510416666666666 0.171875 0.10625
9 0.06796875000000001 0.7270833333333333 0.1296875 0.225
