5 0.63203125 0.6479166666666667 0.0328125 0.09583333333333333
30 0.52578125 0.46770833333333334 0.0671875 0.21458333333333332
8 0.48359375000000004 0.6010416666666667 0.045312500000000006 0.08125
2 0.46484375 0.7458333333333333 0.1453125 0.075
29 0.41796875 0.5416666666666666 0.060937500000000006 0.058333333333333334
20 0.40078125000000003 0.36666666666666664 0.1171875 0.25
41 0.3171875 0.603125 0.134375 0.08958333333333333
27 0.31640625 0.484375 0.07968750000000001 0.04791666666666666
13 0.26171875 0.4614583333333333 0.0578125 0.027083333333333334
37 0.2671875 0.3927083333333333 0.03125 0.04375
33 0.22031250000000002 0.496875 0.046875 0.14791666666666667
11 0.24531250000000002 0.7885416666666667 0.234375 0.32708333333333334
32 0.171875 0.43854166666666666 0.05625 0.05625
37 0.18046875 0.496875 0.0421875 0.05625
26 0.13359375 0.5447916666666667 0.0328125 0.022916666666666665
34 0.1265625 0.3260416666666667 0.14375000000000002 0.19791666666666666
