5 0.4859375 0.640625 0.037500000000000006 0.09791666666666667
30 0.371875 0.471875 0.078125 0.21875
8 0.33437500000000003 0.6083333333333333 0.046875 0.07916666666666666
2 0.32265625000000003 0.7572916666666667 0.15156250000000002 0.08125
29 0.26171875 0.55625 0.0671875 0.058333333333333334
20 0.23515625 0.3770833333333333 0.13593750000000002 0.25416666666666665
41 0.153125 0.6354166666666666 0.14375000000000002 0.10416666666666667
27 0.14765625000000002 0.5052083333333334 0.0890625 0.052083333333333336
13 0.07968750000000001 0.4875 0.065625 0.016666666666666666
37 0.08828125 0.4145833333333333 0.035937500000000004 0.04583333333333333
33 0.041406250000000006 0.5322916666666666 0.060937500000000006 0.16041666666666665
11 0.10859375 0.8333333333333334 0.21406250000000002 0.325
