5 0.74765625 0.6625 0.029687500000000002 0.09583333333333333
30 0.6429687500000001 0.47291666666666665 0.06406250000000001 0.2125
8 0.59609375 0.6020833333333333 0.045312500000000006 0.07916666666666666
2 0.5734375 0.75 0.14375000000000002 0.07083333333333333
29 0.53046875 0.5395833333333333 0.060937500000000006 0.058333333333333334
20 0.5203125000000001 0.3645833333333333 0.109375 0.25
41 0.434375 0.5927083333333333 0.134375 0.08958333333333333
27 0.43359375 0.471875 0.07968750000000001 0.04375
13 0.38203125000000004 0.45208333333333334 0.0546875 0.025
37 0.38671875 0.3833333333333333 0.029687500000000002 0.041666666666666664
33 0.33828125000000003 0.4822916666666667 0.045312500000000006 0.14791666666666667
11 0.35781250000000003 0.765625 0.22187500000000002 0.3104166666666667
32 0.29375 0.42604166666666665 0.053125000000000006 0.052083333333333336
37 0.30234375 0.48020833333333335 0.0390625 0.05625
26 0.2546875 0.521875 0.03125 0.022916666666666665
34 0.2578125 0.3145833333333333 0.1375 0.19166666666666665
