5 0.52109375 0.6416666666666666 0.0328125 0.09583333333333333
30 0.40937500000000004 0.471875 0.07187500000000001 0.21458333333333332
8 0.371875 0.6052083333333333 0.046875 0.08125
2 0.35859375000000004 0.7541666666666667 0.1484375 0.07916666666666666
29 0.30234375 0.5520833333333334 0.0671875 0.058333333333333334
20 0.278125 0.371875 0.13125 0.25625
41 0.1921875 0.6270833333333333 0.14375000000000002 0.10416666666666667
27 0.19062500000000002 0.5 0.08750000000000001 0.05
13 0.13203125000000002 0.4822916666666667 0.06406250000000001 0.022916666666666665
37 0.13593750000000002 0.4083333333333333 0.034375 0.04583333333333333
33 0.0890625 0.521875 0.05625 0.15625
11 0.12812500000000002 0.8260416666666667 0.253125 0.33541666666666664
32 0.03515625 0.46249999999999997 0.0671875 0.0625
37 0.04453125 0.5229166666666667 0.0484375 0.0625
