0 0.821875 0.7739583333333333 0.20625000000000002 0.21041666666666667
36 0.7125 0.9041666666666667 0.109375 0.15416666666666667
40 0.821875 0.5833333333333334 0.0625 0.12083333333333333
15 0.6703125000000001 0.5927083333333333 0.125 0.12291666666666666
9 0.53671875 0.725 0.11093750000000001 0.2125
8 0.40468750000000003 0.8937499999999999 0.07500000000000001 0.10833333333333334
34 0.45078125 0.59375 0.2234375 0.18333333333333332
19 0.26796875000000003 0.7416666666666667 0.2546875 0.17916666666666667
49 0.17890625000000002 0.509375 0.09843750000000001 0.29375
48 0.16171875000000002 0.8989583333333333 0.035937500000000004 0.07708333333333334
2 0.0625 0.7614583333333333 0.10312500000000001 0.06458333333333333
1 0.08046875 0.565625 0.060937500000000006 0.12291666666666666
