0 0.6984375 0.74375 0.19375 0.19583333333333333
36 0.6023437500000001 0.8864583333333333 0.1078125 0.15208333333333332
40 0.69453125 0.5635416666666666 0.060937500000000006 0.11458333333333333
15 0.5515625000000001 0.5864583333333333 0.12187500000000001 0.12291666666666666
9 0.42265625 0.728125 0.1078125 0.21458333333333332
8 0.29765625 0.9166666666666666 0.08281250000000001 0.1125
34 0.3328125 0.6020833333333333 0.23125 0.2
19 0.14296875 0.7708333333333334 0.2734375 0.20833333333333334
49 0.0484375 0.540625 0.096875 0.3104166666666667
48 0.03671875 0.9572916666666667 0.0421875 0.08125
