36 0.9140625 0.94375 0.13125 0.1125
15 0.8875000000000001 0.6354166666666666 0.146875 0.14166666666666666
9 0.73359375 0.7447916666666666 0.1234375 0.22708333333333333
8 0.58359375 0.8885416666666667 0.0734375 0.11041666666666666
34 0.64765625 0.59375 0.22968750000000002 0.19583333333333333
19 0.46328125000000003 0.7135416666666666 0.2328125 0.13541666666666666
49 0.39375000000000004 0.48333333333333334 0.07500000000000001 0.2833333333333333
48 0.35625 0.8447916666666666 0.03125 0.07291666666666667
2 0.27578125000000003 0.696875 0.0859375 0.06875
1 0.3046875 0.5229166666666667 0.043750000000000004 0.1125
13 0.21406250000000002 0.625 0.07500000000000001 0.0625
25 0.20468750000000002 0.7927083333333333 0.059375000000000004 0.08125
34 0.18203125 0.5197916666666667 0.2015625 0.09791666666666667
41 0.10390625 0.6052083333333333 0.1328125 0.08541666666666667
10 0.09765625 0.709375 0.08281250000000001 0.13125
