0 0.91953125 0.81875 0.1609375 0.23333333333333334
36 0.8296875 0.9302083333333333 0.11875000000000001 0.13958333333333334
40 0.9617187500000001 0.6177083333333333 0.0734375 0.13125
15 0.7984375 0.6125 0.1375 0.13333333333333333
9 0.6531250000000001 0.734375 0.1125 0.21875
8 0.51171875 0.8864583333333333 0.0734375 0.11041666666666666
34 0.56796875 0.59375 0.2234375 0.18333333333333332
19 0.38671875 0.71875 0.2421875 0.14583333333333334
49 0.30390625000000004 0.49166666666666664 0.0859375 0.2916666666666667
48 0.28125 0.8635416666666667 0.03125 0.07291666666666667
2 0.19453125000000002 0.7177083333333333 0.0921875 0.06458333333333333
1 0.21875 0.5364583333333334 0.053125000000000006 0.11875
13 0.12578125 0.6458333333333334 0.07968750000000001 0.0625
25 0.11093750000000001 0.8197916666666667 0.0625 0.08541666666666667
34 0.09843750000000001 0.5395833333333333 0.19687500000000002 0.10833333333333334
