3 0.54453125 0.8020833333333334 0.2765625 0.2583333333333333
11 0.7734375 0.809375 0.17500000000000002 0.27708333333333335
3 0.9226562500000001 0.778125 0.15156250000000002 0.22708333333333333
7 0.80625 0.528125 0.234375 0.19375
5 0.7234375000000001 0.64375 0.08750000000000001 0.05
20 0.5945312500000001 0.5260416666666666 0.07968750000000001 0.28125
14 0.6687500000000001 0.5083333333333333 0.1 0.13333333333333333
18 0.7000000000000001 0.5354166666666667 0.034375 0.15416666666666667
3 0.765625 0.4145833333333333 0.134375 0.07083333333333333
0 0.89375 0.4083333333333333 0.12812500000000002 0.08333333333333333
4 0.8515625 0.634375 0.078125 0.052083333333333336
13 0.9554687500000001 0.5833333333333334 0.08281250000000001 0.08333333333333333
4 0.90546875 0.509375 0.0546875 0.03958333333333333
15 0.66796875 0.37916666666666665 0.0734375 0.06666666666666667
2 0.8679687500000001 0.46249999999999997 0.0921875 0.05416666666666667
