3 0.6609375000000001 0.8156249999999999 0.28750000000000003 0.26458333333333334
11 0.8984375 0.8510416666666667 0.19375 0.29375
7 0.91015625 0.553125 0.1765625 0.22291666666666665
5 0.8515625 0.6677083333333333 0.1 0.052083333333333336
20 0.71875 0.5354166666666667 0.09375 0.2833333333333333
14 0.7976562500000001 0.521875 0.11093750000000001 0.13541666666666666
18 0.828125 0.55625 0.037500000000000006 0.15833333333333333
3 0.91015625 0.434375 0.1484375 0.07291666666666667
15 0.8015625000000001 0.390625 0.078125 0.06875
2 0.9375 0.48854166666666665 0.078125 0.052083333333333336
