3 0.31796875 0.81875 0.2890625 0.2625
11 0.5453125 0.7729166666666667 0.14375000000000002 0.25416666666666665
3 0.7359375 0.6958333333333333 0.26875 0.19583333333333333
7 0.55 0.509375 0.21250000000000002 0.16458333333333333
5 0.48984375 0.6239583333333333 0.08281250000000001 0.06458333333333333
20 0.3515625 0.5302083333333333 0.078125 0.29375
14 0.42890625000000004 0.5083333333333333 0.09843750000000001 0.125
18 0.46171875 0.5239583333333333 0.035937500000000004 0.14791666666666667
3 0.5085937500000001 0.4 0.1203125 0.0625
0 0.62109375 0.384375 0.1078125 0.07291666666666667
4 0.6039062500000001 0.5958333333333333 0.0703125 0.05
13 0.6820312500000001 0.53125 0.0765625 0.058333333333333334
4 0.6375000000000001 0.4708333333333333 0.046875 0.0375
15 0.41171875 0.3770833333333333 0.0734375 0.06666666666666667
