3 0.27890625 0.8270833333333333 0.2890625 0.2625
11 0.509375 0.7708333333333334 0.14375000000000002 0.25416666666666665
3 0.7000000000000001 0.6916666666666667 0.26875 0.19583333333333333
7 0.5109375 0.5072916666666667 0.21250000000000002 0.16458333333333333
5 0.45234375000000004 0.6239583333333333 0.08281250000000001 0.06458333333333333
20 0.3125 0.5322916666666666 0.078125 0.29375
14 0.38984375000000004 0.5083333333333333 0.09843750000000001 0.125
18 0.42265625 0.5239583333333333 0.035937500000000004 0.14791666666666667
3 0.46953125 0.4 0.1203125 0.0625
0 0.58203125 0.3802083333333333 0.1078125 0.07291666666666667
4 0.56484375 0.5916666666666667 0.0703125 0.05
13 0.64453125 0.5270833333333333 0.0765625 0.058333333333333334
4 0.5984375000000001 0.4666666666666667 0.046875 0.0375
15 0.37265625 0.3770833333333333 0.0734375 0.06666666666666667
