11 0.3359375 0.7885416666666667 0.35625 0.19791666666666666
22 0.47578125000000004 0.696875 0.06406250000000001 0.09375
23 0.55 0.6395833333333333 0.065625 0.0875
44 0.61328125 0.7385416666666667 0.035937500000000004 0.13125
6 0.7171875000000001 0.7229166666666667 0.08750000000000001 0.07083333333333333
27 0.6234375000000001 0.5427083333333333 0.040625 0.05625
31 0.67734375 0.6 0.0390625 0.05
42 0.6125 0.45 0.034375 0.04583333333333333
43 0.5867187500000001 0.490625 0.035937500000000004 0.022916666666666665
45 0.48515625 0.5083333333333333 0.0328125 0.04583333333333333
17 0.46406250000000004 0.54375 0.053125000000000006 0.07083333333333333
23 0.49062500000000003 0.465625 0.046875 0.035416666666666666
36 0.4625 0.4114583333333333 0.03125 0.04375
19 0.540625 0.365625 0.125 0.06458333333333333
43 0.5609375 0.41562499999999997 0.037500000000000006 0.03958333333333333
20 0.3640625 0.4197916666666667 0.09062500000000001 0.17291666666666666
23 0.44453125000000004 0.39166666666666666 0.0546875 0.029166666666666667
