11 0.4140625 0.7770833333333333 0.34375 0.20833333333333334
22 0.55078125 0.696875 0.06406250000000001 0.09375
23 0.625 0.64375 0.065625 0.0875
44 0.6882812500000001 0.7489583333333333 0.035937500000000004 0.13125
6 0.7984375 0.7385416666666667 0.096875 0.08125
27 0.7054687500000001 0.5479166666666666 0.0421875 0.05416666666666667
31 0.759375 0.609375 0.040625 0.05625
42 0.696875 0.4552083333333333 0.037500000000000006 0.04791666666666666
43 0.6687500000000001 0.496875 0.037500000000000006 0.027083333333333334
45 0.5632812500000001 0.5083333333333333 0.0328125 0.04583333333333333
17 0.5390625 0.5395833333333333 0.053125000000000006 0.07083333333333333
23 0.571875 0.46770833333333334 0.046875 0.035416666666666666
36 0.5437500000000001 0.41354166666666664 0.03125 0.04375
19 0.6257812500000001 0.3677083333333333 0.1265625 0.06458333333333333
43 0.64453125 0.41770833333333335 0.0390625 0.03958333333333333
20 0.44921875 0.4145833333333333 0.08281250000000001 0.16666666666666666
23 0.5242187500000001 0.39166666666666666 0.051562500000000004 0.029166666666666667
