11 0.6796875 0.7864583333333334 0.340625 0.27291666666666664
22 0.8234375 0.740625 0.08125 0.08958333333333333
23 0.9203125000000001 0.70625 0.09062500000000001 0.1
44 0.9765625 0.8364583333333333 0.046875 0.13958333333333334
43 0.978125 0.55 0.040625 0.03333333333333333
45 0.8625 0.5427083333333333 0.046875 0.052083333333333336
17 0.8304687500000001 0.5791666666666666 0.060937500000000006 0.07916666666666666
23 0.859375 0.49895833333333334 0.05625 0.035416666666666666
36 0.8453125 0.4354166666666667 0.037500000000000006 0.04583333333333333
19 0.93671875 0.3989583333333333 0.1265625 0.07291666666666667
43 0.96640625 0.4635416666666667 0.051562500000000004 0.04791666666666666
20 0.74375 0.42604166666666665 0.096875 0.17708333333333334
23 0.8226562500000001 0.4125 0.0578125 0.03333333333333333
