11 0.6023437500000001 0.7770833333333333 0.3328125 0.25416666666666665
22 0.74140625 0.7197916666666666 0.0765625 0.08958333333333333
23 0.8265625000000001 0.6802083333333333 0.078125 0.09375
44 0.88984375 0.8 0.051562500000000004 0.13333333333333333
27 0.9281250000000001 0.5916666666666667 0.05 0.0625
31 0.9773437500000001 0.6677083333333333 0.0390625 0.05625
42 0.925 0.490625 0.043750000000000004 0.05625
43 0.88203125 0.5291666666666667 0.0421875 0.029166666666666667
45 0.77265625 0.5260416666666666 0.045312500000000006 0.052083333333333336
17 0.74140625 0.5625 0.0578125 0.075
23 0.7796875000000001 0.4864583333333333 0.05625 0.035416666666666666
36 0.753125 0.425 0.034375 0.04583333333333333
19 0.8515625 0.3854166666666667 0.14375000000000002 0.07083333333333333
43 0.8656250000000001 0.4427083333333333 0.05 0.04375
20 0.6570312500000001 0.4166666666666667 0.0859375 0.17083333333333334
23 0.734375 0.4 0.05625 0.029166666666666667
