36 0.54296875 0.5625 0.0546875 0.075
29 0.609375 0.5229166666666667 0.0625 0.058333333333333334
13 0.5359375000000001 0.47291666666666665 0.046875 0.041666666666666664
31 0.43828125 0.54375 0.0421875 0.05416666666666667
11 0.5085937500000001 0.721875 0.3328125 0.25625
21 0.2609375 0.803125 0.096875 0.16875
2 0.1625 0.7833333333333333 0.13125 0.075
21 0.44609375 0.46875 0.0703125 0.0875
27 0.55703125 0.4125 0.0421875 0.04583333333333333
5 0.5125000000000001 0.3770833333333333 0.06875 0.029166666666666667
26 0.52265625 0.3541666666666667 0.0234375 0.016666666666666666
33 0.4265625 0.34479166666666666 0.028125 0.10625
32 0.41796875 0.41562499999999997 0.035937500000000004 0.05625
20 0.265625 0.47812499999999997 0.171875 0.33541666666666664
30 0.359375 0.42291666666666666 0.06875 0.19166666666666665
34 0.29296875 0.29375 0.13593750000000002 0.10833333333333334
26 0.7132812500000001 0.73125 0.045312500000000006 0.04583333333333333
