36 0.50546875 0.5625 0.0546875 0.075
29 0.5703125 0.5208333333333334 0.0625 0.058333333333333334
13 0.49609375 0.47291666666666665 0.0484375 0.041666666666666664
31 0.39921875 0.546875 0.045312500000000006 0.05625
11 0.47109375000000003 0.721875 0.3328125 0.25625
21 0.22187500000000002 0.8135416666666666 0.096875 0.16875
2 0.12265625000000001 0.796875 0.1328125 0.07708333333333334
21 0.40703125 0.4708333333333333 0.0703125 0.0875
27 0.5171875 0.41354166666666664 0.040625 0.04791666666666666
5 0.47109375000000003 0.378125 0.0671875 0.027083333333333334
26 0.48203125 0.3541666666666667 0.0234375 0.016666666666666666
33 0.38515625000000003 0.3458333333333333 0.029687500000000002 0.10416666666666667
32 0.37890625 0.41770833333333335 0.035937500000000004 0.05625
20 0.22187500000000002 0.48541666666666666 0.184375 0.3458333333333333
30 0.31953125000000004 0.425 0.0703125 0.19166666666666665
34 0.2484375 0.29583333333333334 0.140625 0.10833333333333334
26 0.675 0.725 0.043750000000000004 0.04583333333333333
