26 0.83125 0.759375 0.046875 0.04791666666666666
36 0.6585937500000001 0.56875 0.0578125 0.07916666666666666
29 0.728125 0.5333333333333333 0.06875 0.0625
13 0.6515625 0.4770833333333333 0.05 0.041666666666666664
31 0.54921875 0.5416666666666666 0.0421875 0.05416666666666667
11 0.6203125 0.7291666666666666 0.33125000000000004 0.2833333333333333
21 0.37421875000000004 0.7822916666666666 0.0859375 0.16041666666666665
2 0.28359375000000003 0.7489583333333333 0.1171875 0.07708333333333334
21 0.5632812500000001 0.46979166666666666 0.0671875 0.08541666666666667
27 0.67734375 0.4166666666666667 0.0421875 0.04583333333333333
5 0.6312500000000001 0.3802083333333333 0.065625 0.027083333333333334
26 0.6414062500000001 0.3572916666666667 0.0234375 0.01875
33 0.54609375 0.34270833333333334 0.029687500000000002 0.10625
32 0.53671875 0.41562499999999997 0.035937500000000004 0.05625
20 0.38671875 0.4635416666666667 0.15156250000000002 0.31875
30 0.48046875 0.4166666666666667 0.0578125 0.18333333333333332
34 0.41953125 0.2875 0.1234375 0.10416666666666667
