26 0.7507812500000001 0.7385416666666667 0.045312500000000006 0.04791666666666666
36 0.58046875 0.5583333333333333 0.0546875 0.075
29 0.64765625 0.525 0.0703125 0.06666666666666667
13 0.5750000000000001 0.47291666666666665 0.046875 0.041666666666666664
31 0.4734375 0.5416666666666666 0.043750000000000004 0.05416666666666667
11 0.54609375 0.7239583333333334 0.32656250000000003 0.27291666666666664
21 0.2984375 0.7958333333333333 0.09062500000000001 0.1625
2 0.20546875 0.76875 0.1265625 0.07916666666666666
21 0.48515625 0.46770833333333334 0.0703125 0.08958333333333333
27 0.59609375 0.41354166666666664 0.0421875 0.04375
5 0.55234375 0.378125 0.0671875 0.027083333333333334
26 0.56171875 0.353125 0.0234375 0.01875
33 0.46640625 0.3416666666666667 0.029687500000000002 0.10416666666666667
32 0.45859375 0.4145833333333333 0.035937500000000004 0.058333333333333334
20 0.30781250000000004 0.47291666666666665 0.1625 0.3375
30 0.40078125000000003 0.41875 0.06406250000000001 0.1875
34 0.33671875 0.2916666666666667 0.1328125 0.10833333333333334
