36 0.46796875000000004 0.5614583333333333 0.0546875 0.07708333333333334
29 0.5328125 0.51875 0.0625 0.058333333333333334
13 0.45859375 0.4739583333333333 0.0484375 0.04375
31 0.3609375 0.5489583333333333 0.043750000000000004 0.05625
11 0.434375 0.7229166666666667 0.33437500000000003 0.2583333333333333
21 0.18281250000000002 0.8260416666666667 0.096875 0.16875
2 0.07968750000000001 0.8104166666666667 0.140625 0.07916666666666666
21 0.36796875 0.47291666666666665 0.0703125 0.0875
27 0.47890625000000003 0.4125 0.0421875 0.04583333333333333
5 0.43203125000000003 0.3770833333333333 0.0671875 0.029166666666666667
26 0.44140625 0.3541666666666667 0.0234375 0.016666666666666666
33 0.34375 0.34791666666666665 0.03125 0.10833333333333334
32 0.33906250000000004 0.4197916666666667 0.037500000000000006 0.05625
20 0.1796875 0.49166666666666664 0.184375 0.35
30 0.278125 0.42916666666666664 0.07187500000000001 0.19583333333333333
34 0.20468750000000002 0.3020833333333333 0.140625 0.10833333333333334
26 0.6390625000000001 0.7197916666666666 0.043750000000000004 0.04375
