36 0.9078125 0.6135416666666667 0.065625 0.08125
13 0.90234375 0.515625 0.0578125 0.03958333333333333
31 0.78671875 0.5666666666666667 0.0546875 0.058333333333333334
11 0.8390625 0.7770833333333333 0.31875000000000003 0.3375
21 0.58828125 0.7729166666666667 0.08281250000000001 0.15833333333333333
2 0.503125 0.71875 0.115625 0.09583333333333333
21 0.80625 0.4947916666666667 0.078125 0.09375
27 0.94296875 0.45208333333333334 0.051562500000000004 0.05
5 0.8929687500000001 0.40520833333333334 0.07968750000000001 0.027083333333333334
26 0.90546875 0.3833333333333333 0.026562500000000003 0.020833333333333332
33 0.7984375 0.3541666666666667 0.037500000000000006 0.11666666666666667
32 0.7820312500000001 0.4302083333333333 0.0421875 0.05625
20 0.6312500000000001 0.46041666666666664 0.15000000000000002 0.3125
30 0.72265625 0.4239583333333333 0.0671875 0.18958333333333333
34 0.67109375 0.2916666666666667 0.1296875 0.11666666666666667
