31 0.9656250000000001 0.6052083333333333 0.05625 0.05625
11 0.9187500000000001 0.784375 0.15937500000000002 0.28125
21 0.7390625000000001 0.796875 0.09062500000000001 0.16458333333333333
2 0.64765625 0.7270833333333333 0.11406250000000001 0.09583333333333333
21 0.9734375000000001 0.525 0.053125000000000006 0.10833333333333334
33 0.98359375 0.3833333333333333 0.0328125 0.12083333333333333
32 0.96640625 0.459375 0.0421875 0.06458333333333333
20 0.7992187500000001 0.48020833333333335 0.1765625 0.3229166666666667
30 0.89375 0.44895833333333335 0.096875 0.19375
34 0.84921875 0.30104166666666665 0.1453125 0.12708333333333333
