26 0.790625 0.7489583333333333 0.043750000000000004 0.04791666666666666
36 0.6179687500000001 0.5645833333333333 0.0578125 0.07916666666666666
29 0.6882812500000001 0.5302083333333333 0.0703125 0.06458333333333333
13 0.6140625000000001 0.475 0.046875 0.041666666666666664
31 0.51171875 0.5416666666666666 0.0421875 0.05416666666666667
11 0.58359375 0.725 0.32656250000000003 0.275
21 0.33671875 0.7875 0.0890625 0.1625
2 0.24453125 0.7572916666666667 0.1234375 0.08125
21 0.5242187500000001 0.46979166666666666 0.0703125 0.08541666666666667
27 0.6351562500000001 0.41562499999999997 0.0421875 0.04375
5 0.5921875 0.378125 0.065625 0.027083333333333334
26 0.6015625 0.3572916666666667 0.025 0.01875
33 0.50625 0.3416666666666667 0.028125 0.10416666666666667
32 0.49765625 0.41562499999999997 0.035937500000000004 0.05625
20 0.3484375 0.46875 0.15937500000000002 0.325
30 0.44062500000000004 0.41875 0.059375000000000004 0.18333333333333332
34 0.37890625 0.290625 0.1296875 0.11041666666666666
