36 0.9539062500000001 0.6239583333333333 0.0703125 0.08958333333333333
13 0.95703125 0.5229166666666667 0.06406250000000001 0.041666666666666664
31 0.8304687500000001 0.5739583333333333 0.051562500000000004 0.06041666666666667
11 0.85546875 0.7875 0.2828125 0.35
21 0.62421875 0.7770833333333333 0.08281250000000001 0.15833333333333333
2 0.53828125 0.7197916666666666 0.11406250000000001 0.09375
21 0.85078125 0.49895833333333334 0.07968750000000001 0.09375
27 0.9828125000000001 0.459375 0.034375 0.04791666666666666
5 0.9398437500000001 0.4125 0.07968750000000001 0.029166666666666667
26 0.9554687500000001 0.38958333333333334 0.026562500000000003 0.020833333333333332
33 0.8445312500000001 0.36354166666666665 0.0390625 0.11458333333333333
32 0.82734375 0.4354166666666667 0.045312500000000006 0.058333333333333334
20 0.671875 0.4635416666666667 0.153125 0.3145833333333333
30 0.76484375 0.42916666666666664 0.0734375 0.1875
34 0.7140625 0.2916666666666667 0.134375 0.12083333333333333
