45 0.9437500000000001 0.8020833333333334 0.078125 0.09166666666666666
38 0.8140625 0.43333333333333335 0.05625 0.07083333333333333
39 0.8921875 0.44895833333333335 0.065625 0.07708333333333334
46 0.7367187500000001 0.4041666666666667 0.0890625 0.10416666666666667
15 0.6953125 0.8083333333333333 0.153125 0.16666666666666666
47 0.8445312500000001 0.8697916666666666 0.0703125 0.11875
45 0.53828125 0.46770833333333334 0.0546875 0.06875
31 0.45546875000000003 0.5114583333333333 0.06406250000000001 0.06458333333333333
1 0.3515625 0.41562499999999997 0.109375 0.29375
35 0.07968750000000001 0.3875 0.15937500000000002 0.23333333333333334
