45 0.6507812500000001 0.7270833333333333 0.060937500000000006 0.07916666666666666
38 0.51015625 0.41354166666666664 0.0484375 0.06458333333333333
39 0.5789062500000001 0.4166666666666667 0.0578125 0.06666666666666667
46 0.43828125 0.39375 0.07968750000000001 0.1
42 0.7445312500000001 0.6947916666666667 0.060937500000000006 0.08541666666666667
15 0.434375 0.796875 0.146875 0.16875
47 0.57421875 0.8145833333333333 0.0703125 0.1
45 0.24140625000000002 0.4895833333333333 0.060937500000000006 0.075
31 0.15234375 0.553125 0.0734375 0.07291666666666667
1 0.0484375 0.46458333333333335 0.096875 0.3333333333333333
