45 0.8109375000000001 0.759375 0.06875 0.08541666666666667
38 0.6796875 0.41875 0.05 0.06666666666666667
39 0.7515625 0.428125 0.059375000000000004 0.06875
46 0.60703125 0.396875 0.0859375 0.10625
42 0.91796875 0.7375 0.0671875 0.0875
15 0.58125 0.7947916666666667 0.146875 0.16458333333333333
47 0.7250000000000001 0.8364583333333333 0.06875 0.11458333333333333
45 0.41328125000000004 0.4708333333333333 0.0578125 0.07083333333333333
31 0.33046875000000003 0.5239583333333333 0.06406250000000001 0.06875
1 0.2171875 0.4302083333333333 0.13125 0.30625
