45 0.8984375 0.7864583333333334 0.07187500000000001 0.08541666666666667
38 0.76875 0.4270833333333333 0.053125000000000006 0.07083333333333333
39 0.84296875 0.43854166666666666 0.06406250000000001 0.06875
46 0.6921875000000001 0.4 0.08750000000000001 0.10416666666666667
15 0.6578125 0.803125 0.146875 0.16875
47 0.8031250000000001 0.8572916666666667 0.07187500000000001 0.11875
45 0.49609375 0.46875 0.0578125 0.07083333333333333
31 0.4140625 0.515625 0.065625 0.06875
1 0.30703125000000003 0.421875 0.11406250000000001 0.29375
35 0.05390625 0.39166666666666666 0.1078125 0.22916666666666666
