11 0.61875 0.6979166666666666 0.26875 0.11666666666666667
13 0.8359375 0.896875 0.17500000000000002 0.17291666666666666
0 0.6453125000000001 0.8885416666666667 0.290625 0.21875
23 0.40703125 0.734375 0.1484375 0.08958333333333333
16 0.5828125000000001 0.6125 0.11875000000000001 0.05416666666666667
18 0.70234375 0.5395833333333333 0.0421875 0.15416666666666667
6 0.784375 0.6947916666666667 0.065625 0.11458333333333333
4 0.70078125 0.7625 0.08281250000000001 0.09166666666666666
3 0.41250000000000003 0.5979166666666667 0.184375 0.13333333333333333
5 0.5242187500000001 0.8020833333333334 0.11406250000000001 0.075
19 0.31953125000000004 0.875 0.3140625 0.25
26 0.24921875000000002 0.75625 0.0421875 0.041666666666666664
3 0.20234375000000002 0.6447916666666667 0.2578125 0.17708333333333334
3 0.11015625000000001 0.8645833333333334 0.21406250000000002 0.26666666666666666
6 0.07187500000000001 0.5989583333333334 0.09375 0.052083333333333336
