11 0.309375 0.7177083333333333 0.28125 0.16875
13 0.53671875 0.8364583333333333 0.16718750000000002 0.12708333333333333
0 0.36328125 0.8979166666666667 0.2890625 0.2
23 0.08515625 0.8177083333333334 0.1640625 0.12708333333333333
16 0.26796875000000003 0.634375 0.1234375 0.035416666666666666
18 0.3828125 0.5333333333333333 0.037500000000000006 0.15
6 0.47421875 0.6635416666666667 0.0578125 0.09791666666666667
4 0.40078125000000003 0.7520833333333333 0.0734375 0.09166666666666666
3 0.0890625 0.665625 0.17500000000000002 0.18125
5 0.2265625 0.8489583333333334 0.12187500000000001 0.10625
19 0.0890625 0.9291666666666667 0.178125 0.1375
