11 0.69921875 0.7072916666666667 0.27968750000000003 0.09791666666666667
13 0.91328125 0.915625 0.1640625 0.16875
0 0.7140625 0.8885416666666667 0.290625 0.21875
23 0.48203125 0.7302083333333333 0.13593750000000002 0.07708333333333334
16 0.6609375000000001 0.6208333333333333 0.12187500000000001 0.058333333333333334
18 0.790625 0.5510416666666667 0.043750000000000004 0.15625
6 0.8695312500000001 0.7145833333333333 0.0671875 0.125
4 0.77890625 0.78125 0.08281250000000001 0.09583333333333333
3 0.4921875 0.6010416666666667 0.1875 0.13541666666666666
5 0.59765625 0.8041666666666667 0.11406250000000001 0.075
19 0.3953125 0.865625 0.296875 0.25625
26 0.32734375000000004 0.7395833333333334 0.0421875 0.041666666666666664
3 0.28671875 0.6270833333333333 0.24531250000000002 0.17083333333333334
3 0.15000000000000002 0.8427083333333333 0.296875 0.28541666666666665
6 0.1625 0.5760416666666667 0.09062500000000001 0.04791666666666666
15 0.065625 0.634375 0.13125 0.13125
