11 0.5007812500000001 0.696875 0.2734375 0.14791666666666667
13 0.71875 0.859375 0.16875 0.15625
0 0.5359375000000001 0.8885416666666667 0.284375 0.21041666666666667
23 0.29453125 0.753125 0.1453125 0.10208333333333333
16 0.46484375 0.6114583333333333 0.1171875 0.04791666666666666
18 0.58203125 0.53125 0.035937500000000004 0.15
6 0.6640625 0.6708333333333333 0.0625 0.10833333333333334
4 0.5875 0.7479166666666667 0.08125 0.09166666666666666
3 0.29140625000000003 0.615625 0.18906250000000002 0.14375
5 0.41484375 0.80625 0.11406250000000001 0.0875
19 0.209375 0.8875 0.33437500000000003 0.21666666666666667
26 0.12421875 0.7916666666666666 0.0421875 0.041666666666666664
3 0.1046875 0.684375 0.20625000000000002 0.19375
