11 0.58125 0.6958333333333333 0.26875 0.11666666666666667
13 0.7984375 0.8864583333333333 0.17500000000000002 0.17291666666666666
0 0.6109375 0.8885416666666667 0.290625 0.21875
23 0.37031250000000004 0.7385416666666667 0.15000000000000002 0.08958333333333333
16 0.54296875 0.6114583333333333 0.1171875 0.04791666666666666
18 0.66328125 0.534375 0.0421875 0.15208333333333332
6 0.74375 0.6854166666666667 0.0625 0.1125
4 0.6625000000000001 0.75625 0.08125 0.09166666666666666
3 0.37343750000000003 0.603125 0.184375 0.13541666666666666
5 0.48984375 0.7989583333333333 0.1171875 0.08125
19 0.28203125 0.8760416666666666 0.3171875 0.24375
26 0.21015625000000002 0.7666666666666666 0.0421875 0.041666666666666664
3 0.15859375 0.6572916666666666 0.2671875 0.18541666666666667
3 0.08671875000000001 0.86875 0.1703125 0.25416666666666665
