11 0.54453125 0.69375 0.2703125 0.11666666666666667
13 0.759375 0.8739583333333333 0.171875 0.16458333333333333
0 0.57578125 0.8895833333333333 0.2921875 0.22083333333333333
23 0.33203125 0.746875 0.15156250000000002 0.09791666666666667
16 0.50390625 0.6114583333333333 0.1171875 0.04791666666666666
18 0.62109375 0.5333333333333333 0.035937500000000004 0.15
6 0.7046875 0.6770833333333334 0.0625 0.10833333333333334
4 0.625 0.7520833333333333 0.08125 0.09166666666666666
3 0.33359375 0.6072916666666667 0.18281250000000002 0.13541666666666666
5 0.45390625 0.8020833333333334 0.11406250000000001 0.0875
19 0.2421875 0.88125 0.31875000000000003 0.2375
26 0.16328125000000002 0.7770833333333333 0.0421875 0.041666666666666664
3 0.1234375 0.6697916666666667 0.246875 0.18958333333333333
