11 0.3875 0.7041666666666666 0.275 0.15
13 0.609375 0.8447916666666666 0.16562500000000002 0.13541666666666666
0 0.43359375 0.8927083333333333 0.2859375 0.21041666666666667
23 0.17265625 0.7864583333333334 0.1546875 0.11458333333333333
16 0.3484375 0.6197916666666666 0.12187500000000001 0.035416666666666666
18 0.46406250000000004 0.528125 0.034375 0.14791666666666667
6 0.55 0.6625 0.0625 0.10416666666666667
4 0.47578125000000004 0.7458333333333333 0.0765625 0.09166666666666666
3 0.16562500000000002 0.640625 0.2 0.16041666666666665
5 0.30390625000000004 0.8260416666666667 0.1171875 0.09791666666666667
19 0.13046875 0.9093749999999999 0.2578125 0.17708333333333334
