11 0.46328125000000003 0.696875 0.2734375 0.14791666666666667
13 0.6828125 0.8583333333333333 0.16875 0.14583333333333334
0 0.5015625 0.8885416666666667 0.284375 0.21041666666666667
23 0.25390625 0.7635416666666667 0.15156250000000002 0.11041666666666666
16 0.4265625 0.6114583333333333 0.12187500000000001 0.035416666666666666
18 0.5421875 0.528125 0.034375 0.14791666666666667
6 0.625 0.6666666666666666 0.0625 0.10416666666666667
4 0.5515625000000001 0.7458333333333333 0.07500000000000001 0.09166666666666666
3 0.25078125 0.6229166666666667 0.1921875 0.15
5 0.37812500000000004 0.809375 0.115625 0.09791666666666667
19 0.16953125000000002 0.8958333333333334 0.3359375 0.20833333333333334
26 0.07968750000000001 0.80625 0.043750000000000004 0.041666666666666664
3 0.08203125 0.69375 0.1609375 0.19166666666666665
