11 0.7390625000000001 0.7135416666666666 0.278125 0.09791666666666667
13 0.9343750000000001 0.915625 0.13125 0.14791666666666667
0 0.7484375000000001 0.8885416666666667 0.290625 0.21875
23 0.51953125 0.7302083333333333 0.13593750000000002 0.07708333333333334
16 0.7000000000000001 0.625 0.12187500000000001 0.058333333333333334
18 0.8367187500000001 0.559375 0.0484375 0.16041666666666665
6 0.91796875 0.7302083333333333 0.0671875 0.12708333333333333
4 0.8226562500000001 0.7958333333333333 0.0921875 0.10416666666666667
3 0.53125 0.6010416666666667 0.1875 0.13541666666666666
5 0.6351562500000001 0.8083333333333333 0.1234375 0.07083333333333333
19 0.43281250000000004 0.865625 0.296875 0.2604166666666667
26 0.36640625000000004 0.7333333333333333 0.0421875 0.041666666666666664
3 0.32734375000000004 0.6239583333333333 0.2390625 0.16458333333333333
3 0.17421875 0.8302083333333333 0.32343750000000004 0.27708333333333335
6 0.209375 0.56875 0.09062500000000001 0.05
15 0.11484375000000001 0.6239583333333333 0.1296875 0.12708333333333333
4 0.0390625 0.7572916666666667 0.07500000000000001 0.09375
20 0.055468750000000004 0.44166666666666665 0.11093750000000001 0.21666666666666667
