3 0.8406250000000001 0.7458333333333333 0.209375 0.22083333333333333
20 0.73984375 0.4322916666666667 0.1203125 0.21458333333333332
11 0.6890625 0.5458333333333333 0.21250000000000002 0.1125
4 0.6484375 0.7708333333333334 0.09375 0.0875
6 0.8289062500000001 0.615625 0.0390625 0.08958333333333333
18 0.65625 0.43333333333333335 0.03125 0.12083333333333333
14 0.5945312500000001 0.4197916666666667 0.11093750000000001 0.11041666666666666
7 0.54140625 0.6020833333333333 0.3171875 0.14166666666666666
6 0.51484375 0.725 0.1015625 0.0875
26 0.496875 0.8604166666666666 0.046875 0.05416666666666667
0 0.5859375 0.35520833333333335 0.1 0.07291666666666667
3 0.5320312500000001 0.5020833333333333 0.1796875 0.1
5 0.48984375 0.4666666666666667 0.06406250000000001 0.0375
16 0.53828125 0.3875 0.0484375 0.03333333333333333
19 0.45703125 0.3770833333333333 0.1046875 0.058333333333333334
4 0.5234375 0.42083333333333334 0.046875 0.0375
2 0.4265625 0.459375 0.1 0.027083333333333334
23 0.39921875 0.490625 0.0921875 0.04375
3 0.4109375 0.42604166666666665 0.153125 0.052083333333333336
