3 0.640625 0.7 0.19062500000000002 0.175
20 0.5265625 0.4239583333333333 0.109375 0.20208333333333334
11 0.48671875000000003 0.5302083333333333 0.2015625 0.08958333333333333
4 0.4625 0.7604166666666666 0.09375 0.0875
6 0.62109375 0.5854166666666667 0.045312500000000006 0.08333333333333333
18 0.45 0.4322916666666667 0.034375 0.12291666666666666
14 0.39375000000000004 0.4197916666666667 0.11875000000000001 0.11041666666666666
7 0.33984375 0.603125 0.3328125 0.14375
6 0.32890625 0.740625 0.1046875 0.09791666666666667
26 0.31562500000000004 0.884375 0.046875 0.05625
0 0.38046875 0.36041666666666666 0.1015625 0.075
3 0.33437500000000003 0.5114583333333333 0.19687500000000002 0.11458333333333333
5 0.28125 0.48333333333333334 0.07187500000000001 0.04583333333333333
16 0.33203125 0.3958333333333333 0.0546875 0.029166666666666667
19 0.24609375 0.390625 0.1203125 0.06875
4 0.31640625 0.42604166666666665 0.051562500000000004 0.03958333333333333
2 0.21328125 0.47812499999999997 0.11093750000000001 0.035416666666666666
23 0.18984375 0.5145833333333333 0.1046875 0.0625
3 0.19375 0.44479166666666664 0.16875 0.05625
