3 0.4546875 0.7 0.19062500000000002 0.2
20 0.31953125000000004 0.428125 0.1203125 0.20208333333333334
11 0.2828125 0.55 0.21250000000000002 0.08333333333333333
4 0.27187500000000003 0.7895833333333333 0.1 0.1
6 0.4265625 0.5833333333333334 0.043750000000000004 0.07916666666666666
18 0.240625 0.44687499999999997 0.043750000000000004 0.13125
14 0.17578125 0.4395833333333333 0.1265625 0.1125
7 0.15625 0.6427083333333333 0.3125 0.16041666666666665
6 0.12578125 0.7947916666666667 0.1171875 0.11875
26 0.12109375 0.9520833333333333 0.051562500000000004 0.058333333333333334
0 0.15234375 0.37916666666666665 0.1078125 0.07916666666666666
3 0.11171875 0.546875 0.2171875 0.12708333333333333
5 0.05625 0.5208333333333334 0.08125 0.058333333333333334
16 0.10625000000000001 0.421875 0.0625 0.027083333333333334
19 0.03828125 0.42083333333333334 0.0734375 0.07083333333333333
4 0.09296875 0.45625 0.060937500000000006 0.04583333333333333
