3 0.375 0.70625 0.19062500000000002 0.2
20 0.23203125000000002 0.43645833333333334 0.1296875 0.20625
11 0.19453125000000002 0.5645833333333333 0.22968750000000002 0.075
4 0.19375 0.8125 0.1 0.1
6 0.34921875 0.5895833333333333 0.0484375 0.07916666666666666
18 0.1484375 0.45729166666666665 0.043750000000000004 0.13125
14 0.08125 0.45729166666666665 0.1375 0.12708333333333333
7 0.11406250000000001 0.6645833333333333 0.22812500000000002 0.17083333333333334
6 0.0484375 0.8291666666666666 0.096875 0.13333333333333333
26 0.03828125 0.9760416666666667 0.051562500000000004 0.04375
0 0.06328125 0.3927083333333333 0.1203125 0.08958333333333333
