3 0.6796875 0.7072916666666667 0.19375 0.18125
20 0.56875 0.421875 0.10312500000000001 0.20625
11 0.5281250000000001 0.534375 0.203125 0.09791666666666667
4 0.49843750000000003 0.7604166666666666 0.09375 0.0875
6 0.66015625 0.5895833333333333 0.045312500000000006 0.08333333333333333
18 0.4890625 0.4322916666666667 0.034375 0.12291666666666666
14 0.43593750000000003 0.41770833333333335 0.11875000000000001 0.11041666666666666
7 0.38046875 0.5989583333333334 0.3328125 0.14375
6 0.36484375 0.7364583333333333 0.1046875 0.09791666666666667
26 0.353125 0.8770833333333333 0.046875 0.05416666666666667
0 0.4234375 0.3572916666666667 0.10312500000000001 0.07708333333333334
3 0.37343750000000003 0.5072916666666667 0.19687500000000002 0.11458333333333333
5 0.3203125 0.4791666666666667 0.07187500000000001 0.04583333333333333
16 0.37265625 0.39166666666666666 0.0546875 0.029166666666666667
19 0.2890625 0.38645833333333335 0.115625 0.06041666666666667
4 0.359375 0.421875 0.053125000000000006 0.03958333333333333
2 0.259375 0.47291666666666665 0.10625000000000001 0.029166666666666667
23 0.23203125000000002 0.5083333333333333 0.09843750000000001 0.05416666666666667
3 0.23984375000000002 0.4375 0.1640625 0.05416666666666667
