3 0.8835937500000001 0.7572916666666667 0.2171875 0.23124999999999998
20 0.78515625 0.4395833333333333 0.1234375 0.22083333333333333
11 0.734375 0.5510416666666667 0.21875 0.12291666666666666
4 0.6875 0.7770833333333333 0.09375 0.0875
6 0.87421875 0.6260416666666666 0.0390625 0.08958333333333333
18 0.70234375 0.43854166666666666 0.0328125 0.12291666666666666
14 0.6390625000000001 0.42291666666666666 0.1125 0.11666666666666667
7 0.58359375 0.60625 0.3203125 0.14166666666666666
6 0.55390625 0.725 0.1015625 0.0875
26 0.5328125 0.8604166666666666 0.046875 0.05416666666666667
0 0.628125 0.3572916666666667 0.1 0.07291666666666667
3 0.5710937500000001 0.5041666666666667 0.1796875 0.1
5 0.52890625 0.46875 0.06406250000000001 0.0375
16 0.58125 0.3885416666666667 0.05 0.035416666666666666
19 0.5007812500000001 0.37604166666666666 0.11093750000000001 0.05625
4 0.56484375 0.41875 0.0484375 0.0375
2 0.46796875000000004 0.4583333333333333 0.09531250000000001 0.029166666666666667
23 0.44062500000000004 0.48854166666666665 0.09375 0.04375
3 0.45234375000000004 0.4239583333333333 0.15156250000000002 0.05625
