17 0.8773437500000001 0.6135416666666667 0.0734375 0.09791666666666667
49 0.8984375 0.76875 0.08125 0.20416666666666666
18 0.9359375000000001 0.6645833333333333 0.046875 0.17083333333333334
44 0.7328125000000001 0.765625 0.028125 0.10208333333333333
14 0.7734375 0.5291666666666667 0.15937500000000002 0.1375
12 0.64453125 0.5552083333333333 0.08281250000000001 0.15625
43 0.6140625000000001 0.7260416666666667 0.040625 0.10208333333333333
33 0.73203125 0.6333333333333333 0.0578125 0.17083333333333334
16 0.50625 0.6802083333333333 0.046875 0.10625
7 0.5007812500000001 0.5072916666666667 0.1765625 0.17291666666666666
29 0.40234375 0.6375 0.0890625 0.07916666666666666
30 0.33125000000000004 0.7239583333333334 0.23750000000000002 0.15208333333333332
22 0.35078125000000004 0.5645833333333333 0.0421875 0.058333333333333334
9 0.325 0.4114583333333333 0.1125 0.18541666666666667
50 0.2609375 0.49583333333333335 0.11875000000000001 0.06666666666666667
24 0.22187500000000002 0.5677083333333334 0.065625 0.05625
0 0.11640625 0.6572916666666666 0.15781250000000002 0.20208333333333334
