32 0.6953125 0.7072916666666667 0.1 0.07708333333333334
12 0.571875 0.50625 0.05 0.10416666666666667
17 0.46406250000000004 0.5697916666666667 0.0625 0.09375
49 0.5015625 0.7041666666666666 0.065625 0.18333333333333332
18 0.51484375 0.6072916666666667 0.035937500000000004 0.16875
44 0.35468750000000004 0.7541666666666667 0.03125 0.10416666666666667
14 0.3640625 0.5177083333333333 0.146875 0.14791666666666667
12 0.23515625 0.575 0.09843750000000001 0.17083333333333334
43 0.23359375000000002 0.7572916666666667 0.051562500000000004 0.10625
48 0.6703125000000001 0.6489583333333333 0.037500000000000006 0.027083333333333334
48 0.6023437500000001 0.60625 0.0203125 0.03333333333333333
33 0.33671875 0.628125 0.0703125 0.18125
29 0.62421875 0.753125 0.1046875 0.09791666666666667
16 0.1078125 0.7552083333333334 0.06875 0.10208333333333333
7 0.09296875 0.5604166666666667 0.18281250000000002 0.2
