32 0.6171875 0.6947916666666667 0.1 0.07291666666666667
12 0.49062500000000003 0.5041666666666667 0.05 0.10833333333333334
17 0.38593750000000004 0.5760416666666667 0.0625 0.09375
49 0.4265625 0.7052083333333333 0.065625 0.18541666666666667
18 0.43671875000000004 0.6083333333333333 0.035937500000000004 0.175
44 0.27890625 0.76875 0.035937500000000004 0.10416666666666667
14 0.28125 0.525 0.15000000000000002 0.15
12 0.15234375 0.590625 0.1046875 0.17708333333333334
43 0.15234375 0.78125 0.0578125 0.1125
48 0.59296875 0.6416666666666666 0.0390625 0.029166666666666667
48 0.5242187500000001 0.6020833333333333 0.0203125 0.03333333333333333
33 0.25546875 0.6395833333333333 0.0734375 0.19166666666666665
29 0.54921875 0.746875 0.1015625 0.09375
