32 0.8601562500000001 0.7447916666666666 0.11406250000000001 0.09375
12 0.73828125 0.5177083333333333 0.0546875 0.10625
17 0.6218750000000001 0.5739583333333333 0.0625 0.08958333333333333
49 0.65390625 0.7125 0.0671875 0.18333333333333332
18 0.671875 0.6114583333333333 0.034375 0.16041666666666665
44 0.50390625 0.740625 0.029687500000000002 0.10208333333333333
14 0.525 0.509375 0.140625 0.13958333333333334
12 0.40390625 0.5520833333333334 0.07968750000000001 0.15
43 0.390625 0.7260416666666667 0.043750000000000004 0.10208333333333333
48 0.8390625 0.68125 0.043750000000000004 0.029166666666666667
48 0.7640625000000001 0.6270833333333333 0.021875000000000002 0.03333333333333333
33 0.49140625000000004 0.6166666666666667 0.060937500000000006 0.17916666666666667
29 0.7820312500000001 0.7833333333333333 0.11406250000000001 0.10416666666666667
16 0.27578125000000003 0.703125 0.0546875 0.10625
7 0.25703125 0.5239583333333333 0.18906250000000002 0.18125
29 0.15937500000000002 0.6854166666666667 0.1 0.0875
30 0.1078125 0.790625 0.215625 0.13958333333333334
22 0.08984375 0.6125 0.0484375 0.06666666666666667
9 0.0578125 0.44895833333333335 0.115625 0.20208333333333334
