17 0.9671875000000001 0.640625 0.065625 0.09791666666666667
49 0.971875 0.8083333333333333 0.053125000000000006 0.20833333333333334
44 0.81171875 0.7822916666666666 0.0328125 0.10208333333333333
14 0.8640625000000001 0.546875 0.16875 0.14375
12 0.7265625 0.5645833333333333 0.08750000000000001 0.1625
43 0.690625 0.7364583333333333 0.040625 0.10208333333333333
33 0.81953125 0.65 0.0734375 0.18333333333333332
16 0.58125 0.6833333333333333 0.046875 0.10416666666666667
7 0.58046875 0.5083333333333333 0.1796875 0.175
29 0.48046875 0.6354166666666666 0.0890625 0.07916666666666666
30 0.40937500000000004 0.7166666666666667 0.23750000000000002 0.15833333333333333
22 0.4296875 0.5541666666666667 0.040625 0.058333333333333334
9 0.40859375000000003 0.40520833333333334 0.1078125 0.18541666666666667
50 0.34453125 0.4875 0.11406250000000001 0.06666666666666667
24 0.30703125000000003 0.5552083333333333 0.06406250000000001 0.05625
0 0.20703125 0.634375 0.1484375 0.18958333333333333
