32 0.9460937500000001 0.7729166666666667 0.1078125 0.09583333333333333
12 0.82734375 0.528125 0.0578125 0.10208333333333333
17 0.7015625000000001 0.5822916666666667 0.065625 0.09375
49 0.73046875 0.725 0.0703125 0.1875
18 0.7546875000000001 0.6229166666666667 0.037500000000000006 0.16666666666666666
44 0.5789062500000001 0.7427083333333333 0.029687500000000002 0.10208333333333333
14 0.603125 0.509375 0.140625 0.13958333333333334
12 0.48281250000000003 0.5510416666666667 0.07500000000000001 0.15208333333333332
43 0.465625 0.7208333333333333 0.040625 0.1
48 0.92734375 0.70625 0.0484375 0.029166666666666667
48 0.85078125 0.646875 0.0203125 0.035416666666666666
33 0.56796875 0.61875 0.060937500000000006 0.17916666666666667
29 0.86328125 0.8072916666666666 0.11406250000000001 0.10625
16 0.35546875 0.690625 0.0484375 0.10625
7 0.33906250000000004 0.5145833333333333 0.18125000000000002 0.17916666666666667
29 0.24375000000000002 0.6635416666666667 0.096875 0.08125
30 0.16562500000000002 0.7625 0.265625 0.1375
22 0.18125000000000002 0.5916666666666667 0.046875 0.058333333333333334
9 0.14296875 0.4322916666666667 0.1328125 0.19375
50 0.07500000000000001 0.53125 0.12812500000000002 0.07916666666666666
24 0.0390625 0.6104166666666666 0.07500000000000001 0.058333333333333334
