32 0.8171875000000001 0.734375 0.109375 0.08541666666666667
12 0.6953125 0.5125 0.053125000000000006 0.10416666666666667
17 0.58125 0.5708333333333333 0.0625 0.09166666666666666
49 0.6140625000000001 0.7083333333333334 0.06875 0.18333333333333332
18 0.63203125 0.6135416666666667 0.035937500000000004 0.16875
44 0.46640625 0.7427083333333333 0.029687500000000002 0.10208333333333333
14 0.48515625 0.5104166666666666 0.1421875 0.14166666666666666
12 0.3640625 0.5572916666666666 0.084375 0.15625
43 0.35234375 0.7333333333333333 0.0484375 0.10416666666666667
48 0.79453125 0.6708333333333333 0.045312500000000006 0.029166666666666667
48 0.721875 0.6197916666666666 0.021875000000000002 0.035416666666666666
33 0.45390625 0.6166666666666667 0.060937500000000006 0.17916666666666667
29 0.7406250000000001 0.775 0.10312500000000001 0.1
16 0.23515625 0.7145833333333333 0.060937500000000006 0.10833333333333334
7 0.215625 0.5302083333333333 0.19375 0.18125
29 0.115625 0.6979166666666666 0.10625000000000001 0.0875
30 0.08828125 0.8135416666666666 0.1765625 0.12708333333333333
22 0.0421875 0.6260416666666666 0.05 0.06875
