12 0.96796875 0.5614583333333333 0.06406250000000001 0.11041666666666666
17 0.82734375 0.6041666666666666 0.0703125 0.09166666666666666
49 0.8539062500000001 0.7552083333333334 0.07968750000000001 0.19791666666666666
18 0.88828125 0.6552083333333333 0.045312500000000006 0.17291666666666666
44 0.69140625 0.7572916666666667 0.026562500000000003 0.10208333333333333
14 0.73046875 0.5229166666666667 0.15156250000000002 0.1375
12 0.603125 0.5510416666666667 0.07500000000000001 0.16041666666666665
43 0.5765625 0.721875 0.040625 0.10208333333333333
48 0.98828125 0.6854166666666667 0.0203125 0.03333333333333333
33 0.69296875 0.6270833333333333 0.0578125 0.17083333333333334
29 0.96796875 0.859375 0.060937500000000006 0.11458333333333333
16 0.46796875000000004 0.6791666666666667 0.0484375 0.10416666666666667
7 0.4609375 0.5072916666666667 0.17500000000000002 0.17291666666666666
29 0.36484375 0.64375 0.0890625 0.07916666666666666
30 0.2921875 0.7322916666666667 0.246875 0.15208333333333332
22 0.30859375 0.5677083333333334 0.0421875 0.06041666666666667
9 0.28046875 0.4145833333333333 0.11406250000000001 0.1875
50 0.215625 0.5010416666666666 0.12187500000000001 0.07291666666666667
24 0.17734375000000002 0.5760416666666667 0.0703125 0.05625
0 0.0765625 0.6729166666666666 0.153125 0.2125
