32 0.9046875000000001 0.759375 0.115625 0.09791666666666667
12 0.7820312500000001 0.521875 0.0578125 0.10208333333333333
17 0.6609375000000001 0.578125 0.0625 0.08958333333333333
49 0.6898437500000001 0.7177083333333333 0.0703125 0.18958333333333333
18 0.7125 0.615625 0.034375 0.16458333333333333
44 0.54140625 0.740625 0.029687500000000002 0.10208333333333333
14 0.5640625 0.509375 0.140625 0.13958333333333334
12 0.44453125000000004 0.55 0.0765625 0.15416666666666667
43 0.42812500000000003 0.7229166666666667 0.040625 0.1
48 0.88203125 0.6927083333333334 0.0484375 0.027083333333333334
48 0.80625 0.634375 0.021875000000000002 0.035416666666666666
33 0.52890625 0.6166666666666667 0.060937500000000006 0.17916666666666667
29 0.8226562500000001 0.79375 0.11093750000000001 0.10416666666666667
16 0.31484375000000003 0.6958333333333333 0.0546875 0.10833333333333334
7 0.296875 0.5197916666666667 0.1875 0.18125
29 0.2015625 0.671875 0.096875 0.08125
30 0.13046875 0.775 0.2578125 0.1375
22 0.13593750000000002 0.6020833333333333 0.046875 0.0625
9 0.09453125000000001 0.43854166666666666 0.13593750000000002 0.19791666666666666
50 0.047656250000000004 0.5416666666666666 0.09531250000000001 0.08333333333333333
