19 0.64453125 0.7864583333333334 0.2828125 0.26458333333333334
15 0.525 0.5958333333333333 0.096875 0.1
23 0.44140625 0.571875 0.08281250000000001 0.04791666666666666
43 0.54609375 0.5208333333333334 0.045312500000000006 0.029166666666666667
23 0.5296875 0.41770833333333335 0.046875 0.035416666666666666
6 0.5140625 0.38229166666666664 0.040625 0.03125
38 0.47500000000000003 0.3625 0.021875000000000002 0.029166666666666667
32 0.42734375 0.3885416666666667 0.060937500000000006 0.035416666666666666
1 0.34921875 0.46979166666666666 0.0421875 0.11458333333333333
44 0.3203125 0.4395833333333333 0.025 0.07916666666666666
42 0.4296875 0.5020833333333333 0.037500000000000006 0.05416666666666667
27 0.33125000000000004 0.6541666666666667 0.08750000000000001 0.07083333333333333
39 0.43046875 0.8052083333333333 0.08281250000000001 0.07708333333333334
4 0.24921875000000002 0.821875 0.06406250000000001 0.09375
31 0.5625 0.44375 0.025 0.0375
31 0.5945312500000001 0.559375 0.026562500000000003 0.03125
43 0.32890625 0.38229166666666664 0.0421875 0.035416666666666666
47 0.403125 0.36875 0.03125 0.025
11 0.47265625 0.45729166666666665 0.15156250000000002 0.09791666666666667
