19 0.76328125 0.8104166666666667 0.3046875 0.2875
15 0.6429687500000001 0.5979166666666667 0.09531250000000001 0.1
23 0.55703125 0.571875 0.08281250000000001 0.04791666666666666
43 0.66796875 0.5260416666666666 0.045312500000000006 0.027083333333333334
23 0.6546875000000001 0.421875 0.053125000000000006 0.03958333333333333
6 0.6390625000000001 0.384375 0.040625 0.03125
38 0.59765625 0.36354166666666665 0.0234375 0.03125
32 0.54921875 0.3875 0.060937500000000006 0.0375
1 0.47265625 0.4635416666666667 0.035937500000000004 0.11041666666666666
44 0.44375000000000003 0.43333333333333335 0.018750000000000003 0.075
42 0.54921875 0.5020833333333333 0.035937500000000004 0.05
27 0.4453125 0.6447916666666667 0.084375 0.07291666666666667
39 0.53671875 0.8 0.08281250000000001 0.08333333333333333
4 0.36250000000000004 0.796875 0.0625 0.08958333333333333
31 0.68515625 0.44895833333333335 0.0234375 0.03958333333333333
31 0.71484375 0.5697916666666667 0.026562500000000003 0.03125
43 0.45390625 0.37604166666666666 0.0421875 0.035416666666666666
47 0.5265625 0.365625 0.03125 0.022916666666666665
11 0.5921875 0.4583333333333333 0.153125 0.10416666666666667
