19 0.6820312500000001 0.7947916666666667 0.2828125 0.26458333333333334
15 0.56484375 0.5958333333333333 0.09531250000000001 0.1
23 0.48046875 0.5708333333333333 0.08281250000000001 0.04583333333333333
43 0.5859375 0.5197916666666667 0.043750000000000004 0.027083333333333334
23 0.56875 0.41770833333333335 0.046875 0.035416666666666666
6 0.55234375 0.38229166666666664 0.0390625 0.03125
38 0.5140625 0.3625 0.021875000000000002 0.029166666666666667
32 0.46718750000000003 0.38645833333333335 0.059375000000000004 0.035416666666666666
1 0.3921875 0.4666666666666667 0.043750000000000004 0.11666666666666667
44 0.36250000000000004 0.4375 0.025 0.07916666666666666
42 0.46875 0.5 0.037500000000000006 0.05416666666666667
27 0.36875 0.65 0.08750000000000001 0.07083333333333333
39 0.465625 0.8 0.08125 0.075
4 0.2890625 0.8125 0.0625 0.09166666666666666
31 0.6015625 0.4458333333333333 0.025 0.0375
31 0.634375 0.559375 0.025 0.03125
43 0.371875 0.378125 0.040625 0.035416666666666666
47 0.44375000000000003 0.365625 0.03125 0.022916666666666665
11 0.51171875 0.45729166666666665 0.15156250000000002 0.09791666666666667
