19 0.56640625 0.778125 0.27968750000000003 0.26875
15 0.44609375 0.5979166666666667 0.09843750000000001 0.1
23 0.36250000000000004 0.5760416666666667 0.08750000000000001 0.04375
43 0.46640625 0.51875 0.045312500000000006 0.029166666666666667
23 0.44921875 0.4166666666666667 0.0484375 0.0375
6 0.43203125000000003 0.38229166666666664 0.0390625 0.03125
38 0.39140625 0.3645833333333333 0.0234375 0.029166666666666667
32 0.34375 0.39166666666666666 0.059375000000000004 0.0375
1 0.2671875 0.47812499999999997 0.043750000000000004 0.11875
44 0.23515625 0.45 0.026562500000000003 0.08333333333333333
42 0.35000000000000003 0.509375 0.037500000000000006 0.05625
27 0.25 0.6677083333333333 0.09375 0.07291666666666667
39 0.35468750000000004 0.8145833333333333 0.08750000000000001 0.075
4 0.16953125000000002 0.8479166666666667 0.0703125 0.1
31 0.48125 0.44166666666666665 0.025 0.0375
31 0.515625 0.5541666666666667 0.028125 0.03333333333333333
43 0.24296875 0.3885416666666667 0.0421875 0.035416666666666666
47 0.31796875 0.3729166666666667 0.0328125 0.025
11 0.390625 0.46041666666666664 0.15625 0.1
