19 0.88046875 0.8541666666666666 0.2390625 0.2916666666666667
15 0.8078125 0.628125 0.109375 0.11041666666666666
23 0.71484375 0.5875 0.0859375 0.058333333333333334
43 0.8359375 0.5520833333333334 0.053125000000000006 0.03333333333333333
23 0.82734375 0.440625 0.0578125 0.03958333333333333
6 0.8148437500000001 0.4010416666666667 0.045312500000000006 0.03125
38 0.77109375 0.37395833333333334 0.026562500000000003 0.03125
32 0.71796875 0.3989583333333333 0.06406250000000001 0.04375
1 0.6335937500000001 0.46875 0.0421875 0.11666666666666667
44 0.60546875 0.4354166666666667 0.0234375 0.07916666666666666
42 0.7109375 0.5114583333333333 0.037500000000000006 0.052083333333333336
27 0.59765625 0.6458333333333334 0.08281250000000001 0.07916666666666666
39 0.6843750000000001 0.8197916666666667 0.08750000000000001 0.08958333333333333
4 0.5085937500000001 0.7854166666666667 0.0578125 0.08333333333333333
31 0.8640625000000001 0.471875 0.025 0.03958333333333333
31 0.88984375 0.603125 0.029687500000000002 0.035416666666666666
43 0.6195312500000001 0.37916666666666665 0.0390625 0.0375
47 0.69453125 0.37395833333333334 0.0328125 0.027083333333333334
11 0.7585937500000001 0.4708333333333333 0.1640625 0.1125
