23 0.9500000000000001 0.65625 0.096875 0.075
32 0.96640625 0.4510416666666667 0.06406250000000001 0.04791666666666666
1 0.87109375 0.5135416666666667 0.0578125 0.12708333333333333
44 0.84296875 0.4770833333333333 0.029687500000000002 0.08333333333333333
42 0.9546875 0.5770833333333333 0.046875 0.058333333333333334
27 0.8132812500000001 0.7072916666666667 0.09531250000000001 0.10208333333333333
39 0.9 0.9083333333333333 0.10625000000000001 0.10833333333333334
4 0.70703125 0.8260416666666667 0.060937500000000006 0.08958333333333333
43 0.85859375 0.41562499999999997 0.0421875 0.03958333333333333
47 0.9460937500000001 0.421875 0.0390625 0.035416666666666666
