19 0.8054687500000001 0.821875 0.31093750000000003 0.2895833333333333
15 0.6820312500000001 0.60625 0.09843750000000001 0.10416666666666667
23 0.5953125 0.575 0.084375 0.05
43 0.70625 0.5302083333333333 0.043750000000000004 0.027083333333333334
23 0.6960937500000001 0.425 0.0546875 0.0375
6 0.68125 0.3875 0.040625 0.029166666666666667
38 0.63984375 0.3645833333333333 0.0234375 0.029166666666666667
32 0.5906250000000001 0.38958333333333334 0.059375000000000004 0.0375
1 0.5125000000000001 0.4635416666666667 0.034375 0.11041666666666666
44 0.48515625 0.43124999999999997 0.0203125 0.075
42 0.5875 0.5020833333333333 0.034375 0.05
27 0.48281250000000003 0.6427083333333333 0.08125 0.07291666666666667
39 0.5750000000000001 0.8052083333333333 0.084375 0.08541666666666667
4 0.39921875 0.790625 0.0578125 0.08541666666666667
31 0.728125 0.453125 0.025 0.03958333333333333
31 0.7578125 0.5770833333333333 0.028125 0.03333333333333333
43 0.49531250000000004 0.375 0.040625 0.0375
47 0.5671875000000001 0.365625 0.03125 0.022916666666666665
11 0.6335937500000001 0.46041666666666664 0.1546875 0.10416666666666667
