50 0.9632812500000001 0.7447916666666666 0.0703125 0.16041666666666665
30 0.8390625 0.6447916666666667 0.22187500000000002 0.10208333333333333
33 0.7734375 0.5291666666666667 0.040625 0.07083333333333333
49 0.6875 0.5416666666666666 0.046875 0.1375
46 0.675 0.475 0.053125000000000006 0.058333333333333334
25 0.67578125 0.659375 0.0484375 0.06458333333333333
18 0.6859375000000001 0.7489583333333333 0.037500000000000006 0.16041666666666665
47 0.64375 0.384375 0.084375 0.035416666666666666
40 0.64609375 0.45 0.0421875 0.04583333333333333
43 0.6570312500000001 0.4239583333333333 0.0484375 0.035416666666666666
29 0.56796875 0.6510416666666666 0.09531250000000001 0.052083333333333336
33 0.6265625 0.5177083333333333 0.08750000000000001 0.04791666666666666
48 0.54140625 0.5572916666666666 0.0234375 0.01875
24 0.55234375 0.7395833333333334 0.08281250000000001 0.0625
18 0.571875 0.39791666666666664 0.028125 0.09166666666666666
17 0.5085937500000001 0.7989583333333333 0.0859375 0.12708333333333333
29 0.52265625 0.5770833333333333 0.06406250000000001 0.05416666666666667
0 0.50625 0.4822916666666667 0.109375 0.09375
44 0.5437500000000001 0.4114583333333333 0.040625 0.022916666666666665
32 0.47578125000000004 0.39479166666666665 0.045312500000000006 0.03958333333333333
