50 0.42812500000000003 0.6625 0.078125 0.13333333333333333
30 0.30078125 0.6197916666666666 0.2078125 0.11458333333333333
33 0.2265625 0.5322916666666666 0.043750000000000004 0.07708333333333334
49 0.14140625 0.571875 0.060937500000000006 0.14791666666666667
46 0.11406250000000001 0.5104166666666666 0.065625 0.06666666666666667
25 0.15234375 0.703125 0.0546875 0.06875
18 0.17890625000000002 0.7885416666666667 0.0484375 0.16458333333333333
47 0.0625 0.4166666666666667 0.10312500000000001 0.0375
40 0.07578125000000001 0.4895833333333333 0.051562500000000004 0.0625
43 0.0859375 0.45416666666666666 0.0625 0.0375
29 0.040625 0.7458333333333333 0.078125 0.0875
33 0.0703125 0.5677083333333334 0.10625000000000001 0.06041666666666667
48 0.06328125 0.6302083333333334 0.029687500000000002 0.022916666666666665
24 0.03671875 0.8385416666666666 0.0734375 0.07708333333333334
