50 0.95625 0.740625 0.08125 0.15625
30 0.8226562500000001 0.640625 0.2234375 0.10208333333333333
33 0.7585937500000001 0.5270833333333333 0.0421875 0.07083333333333333
49 0.6734375 0.5395833333333333 0.043750000000000004 0.1375
46 0.66015625 0.475 0.0546875 0.058333333333333334
25 0.66328125 0.659375 0.0484375 0.06458333333333333
18 0.6734375 0.746875 0.037500000000000006 0.15625
47 0.6296875000000001 0.3833333333333333 0.084375 0.0375
40 0.6328125 0.44895833333333335 0.043750000000000004 0.04791666666666666
43 0.6414062500000001 0.42291666666666666 0.0484375 0.0375
29 0.5554687500000001 0.6510416666666666 0.09531250000000001 0.052083333333333336
33 0.6140625000000001 0.5177083333333333 0.08750000000000001 0.04791666666666666
48 0.52734375 0.5572916666666666 0.0234375 0.01875
24 0.5398437500000001 0.7395833333333334 0.08281250000000001 0.0625
18 0.55625 0.4 0.028125 0.09166666666666666
17 0.49609375 0.8020833333333334 0.0859375 0.125
29 0.51015625 0.5770833333333333 0.06406250000000001 0.05416666666666667
0 0.49375 0.4822916666666667 0.109375 0.09375
44 0.5296875 0.4114583333333333 0.040625 0.022916666666666665
32 0.46015625000000004 0.39479166666666665 0.045312500000000006 0.03958333333333333
