50 0.8718750000000001 0.7135416666666666 0.096875 0.14375
30 0.7367187500000001 0.6208333333333333 0.2109375 0.08333333333333333
33 0.6726562500000001 0.51875 0.0421875 0.07083333333333333
49 0.59296875 0.5322916666666666 0.045312500000000006 0.13958333333333334
46 0.578125 0.46979166666666666 0.053125000000000006 0.06041666666666667
25 0.5859375 0.6520833333333333 0.046875 0.06666666666666667
18 0.59921875 0.7354166666666666 0.035937500000000004 0.15833333333333333
47 0.54453125 0.3802083333333333 0.0859375 0.035416666666666666
40 0.55078125 0.4479166666666667 0.045312500000000006 0.05
43 0.55859375 0.4166666666666667 0.0484375 0.0375
29 0.48046875 0.6510416666666666 0.09531250000000001 0.05625
33 0.53671875 0.515625 0.0890625 0.04791666666666666
48 0.52109375 0.5645833333333333 0.0234375 0.020833333333333332
24 0.465625 0.734375 0.084375 0.06875
18 0.47421875 0.39791666666666664 0.029687500000000002 0.09166666666666666
17 0.42421875000000003 0.8041666666666667 0.0859375 0.125
29 0.43046875 0.578125 0.06406250000000001 0.05625
0 0.415625 0.48541666666666666 0.109375 0.09583333333333333
44 0.44765625000000003 0.4114583333333333 0.0421875 0.022916666666666665
32 0.3765625 0.396875 0.046875 0.03958333333333333
