50 0.91953125 0.7260416666666667 0.09843750000000001 0.14791666666666667
30 0.78046875 0.628125 0.22031250000000002 0.09375
33 0.7140625 0.5229166666666667 0.040625 0.07083333333333333
49 0.6335937500000001 0.5354166666666667 0.045312500000000006 0.1375
46 0.6179687500000001 0.47291666666666665 0.0546875 0.058333333333333334
25 0.625 0.6552083333333333 0.05 0.06458333333333333
18 0.6351562500000001 0.7416666666666667 0.035937500000000004 0.15833333333333333
47 0.5859375 0.38125 0.084375 0.0375
40 0.59140625 0.44895833333333335 0.045312500000000006 0.052083333333333336
43 0.60078125 0.4197916666666667 0.0484375 0.035416666666666666
29 0.515625 0.6510416666666666 0.09375 0.052083333333333336
33 0.5750000000000001 0.515625 0.08750000000000001 0.04791666666666666
48 0.48828125 0.5572916666666666 0.0234375 0.01875
24 0.50234375 0.7385416666666667 0.08281250000000001 0.06458333333333333
18 0.5140625 0.3958333333333333 0.03125 0.09166666666666666
17 0.46015625000000004 0.8020833333333334 0.0859375 0.125
29 0.47109375000000003 0.5770833333333333 0.06406250000000001 0.05416666666666667
0 0.4546875 0.4822916666666667 0.109375 0.09375
44 0.48750000000000004 0.41041666666666665 0.040625 0.020833333333333332
32 0.41875 0.396875 0.046875 0.03958333333333333
