50 0.5437500000000001 0.6604166666666667 0.07500000000000001 0.13333333333333333
30 0.41875 0.6052083333333333 0.19687500000000002 0.09791666666666667
33 0.35234375 0.515625 0.0421875 0.06875
49 0.2734375 0.5479166666666666 0.05625 0.14166666666666666
46 0.24921875000000002 0.4875 0.060937500000000006 0.0625
25 0.2765625 0.671875 0.05 0.06458333333333333
18 0.30000000000000004 0.7552083333333334 0.037500000000000006 0.15625
47 0.20390625 0.396875 0.09531250000000001 0.03958333333333333
40 0.21796875000000002 0.4666666666666667 0.051562500000000004 0.05416666666666667
43 0.22734375 0.4354166666666667 0.0578125 0.0375
29 0.15625 0.7041666666666666 0.10625000000000001 0.075
33 0.20234375000000002 0.5416666666666666 0.09843750000000001 0.05416666666666667
48 0.19921875 0.596875 0.029687500000000002 0.022916666666666665
24 0.15234375 0.790625 0.09531250000000001 0.06875
18 0.125 0.42916666666666664 0.040625 0.1
17 0.11328125 0.8854166666666666 0.09843750000000001 0.1375
29 0.09296875 0.6375 0.0734375 0.075
0 0.06796875000000001 0.5375 0.1328125 0.1125
44 0.09765625 0.44687499999999997 0.045312500000000006 0.022916666666666665
