50 0.6234375000000001 0.6645833333333333 0.078125 0.13333333333333333
30 0.496875 0.6020833333333333 0.19375 0.09166666666666666
33 0.43203125000000003 0.5104166666666666 0.0390625 0.07083333333333333
49 0.3515625 0.5375 0.05625 0.14166666666666666
46 0.328125 0.4791666666666667 0.059375000000000004 0.0625
25 0.35703125 0.6583333333333333 0.0484375 0.06666666666666667
18 0.3765625 0.740625 0.034375 0.15625
47 0.29453125 0.3875 0.0921875 0.03333333333333333
40 0.30000000000000004 0.45729166666666665 0.046875 0.052083333333333336
43 0.30859375 0.42604166666666665 0.0546875 0.035416666666666666
29 0.2421875 0.68125 0.10312500000000001 0.06666666666666667
33 0.28046875 0.5291666666666667 0.09843750000000001 0.05416666666666667
48 0.28359375000000003 0.58125 0.026562500000000003 0.025
24 0.23515625 0.7697916666666667 0.0890625 0.06875
18 0.21953125 0.41354166666666664 0.0328125 0.09791666666666667
17 0.19609375 0.853125 0.0921875 0.12708333333333333
29 0.184375 0.6125 0.06875 0.06666666666666667
0 0.16171875000000002 0.5177083333333333 0.1265625 0.11041666666666666
44 0.19375 0.43124999999999997 0.046875 0.020833333333333332
32 0.10859375 0.4270833333333333 0.0578125 0.04583333333333333
