50 0.7835937500000001 0.6895833333333333 0.0859375 0.14166666666666666
30 0.65546875 0.6145833333333334 0.2078125 0.07916666666666666
33 0.58984375 0.5125 0.0390625 0.07083333333333333
49 0.5125000000000001 0.53125 0.043750000000000004 0.1375
46 0.496875 0.46979166666666666 0.053125000000000006 0.06041666666666667
25 0.509375 0.6489583333333333 0.046875 0.06458333333333333
18 0.525 0.7322916666666667 0.034375 0.16041666666666665
47 0.46171875 0.37916666666666665 0.08281250000000001 0.03333333333333333
40 0.46953125 0.44687499999999997 0.045312500000000006 0.052083333333333336
43 0.47734375 0.4166666666666667 0.0484375 0.0375
29 0.40156250000000004 0.65625 0.096875 0.058333333333333334
33 0.453125 0.5135416666666667 0.09062500000000001 0.04375
48 0.44375000000000003 0.565625 0.025 0.022916666666666665
24 0.390625 0.740625 0.084375 0.06875
18 0.38984375000000004 0.3989583333333333 0.029687500000000002 0.08958333333333333
17 0.35078125000000004 0.8145833333333333 0.0859375 0.125
29 0.35078125000000004 0.5854166666666667 0.06406250000000001 0.0625
0 0.3328125 0.4927083333333333 0.115625 0.10208333333333333
44 0.36640625000000004 0.41562499999999997 0.0421875 0.022916666666666665
32 0.29296875 0.4041666666666667 0.051562500000000004 0.041666666666666664
