11 0.77890625 0.7270833333333333 0.2265625 0.24583333333333332
6 0.659375 0.61875 0.08125 0.0375
43 0.56640625 0.7010416666666667 0.029687500000000002 0.07291666666666667
43 0.453125 0.8895833333333333 0.109375 0.1
44 0.61328125 0.9249999999999999 0.035937500000000004 0.15
42 0.8070312500000001 0.9385416666666666 0.09531250000000001 0.10625
31 0.8671875 0.8479166666666667 0.053125000000000006 0.07083333333333333
23 0.496875 0.6166666666666667 0.053125000000000006 0.07083333333333333
23 0.353125 0.65 0.078125 0.0875
38 0.45390625 0.721875 0.0421875 0.06458333333333333
27 0.28359375000000003 0.78125 0.1484375 0.11666666666666667
1 0.6156250000000001 0.7677083333333333 0.0625 0.18541666666666667
39 0.19765625 0.6677083333333333 0.0546875 0.07291666666666667
31 0.28828125 0.9510416666666667 0.0484375 0.06458333333333333
4 0.1171875 0.8624999999999999 0.08125 0.10416666666666667
15 0.0671875 0.575 0.096875 0.09583333333333333
19 0.06171875 0.7291666666666666 0.1203125 0.19583333333333333
