11 0.6960937500000001 0.70625 0.20468750000000002 0.23333333333333334
6 0.58046875 0.6104166666666666 0.0765625 0.03333333333333333
43 0.4921875 0.6979166666666666 0.028125 0.07083333333333333
43 0.38359375 0.8958333333333334 0.1078125 0.1
44 0.54296875 0.9197916666666667 0.035937500000000004 0.15208333333333332
42 0.7296875 0.915625 0.08750000000000001 0.09791666666666667
31 0.7835937500000001 0.8208333333333333 0.0484375 0.06666666666666667
23 0.42031250000000003 0.6197916666666666 0.053125000000000006 0.07291666666666667
23 0.2734375 0.6635416666666667 0.08125 0.08958333333333333
38 0.3796875 0.7291666666666666 0.040625 0.0625
27 0.20234375000000002 0.8072916666666666 0.15781250000000002 0.12708333333333333
1 0.54140625 0.7614583333333333 0.060937500000000006 0.18541666666666667
39 0.109375 0.690625 0.05625 0.07291666666666667
31 0.21250000000000002 0.96875 0.053125000000000006 0.05416666666666667
4 0.03828125 0.9 0.0734375 0.10833333333333334
