11 0.8187500000000001 0.7354166666666666 0.225 0.24583333333333332
6 0.6976562500000001 0.6229166666666667 0.07968750000000001 0.0375
43 0.6039062500000001 0.703125 0.029687500000000002 0.07291666666666667
43 0.48750000000000004 0.88125 0.109375 0.1
44 0.64765625 0.9249999999999999 0.035937500000000004 0.15
42 0.8445312500000001 0.9458333333333333 0.09531250000000001 0.10416666666666667
31 0.90625 0.8624999999999999 0.053125000000000006 0.07083333333333333
23 0.534375 0.6166666666666667 0.053125000000000006 0.07083333333333333
23 0.39296875000000003 0.6458333333333334 0.0765625 0.0875
38 0.49140625000000004 0.71875 0.0421875 0.0625
27 0.32109375 0.7739583333333333 0.1484375 0.11458333333333333
1 0.6531250000000001 0.771875 0.0625 0.18541666666666667
39 0.240625 0.6572916666666666 0.053125000000000006 0.06875
31 0.32578125 0.9395833333333333 0.0484375 0.0625
4 0.15781250000000002 0.8468749999999999 0.08125 0.10208333333333333
15 0.115625 0.5625 0.09375 0.09166666666666666
19 0.08125 0.721875 0.15937500000000002 0.20625
