11 0.58046875 0.6927083333333334 0.1953125 0.23958333333333334
6 0.465625 0.6145833333333334 0.078125 0.0375
43 0.37812500000000004 0.7052083333333333 0.034375 0.07291666666666667
43 0.27265625 0.9083333333333333 0.11406250000000001 0.12083333333333333
44 0.43828125 0.921875 0.045312500000000006 0.15625
42 0.61875 0.8947916666666667 0.08750000000000001 0.10625
31 0.671875 0.796875 0.05 0.06458333333333333
23 0.30312500000000003 0.6333333333333333 0.059375000000000004 0.08333333333333333
23 0.1484375 0.6947916666666667 0.096875 0.10208333333333333
38 0.26328125 0.7479166666666667 0.0484375 0.07083333333333333
27 0.08125 0.853125 0.1625 0.13958333333333334
1 0.43046875 0.7645833333333333 0.060937500000000006 0.1875
