11 0.9109375000000001 0.7822916666666666 0.178125 0.2520833333333333
6 0.82578125 0.6458333333333334 0.0921875 0.05
43 0.7203125 0.7166666666666667 0.028125 0.07916666666666666
43 0.59296875 0.8739583333333333 0.1078125 0.09375
44 0.7625000000000001 0.9385416666666666 0.043750000000000004 0.12291666666666666
42 0.94921875 0.9635416666666666 0.09843750000000001 0.07291666666666667
23 0.65234375 0.6239583333333333 0.0578125 0.07291666666666667
23 0.5078125 0.6385416666666667 0.07187500000000001 0.08958333333333333
38 0.6039062500000001 0.725 0.0421875 0.0625
27 0.434375 0.7541666666666667 0.140625 0.10416666666666667
1 0.7718750000000001 0.79375 0.07500000000000001 0.19583333333333333
39 0.3609375 0.6364583333333333 0.043750000000000004 0.06458333333333333
31 0.4296875 0.9239583333333333 0.043750000000000004 0.06041666666666667
4 0.28125 0.8125 0.07187500000000001 0.09166666666666666
15 0.2515625 0.5375 0.08750000000000001 0.09166666666666666
19 0.18125000000000002 0.684375 0.21875 0.18958333333333333
45 0.14296875 0.5385416666666667 0.0421875 0.04791666666666666
47 0.03515625 0.6375 0.0703125 0.058333333333333334
