6 0.9539062500000001 0.6989583333333333 0.0921875 0.05625
43 0.8382812500000001 0.7635416666666667 0.029687500000000002 0.08125
43 0.696875 0.93125 0.109375 0.09583333333333333
23 0.7703125000000001 0.659375 0.0625 0.08125
23 0.6179687500000001 0.6604166666666667 0.0734375 0.08333333333333333
38 0.7132812500000001 0.7552083333333334 0.045312500000000006 0.06458333333333333
27 0.53828125 0.765625 0.1390625 0.09375
1 0.890625 0.8489583333333334 0.084375 0.20208333333333334
39 0.47109375000000003 0.6416666666666666 0.0421875 0.058333333333333334
31 0.5265625 0.9375 0.040625 0.058333333333333334
4 0.38671875 0.8083333333333333 0.06406250000000001 0.0875
15 0.37109375 0.5354166666666667 0.08281250000000001 0.08333333333333333
19 0.30000000000000004 0.6739583333333333 0.19687500000000002 0.17291666666666666
45 0.27109375 0.5322916666666666 0.0390625 0.04375
47 0.16640625 0.6177083333333333 0.06406250000000001 0.04791666666666666
32 0.0703125 0.690625 0.034375 0.09375
