6 0.91796875 0.6729166666666666 0.09843750000000001 0.05416666666666667
43 0.80234375 0.7375 0.029687500000000002 0.08333333333333333
43 0.6671875 0.8947916666666667 0.109375 0.09375
44 0.8390625 0.9447916666666667 0.046875 0.11041666666666666
23 0.734375 0.6375 0.0625 0.07916666666666666
23 0.584375 0.6395833333333333 0.07187500000000001 0.0875
38 0.68125 0.7354166666666666 0.043750000000000004 0.0625
27 0.509375 0.7489583333333333 0.1375 0.09375
1 0.8562500000000001 0.81875 0.08125 0.2
39 0.4390625 0.6291666666666667 0.043750000000000004 0.0625
31 0.5007812500000001 0.9166666666666666 0.0421875 0.058333333333333334
4 0.35781250000000003 0.79375 0.065625 0.0875
15 0.33515625000000004 0.5270833333333333 0.08281250000000001 0.08333333333333333
19 0.26328125 0.6677083333333333 0.2109375 0.18541666666666667
45 0.23359375000000002 0.5229166666666667 0.0421875 0.05
47 0.12812500000000002 0.6125 0.07187500000000001 0.05416666666666667
32 0.032031250000000004 0.6875 0.0390625 0.09583333333333333
