11 0.86484375 0.7489583333333333 0.2421875 0.24791666666666667
6 0.7406250000000001 0.6302083333333334 0.08750000000000001 0.04375
43 0.6421875 0.7052083333333333 0.028125 0.07708333333333334
43 0.5242187500000001 0.875 0.1078125 0.09583333333333333
44 0.6859375000000001 0.9291666666666667 0.040625 0.14166666666666666
42 0.88046875 0.9458333333333333 0.09531250000000001 0.10416666666666667
31 0.9578125000000001 0.884375 0.059375000000000004 0.08541666666666667
23 0.57421875 0.6166666666666667 0.0578125 0.075
23 0.43203125000000003 0.6416666666666666 0.0765625 0.0875
38 0.52890625 0.71875 0.0421875 0.0625
27 0.36015625 0.765625 0.1484375 0.11458333333333333
1 0.69296875 0.7770833333333333 0.0703125 0.19166666666666665
39 0.28046875 0.65 0.051562500000000004 0.06666666666666667
31 0.36015625 0.9333333333333333 0.045312500000000006 0.0625
4 0.20078125000000002 0.8333333333333334 0.0765625 0.09583333333333333
15 0.16171875000000002 0.5541666666666667 0.0921875 0.09166666666666666
19 0.10312500000000001 0.7145833333333333 0.20625000000000002 0.21666666666666667
45 0.046875 0.5614583333333333 0.046875 0.052083333333333336
