11 0.50234375 0.6927083333333334 0.1921875 0.24375
6 0.3875 0.6166666666666667 0.078125 0.0375
43 0.30234375 0.71875 0.035937500000000004 0.075
43 0.19453125000000002 0.934375 0.11406250000000001 0.12291666666666666
44 0.3671875 0.9260416666666667 0.043750000000000004 0.14375
42 0.5484375 0.8854166666666666 0.084375 0.10416666666666667
31 0.59765625 0.7864583333333334 0.051562500000000004 0.06458333333333333
23 0.22187500000000002 0.6489583333333333 0.05625 0.08541666666666667
23 0.0578125 0.7208333333333333 0.1 0.10833333333333334
38 0.18203125 0.7729166666666667 0.0484375 0.07083333333333333
