11 0.8929687500000001 0.7604166666666666 0.21406250000000002 0.25
6 0.7820312500000001 0.6364583333333333 0.0890625 0.04791666666666666
43 0.68125 0.7125 0.028125 0.075
43 0.55859375 0.8739583333333333 0.1078125 0.09375
44 0.7250000000000001 0.9322916666666666 0.043750000000000004 0.13541666666666666
42 0.92578125 0.9614583333333333 0.09843750000000001 0.07291666666666667
23 0.61328125 0.621875 0.0578125 0.07291666666666667
23 0.4703125 0.640625 0.07500000000000001 0.08958333333333333
38 0.56640625 0.71875 0.0421875 0.0625
27 0.3984375 0.7572916666666667 0.14375000000000002 0.10625
1 0.73203125 0.7854166666666667 0.0703125 0.19166666666666665
39 0.32265625000000003 0.6427083333333333 0.0484375 0.06875
31 0.39375000000000004 0.9291666666666667 0.043750000000000004 0.0625
4 0.24140625000000002 0.8208333333333333 0.0734375 0.09166666666666666
15 0.209375 0.5447916666666667 0.09375 0.09375
19 0.13593750000000002 0.6979166666666666 0.225 0.2
45 0.09765625 0.55 0.045312500000000006 0.05416666666666667
