11 0.65625 0.7020833333333333 0.20625000000000002 0.23333333333333334
6 0.5421875 0.6114583333333333 0.078125 0.035416666666666666
43 0.4546875 0.7 0.028125 0.07083333333333333
43 0.34687500000000004 0.9010416666666666 0.109375 0.10208333333333333
44 0.5085937500000001 0.9197916666666667 0.035937500000000004 0.15208333333333332
42 0.6921875000000001 0.9072916666666666 0.08750000000000001 0.09791666666666667
31 0.7468750000000001 0.8125 0.05 0.06666666666666667
23 0.38203125000000004 0.6239583333333333 0.0546875 0.07291666666666667
23 0.23203125000000002 0.6729166666666666 0.0859375 0.09583333333333333
38 0.340625 0.734375 0.043750000000000004 0.06458333333333333
27 0.1625 0.8197916666666667 0.15937500000000002 0.12708333333333333
1 0.503125 0.7604166666666666 0.05625 0.1875
39 0.06406250000000001 0.7052083333333333 0.059375000000000004 0.07708333333333334
