28 0.8171875000000001 0.7885416666666667 0.053125000000000006 0.08125
37 0.8343750000000001 0.6479166666666667 0.059375000000000004 0.075
36 0.74140625 0.5541666666666667 0.0671875 0.09166666666666666
34 0.5625 0.4479166666666667 0.15937500000000002 0.3
19 0.5953125 0.6447916666666667 0.215625 0.12291666666666666
13 0.6429687500000001 0.796875 0.09531250000000001 0.12291666666666666
41 0.3953125 0.7697916666666667 0.2 0.16875
0 0.37812500000000004 0.5739583333333333 0.14375000000000002 0.14791666666666667
2 0.27109375 0.7135416666666666 0.11093750000000001 0.08958333333333333
48 0.21171875 0.8114583333333333 0.051562500000000004 0.03958333333333333
12 0.23828125 0.5520833333333334 0.0921875 0.1625
50 0.12812500000000002 0.6791666666666667 0.1375 0.10833333333333334
15 0.10546875 0.5583333333333333 0.1234375 0.11666666666666667
