28 0.7757812500000001 0.778125 0.0484375 0.08125
37 0.7914062500000001 0.6395833333333333 0.0546875 0.07083333333333333
36 0.69921875 0.5489583333333333 0.06406250000000001 0.08958333333333333
34 0.51953125 0.4458333333333333 0.1546875 0.29583333333333334
19 0.55625 0.640625 0.21250000000000002 0.11875
13 0.60546875 0.7927083333333333 0.09531250000000001 0.12291666666666666
41 0.35859375000000004 0.7760416666666666 0.2078125 0.17708333333333334
0 0.33828125000000003 0.578125 0.1453125 0.14791666666666667
2 0.23203125000000002 0.721875 0.11093750000000001 0.08958333333333333
48 0.17265625 0.8229166666666666 0.051562500000000004 0.041666666666666664
12 0.19453125000000002 0.559375 0.09843750000000001 0.16458333333333333
50 0.08203125 0.6916666666666667 0.1453125 0.1125
15 0.06171875 0.5708333333333333 0.1203125 0.12083333333333333
