34 0.8226562500000001 0.4739583333333333 0.1921875 0.33125
19 0.84375 0.690625 0.246875 0.17291666666666666
13 0.8812500000000001 0.8624999999999999 0.115625 0.11666666666666667
41 0.6195312500000001 0.7708333333333334 0.2015625 0.16666666666666666
0 0.6125 0.575 0.140625 0.14583333333333334
2 0.5015625 0.684375 0.10625000000000001 0.06875
48 0.4421875 0.765625 0.046875 0.03958333333333333
12 0.48281250000000003 0.53125 0.07500000000000001 0.1625
50 0.37578125 0.63125 0.1234375 0.10416666666666667
15 0.36484375 0.521875 0.1078125 0.10625
30 0.2578125 0.634375 0.059375000000000004 0.21875
47 0.23046875 0.5375 0.06406250000000001 0.08333333333333333
34 0.2828125 0.3958333333333333 0.16562500000000002 0.22083333333333333
9 0.109375 0.6083333333333333 0.146875 0.17083333333333334
