34 0.90625 0.4895833333333333 0.184375 0.35833333333333334
19 0.9015625 0.7052083333333333 0.19687500000000002 0.16875
41 0.6976562500000001 0.7802083333333333 0.2078125 0.16875
0 0.69453125 0.584375 0.1453125 0.14375
2 0.578125 0.6864583333333333 0.10625000000000001 0.06875
48 0.5171875 0.7635416666666667 0.046875 0.03958333333333333
12 0.5632812500000001 0.5322916666666666 0.0703125 0.16041666666666665
50 0.45625000000000004 0.6260416666666666 0.115625 0.10208333333333333
15 0.44921875 0.515625 0.1078125 0.10625
30 0.33906250000000004 0.6239583333333333 0.059375000000000004 0.21875
47 0.31562500000000004 0.5229166666666667 0.0625 0.07916666666666666
34 0.37109375 0.3875 0.15156250000000002 0.22083333333333333
9 0.20234375000000002 0.5875 0.1421875 0.1625
