28 0.8562500000000001 0.7989583333333333 0.053125000000000006 0.08125
37 0.8796875000000001 0.6614583333333334 0.0625 0.07708333333333334
36 0.78046875 0.5572916666666666 0.0671875 0.08958333333333333
34 0.6046875 0.4479166666666667 0.1625 0.3
19 0.6351562500000001 0.6520833333333333 0.22031250000000002 0.13333333333333333
13 0.6804687500000001 0.803125 0.09531250000000001 0.12291666666666666
41 0.43203125000000003 0.765625 0.19843750000000002 0.16875
0 0.41640625000000003 0.571875 0.1421875 0.14791666666666667
2 0.30859375 0.7072916666666667 0.11093750000000001 0.08958333333333333
48 0.25078125 0.8010416666666667 0.051562500000000004 0.03958333333333333
12 0.27734375 0.5479166666666666 0.0921875 0.1625
50 0.1703125 0.6645833333333333 0.1375 0.10833333333333334
15 0.15156250000000002 0.5479166666666666 0.11875000000000001 0.11666666666666667
30 0.0390625 0.69375 0.078125 0.24583333333333332
