34 0.87109375 0.48020833333333335 0.19843750000000002 0.33541666666666664
19 0.88046875 0.6958333333333333 0.2390625 0.175
13 0.9242187500000001 0.8781249999999999 0.1234375 0.11875
41 0.6585937500000001 0.775 0.20468750000000002 0.17083333333333334
0 0.65390625 0.578125 0.1421875 0.14375
2 0.540625 0.684375 0.10625000000000001 0.06875
48 0.47968750000000004 0.7635416666666667 0.046875 0.03958333333333333
12 0.521875 0.53125 0.07500000000000001 0.1625
50 0.41796875 0.6260416666666666 0.1171875 0.10208333333333333
15 0.40390625 0.5197916666666667 0.1078125 0.10625
30 0.29921875000000003 0.628125 0.060937500000000006 0.21875
47 0.2734375 0.53125 0.065625 0.08333333333333333
34 0.328125 0.39375 0.15625 0.225
9 0.15703125 0.5947916666666666 0.1453125 0.16458333333333333
