11 0.30625 0.80625 0.28125 0.3208333333333333
45 0.5007812500000001 0.6197916666666666 0.0484375 0.05625
32 0.58984375 0.7302083333333333 0.11093750000000001 0.08958333333333333
23 0.48984375 0.9249999999999999 0.0890625 0.15
6 0.71640625 0.91875 0.0390625 0.13333333333333333
38 0.7640625000000001 0.8010416666666667 0.05 0.06875
47 0.734375 0.7166666666666667 0.08750000000000001 0.05416666666666667
43 0.63046875 0.6041666666666666 0.0484375 0.0625
1 0.20390625 0.609375 0.060937500000000006 0.15208333333333332
42 0.15937500000000002 0.7447916666666666 0.0625 0.08541666666666667
44 0.340625 0.5864583333333333 0.03125 0.10208333333333333
23 0.039843750000000004 0.76875 0.07968750000000001 0.10416666666666667
43 0.05390625 0.9020833333333333 0.1078125 0.058333333333333334
31 0.29609375 0.9614583333333333 0.0546875 0.07291666666666667
