11 0.42031250000000003 0.7916666666666666 0.27187500000000003 0.30416666666666664
45 0.6171875 0.625 0.05 0.058333333333333334
32 0.7039062500000001 0.7458333333333333 0.11093750000000001 0.1
23 0.59296875 0.9249999999999999 0.0890625 0.15
6 0.8289062500000001 0.9416666666666667 0.0390625 0.11666666666666667
38 0.8859375 0.8375 0.05625 0.07083333333333333
47 0.8562500000000001 0.746875 0.09375 0.06041666666666667
43 0.74921875 0.6208333333333333 0.051562500000000004 0.0625
1 0.32890625 0.5885416666666666 0.051562500000000004 0.14375
42 0.28359375000000003 0.7125 0.0578125 0.07916666666666666
44 0.4578125 0.5770833333333333 0.025 0.1
23 0.16484375 0.7229166666666667 0.0859375 0.09583333333333333
43 0.17890625000000002 0.8520833333333333 0.09531250000000001 0.05
31 0.40156250000000004 0.95 0.05 0.09583333333333333
31 0.022656250000000003 0.8947916666666667 0.045312500000000006 0.05625
27 0.07421875 0.6333333333333333 0.07968750000000001 0.075
