11 0.7273437500000001 0.8052083333333333 0.30781250000000004 0.26458333333333334
45 0.95703125 0.696875 0.0671875 0.06041666666666667
1 0.6429687500000001 0.5833333333333334 0.045312500000000006 0.14166666666666666
42 0.5875 0.6916666666666667 0.05625 0.075
44 0.7765625 0.6041666666666666 0.034375 0.10416666666666667
23 0.48046875 0.6708333333333333 0.0734375 0.08333333333333333
43 0.47968750000000004 0.7927083333333333 0.08750000000000001 0.04791666666666666
31 0.6781250000000001 0.9541666666666666 0.053125000000000006 0.0875
31 0.3453125 0.7864583333333334 0.037500000000000006 0.052083333333333336
27 0.41328125000000004 0.571875 0.0671875 0.06041666666666667
15 0.33671875 0.628125 0.1078125 0.11041666666666666
4 0.3171875 0.5229166666666667 0.053125000000000006 0.041666666666666664
39 0.259375 0.5677083333333334 0.05625 0.052083333333333336
19 0.1265625 0.6958333333333333 0.253125 0.19166666666666665
