11 0.18671875000000002 0.8333333333333334 0.2890625 0.3333333333333333
45 0.38593750000000004 0.628125 0.05 0.05625
32 0.47890625000000003 0.7260416666666667 0.1078125 0.08125
23 0.38671875 0.9302083333333333 0.0890625 0.13958333333333334
6 0.60703125 0.8989583333333333 0.0421875 0.13541666666666666
38 0.64765625 0.7770833333333333 0.0484375 0.06666666666666667
47 0.61640625 0.696875 0.08281250000000001 0.04791666666666666
43 0.5140625 0.6 0.046875 0.0625
1 0.0703125 0.6447916666666667 0.07500000000000001 0.16041666666666665
42 0.029687500000000002 0.7916666666666666 0.059375000000000004 0.09583333333333333
44 0.215625 0.609375 0.034375 0.10625
