11 0.49531250000000004 0.7854166666666667 0.27187500000000003 0.30416666666666664
45 0.6953125 0.6333333333333333 0.05 0.058333333333333334
32 0.784375 0.7635416666666667 0.115625 0.10208333333333333
23 0.66953125 0.9291666666666667 0.09843750000000001 0.13333333333333333
38 0.97421875 0.8729166666666667 0.051562500000000004 0.075
47 0.9476562500000001 0.778125 0.09843750000000001 0.07291666666666667
43 0.8375 0.6385416666666667 0.05625 0.06458333333333333
1 0.40937500000000004 0.5822916666666667 0.046875 0.13958333333333334
42 0.3609375 0.7 0.05625 0.07916666666666666
44 0.5359375000000001 0.5770833333333333 0.025 0.1
23 0.24765625000000002 0.7052083333333333 0.07968750000000001 0.09375
43 0.2578125 0.8270833333333333 0.09062500000000001 0.04583333333333333
31 0.46718750000000003 0.9416666666666667 0.05 0.09583333333333333
31 0.109375 0.853125 0.040625 0.05625
27 0.1640625 0.6104166666666666 0.078125 0.075
15 0.08125 0.6885416666666666 0.12187500000000001 0.12291666666666666
4 0.05078125 0.5729166666666666 0.0671875 0.04583333333333333
