11 0.26484375 0.8156249999999999 0.2890625 0.33125
45 0.46171875 0.621875 0.0484375 0.05625
32 0.55390625 0.7270833333333333 0.1078125 0.07916666666666666
23 0.4546875 0.9208333333333333 0.08750000000000001 0.1375
6 0.6796875 0.9104166666666667 0.040625 0.13333333333333333
38 0.721875 0.7864583333333334 0.046875 0.06458333333333333
47 0.69296875 0.7072916666666667 0.08281250000000001 0.04791666666666666
43 0.5890625 0.6010416666666667 0.046875 0.06041666666666667
1 0.14921875 0.628125 0.0734375 0.16041666666666665
42 0.1078125 0.7604166666666666 0.059375000000000004 0.09583333333333333
44 0.29375 0.5979166666666667 0.034375 0.10416666666666667
