11 0.534375 0.790625 0.278125 0.29375
45 0.734375 0.6395833333333333 0.05 0.058333333333333334
32 0.82734375 0.7770833333333333 0.1234375 0.10833333333333334
23 0.70703125 0.9302083333333333 0.09843750000000001 0.13125
43 0.8828125 0.646875 0.05625 0.06458333333333333
1 0.44843750000000004 0.5802083333333333 0.046875 0.13958333333333334
42 0.3984375 0.6958333333333333 0.05625 0.07916666666666666
44 0.5750000000000001 0.5791666666666666 0.025 0.1
23 0.28671875 0.696875 0.07968750000000001 0.09375
43 0.29609375 0.81875 0.0890625 0.04583333333333333
31 0.5015625 0.9375 0.05 0.09583333333333333
31 0.15390625000000002 0.8364583333333333 0.0390625 0.052083333333333336
27 0.20859375000000002 0.6 0.0734375 0.075
15 0.1296875 0.671875 0.115625 0.12291666666666666
4 0.09843750000000001 0.5614583333333333 0.065625 0.04375
39 0.03515625 0.6197916666666666 0.060937500000000006 0.06041666666666667
