11 0.4578125 0.7875 0.27187500000000003 0.30416666666666664
45 0.65625 0.6291666666666667 0.05 0.058333333333333334
32 0.7453125 0.7552083333333334 0.115625 0.10208333333333333
23 0.63046875 0.928125 0.09531250000000001 0.14375
6 0.8703125 0.946875 0.043750000000000004 0.10208333333333333
38 0.9328125 0.853125 0.059375000000000004 0.07291666666666667
47 0.9015625 0.7625 0.1 0.07083333333333333
43 0.7937500000000001 0.6291666666666667 0.05625 0.0625
1 0.36953125000000003 0.5854166666666667 0.051562500000000004 0.14166666666666666
42 0.32343750000000004 0.70625 0.05625 0.07916666666666666
44 0.496875 0.5770833333333333 0.025 0.1
23 0.2078125 0.7135416666666666 0.08125 0.09375
43 0.21953125 0.8395833333333333 0.0921875 0.04583333333333333
31 0.434375 0.9458333333333333 0.05 0.09583333333333333
31 0.065625 0.8708333333333333 0.040625 0.05416666666666667
27 0.12109375 0.6229166666666667 0.07968750000000001 0.075
15 0.0484375 0.703125 0.09375 0.12291666666666666
