42 0.9460937500000001 0.8552083333333333 0.0890625 0.09375
50 0.9226562500000001 0.6427083333333333 0.1203125 0.08125
2 0.95078125 0.5802083333333333 0.09531250000000001 0.06875
47 0.7664062500000001 0.784375 0.1546875 0.09791666666666667
15 0.7679687500000001 0.6125 0.1390625 0.13333333333333333
12 0.8289062500000001 0.5125 0.0734375 0.15416666666666667
0 0.8015625000000001 0.4927083333333333 0.1375 0.11458333333333333
34 0.6257812500000001 0.6010416666666667 0.045312500000000006 0.4354166666666667
34 0.7703125000000001 0.35 0.140625 0.20833333333333334
19 0.87421875 0.44687499999999997 0.11406250000000001 0.08541666666666667
37 0.9171875 0.3885416666666667 0.034375 0.04375
36 0.8375 0.37916666666666665 0.034375 0.0625
