9 0.91171875 0.7375 0.1328125 0.22083333333333333
42 0.7734375 0.8010416666666667 0.078125 0.08125
30 0.8812500000000001 0.5885416666666666 0.1 0.19791666666666666
50 0.7421875 0.603125 0.10312500000000001 0.06875
2 0.7609375 0.5385416666666667 0.084375 0.04791666666666666
47 0.609375 0.759375 0.140625 0.10208333333333333
15 0.603125 0.5916666666666667 0.125 0.125
12 0.65 0.4927083333333333 0.0625 0.14791666666666667
0 0.62890625 0.47604166666666664 0.1265625 0.10625
34 0.46718750000000003 0.603125 0.05 0.43124999999999997
34 0.5906250000000001 0.340625 0.12187500000000001 0.20625
41 0.8203125 0.4875 0.125 0.0625
13 0.81640625 0.43645833333333334 0.0859375 0.035416666666666666
28 0.8093750000000001 0.39375 0.043750000000000004 0.03333333333333333
19 0.6976562500000001 0.42604166666666665 0.09531250000000001 0.07708333333333334
37 0.72421875 0.3645833333333333 0.026562500000000003 0.041666666666666664
36 0.65390625 0.36354166666666665 0.026562500000000003 0.05625
