9 0.78125 0.70625 0.115625 0.2125
42 0.66015625 0.775 0.0734375 0.07916666666666666
30 0.7523437500000001 0.5625 0.0859375 0.19166666666666665
50 0.62265625 0.5875 0.09843750000000001 0.06666666666666667
2 0.6414062500000001 0.5260416666666666 0.08281250000000001 0.04375
47 0.49921875000000004 0.753125 0.1421875 0.10208333333333333
15 0.48750000000000004 0.5895833333333333 0.125 0.125
12 0.53359375 0.48541666666666666 0.0546875 0.14583333333333334
0 0.5085937500000001 0.4708333333333333 0.1265625 0.10833333333333334
34 0.35078125000000004 0.6104166666666666 0.060937500000000006 0.4375
34 0.46484375 0.340625 0.1171875 0.20625
41 0.69453125 0.471875 0.1203125 0.06458333333333333
13 0.6890625 0.421875 0.07500000000000001 0.03125
28 0.6820312500000001 0.3802083333333333 0.0390625 0.03125
19 0.5765625 0.41770833333333335 0.09375 0.07708333333333334
37 0.6000000000000001 0.3572916666666667 0.028125 0.03958333333333333
36 0.534375 0.36041666666666666 0.028125 0.058333333333333334
