9 0.8671875 0.7260416666666667 0.12187500000000001 0.21875
42 0.734375 0.7895833333333333 0.078125 0.08333333333333333
30 0.8375 0.5791666666666666 0.096875 0.19583333333333333
50 0.70234375 0.596875 0.1046875 0.06875
2 0.721875 0.5354166666666667 0.084375 0.05
47 0.571875 0.7552083333333334 0.140625 0.10208333333333333
15 0.5640625 0.5895833333333333 0.125 0.125
12 0.6109375 0.490625 0.0625 0.14791666666666667
0 0.5890625 0.47291666666666665 0.12812500000000002 0.10833333333333334
34 0.42734375 0.603125 0.051562500000000004 0.43124999999999997
34 0.55078125 0.3385416666666667 0.1234375 0.20625
41 0.78046875 0.48020833333333335 0.1265625 0.06458333333333333
13 0.7742187500000001 0.42916666666666664 0.07968750000000001 0.03333333333333333
28 0.7703125000000001 0.3875 0.043750000000000004 0.03333333333333333
19 0.6585937500000001 0.42083333333333334 0.09531250000000001 0.07916666666666666
37 0.6843750000000001 0.36354166666666665 0.028125 0.04375
36 0.6140625000000001 0.3614583333333333 0.028125 0.05625
