50 0.953125 0.65625 0.09062500000000001 0.09166666666666666
47 0.8078125 0.7916666666666666 0.15937500000000002 0.10833333333333334
15 0.8109375000000001 0.6229166666666667 0.1375 0.1375
12 0.8734375000000001 0.5229166666666667 0.08125 0.15833333333333333
0 0.84765625 0.49895833333333334 0.1453125 0.11458333333333333
34 0.6648437500000001 0.609375 0.051562500000000004 0.4395833333333333
34 0.8187500000000001 0.3541666666666667 0.146875 0.2125
19 0.93359375 0.45729166666666665 0.1265625 0.09375
37 0.96875 0.39479166666666665 0.034375 0.04375
36 0.8851562500000001 0.3854166666666667 0.035937500000000004 0.0625
