23 0.89765625 0.6739583333333333 0.1265625 0.07291666666666667
11 0.665625 0.721875 0.21875 0.2520833333333333
22 0.8015625000000001 0.7041666666666666 0.07187500000000001 0.07083333333333333
44 0.9734375000000001 0.7760416666666666 0.05 0.13541666666666666
20 0.7351562500000001 0.4125 0.0859375 0.18333333333333332
19 0.9281250000000001 0.3927083333333333 0.12187500000000001 0.07708333333333334
36 0.83203125 0.42291666666666666 0.035937500000000004 0.04583333333333333
17 0.8304687500000001 0.5552083333333333 0.0578125 0.07291666666666667
4 0.85078125 0.4791666666666667 0.060937500000000006 0.041666666666666664
45 0.84140625 0.5072916666666667 0.051562500000000004 0.035416666666666666
