23 0.6015625 0.6229166666666667 0.10625000000000001 0.05
11 0.39765625000000004 0.7177083333333333 0.2234375 0.23958333333333334
22 0.52265625 0.6666666666666666 0.06406250000000001 0.06666666666666667
44 0.67578125 0.7020833333333333 0.029687500000000002 0.10833333333333334
6 0.75390625 0.7072916666666667 0.060937500000000006 0.07708333333333334
20 0.44140625 0.4041666666666667 0.0765625 0.17083333333333334
19 0.6101562500000001 0.36041666666666666 0.1015625 0.058333333333333334
36 0.52890625 0.4 0.029687500000000002 0.041666666666666664
17 0.5375 0.51875 0.05 0.07083333333333333
27 0.67890625 0.5375 0.09843750000000001 0.0375
4 0.55078125 0.44895833333333335 0.051562500000000004 0.03125
42 0.67890625 0.44166666666666665 0.0484375 0.04583333333333333
45 0.54453125 0.48020833333333335 0.0421875 0.035416666666666666
31 0.7289062500000001 0.584375 0.0390625 0.052083333333333336
