23 0.8523437500000001 0.6625 0.1203125 0.0625
11 0.6257812500000001 0.7166666666666667 0.2171875 0.25
22 0.7578125 0.6927083333333334 0.07187500000000001 0.07291666666666667
44 0.9304687500000001 0.7572916666666667 0.0484375 0.13125
20 0.690625 0.40729166666666666 0.078125 0.18125
19 0.8812500000000001 0.38645833333333335 0.115625 0.07291666666666667
36 0.784375 0.41770833333333335 0.034375 0.04375
17 0.78515625 0.546875 0.0578125 0.07291666666666667
27 0.94296875 0.5864583333333333 0.1078125 0.052083333333333336
4 0.80625 0.471875 0.05625 0.035416666666666666
42 0.9554687500000001 0.48020833333333335 0.0578125 0.052083333333333336
45 0.7953125000000001 0.5010416666666666 0.05 0.035416666666666666
