23 0.56484375 0.6208333333333333 0.1015625 0.05416666666666667
11 0.35859375000000004 0.7197916666666666 0.2265625 0.23958333333333334
22 0.484375 0.6645833333333333 0.065625 0.06666666666666667
44 0.6359375 0.6958333333333333 0.03125 0.10833333333333334
6 0.7132812500000001 0.6989583333333333 0.060937500000000006 0.07708333333333334
20 0.40078125000000003 0.4041666666666667 0.07968750000000001 0.175
19 0.56796875 0.36041666666666666 0.09843750000000001 0.058333333333333334
36 0.4890625 0.3989583333333333 0.03125 0.04375
17 0.49843750000000003 0.51875 0.05 0.07083333333333333
27 0.63984375 0.5333333333333333 0.09843750000000001 0.0375
4 0.51171875 0.44895833333333335 0.051562500000000004 0.03125
42 0.6375000000000001 0.4375 0.043750000000000004 0.04583333333333333
45 0.50546875 0.48020833333333335 0.0421875 0.035416666666666666
31 0.6898437500000001 0.578125 0.0390625 0.052083333333333336
