23 0.72578125 0.6364583333333333 0.11406250000000001 0.052083333333333336
11 0.51015625 0.709375 0.21406250000000002 0.24375
22 0.63828125 0.6729166666666666 0.06406250000000001 0.06666666666666667
44 0.7976562500000001 0.71875 0.0390625 0.125
6 0.88046875 0.7416666666666667 0.0703125 0.07916666666666666
20 0.5625 0.4 0.07500000000000001 0.175
19 0.73984375 0.37083333333333335 0.1078125 0.06666666666666667
36 0.6507812500000001 0.4041666666666667 0.029687500000000002 0.041666666666666664
17 0.65625 0.5291666666666667 0.05 0.07083333333333333
27 0.8 0.553125 0.10312500000000001 0.03958333333333333
4 0.6742187500000001 0.45729166666666665 0.0546875 0.035416666666666666
42 0.81171875 0.45729166666666665 0.051562500000000004 0.04791666666666666
45 0.6664062500000001 0.484375 0.045312500000000006 0.035416666666666666
31 0.8609375 0.6083333333333333 0.043750000000000004 0.05416666666666667
