23 0.45078125 0.6208333333333333 0.1046875 0.058333333333333334
11 0.23984375000000002 0.7427083333333333 0.2484375 0.23541666666666666
22 0.37109375 0.675 0.0671875 0.07083333333333333
44 0.525 0.6895833333333333 0.028125 0.10833333333333334
6 0.59921875 0.6854166666666667 0.0578125 0.07916666666666666
20 0.27265625 0.4125 0.0859375 0.17916666666666667
19 0.44609375 0.36041666666666666 0.1015625 0.058333333333333334
36 0.36484375 0.4041666666666667 0.0328125 0.04583333333333333
17 0.38125000000000003 0.5270833333333333 0.05 0.07083333333333333
27 0.52109375 0.5260416666666666 0.0921875 0.035416666666666666
4 0.38984375000000004 0.45208333333333334 0.051562500000000004 0.03333333333333333
42 0.5140625 0.4354166666666667 0.043750000000000004 0.04583333333333333
45 0.384375 0.48333333333333334 0.040625 0.0375
