23 0.6820312500000001 0.63125 0.1078125 0.05
11 0.47265625 0.7125 0.2234375 0.2375
22 0.5984375000000001 0.6666666666666666 0.0625 0.06666666666666667
44 0.75546875 0.709375 0.0328125 0.12291666666666666
6 0.8359375 0.728125 0.06875 0.08125
20 0.5242187500000001 0.4010416666666667 0.0765625 0.17291666666666666
19 0.69296875 0.36666666666666664 0.1015625 0.0625
36 0.6109375 0.4010416666666667 0.03125 0.04375
17 0.6171875 0.525 0.05 0.07083333333333333
27 0.7609375 0.546875 0.10312500000000001 0.03958333333333333
4 0.63203125 0.453125 0.051562500000000004 0.03125
42 0.7671875 0.45 0.05 0.04583333333333333
45 0.62421875 0.4822916666666667 0.0421875 0.035416666666666666
31 0.8171875000000001 0.5989583333333334 0.040625 0.052083333333333336
