34 0.93515625 0.7708333333333334 0.1265625 0.45416666666666666
2 0.7898437500000001 0.7875 0.0765625 0.10416666666666667
36 0.70625 0.821875 0.10312500000000001 0.14375
13 0.55703125 0.7375 0.051562500000000004 0.11666666666666667
47 0.68125 0.6625 0.12812500000000002 0.09166666666666666
42 0.8070312500000001 0.6291666666666667 0.051562500000000004 0.06666666666666667
12 0.47578125000000004 0.6072916666666667 0.1421875 0.10625
34 0.36796875 0.825 0.38593750000000004 0.3333333333333333
0 0.28984375 0.66875 0.1703125 0.15
37 0.14296875 0.7708333333333334 0.0671875 0.09583333333333333
30 0.16875 0.6072916666666667 0.13125 0.11875
9 0.06640625 0.6635416666666667 0.1296875 0.19375
19 0.0625 0.546875 0.12187500000000001 0.08125
