2 0.83125 0.8 0.078125 0.10416666666666667
36 0.7453125 0.8302083333333333 0.10312500000000001 0.14375
13 0.5945312500000001 0.7395833333333334 0.051562500000000004 0.11666666666666667
47 0.72265625 0.6677083333333333 0.1328125 0.09375
42 0.8515625 0.640625 0.053125000000000006 0.06875
12 0.515625 0.60625 0.14375000000000002 0.10833333333333334
34 0.40546875000000004 0.8291666666666666 0.3671875 0.3333333333333333
0 0.3296875 0.6604166666666667 0.16875 0.14583333333333334
37 0.18984375 0.759375 0.06406250000000001 0.08958333333333333
30 0.209375 0.5979166666666667 0.13125 0.11666666666666667
9 0.0859375 0.6489583333333333 0.171875 0.18541666666666667
19 0.08750000000000001 0.5489583333333333 0.16875 0.10208333333333333
