2 0.9578125000000001 0.8427083333333333 0.08125 0.10625
36 0.86875 0.86875 0.115625 0.15416666666666667
13 0.7109375 0.753125 0.05625 0.11875
47 0.8515625 0.6979166666666666 0.1375 0.10416666666666667
12 0.634375 0.6135416666666667 0.146875 0.10625
34 0.51875 0.8291666666666666 0.353125 0.3375
0 0.44765625000000003 0.6447916666666667 0.1640625 0.13541666666666666
37 0.31093750000000003 0.7291666666666666 0.0625 0.0875
30 0.33828125000000003 0.578125 0.1203125 0.11041666666666666
9 0.22421875000000002 0.6135416666666667 0.1609375 0.16875
19 0.22578125000000002 0.5197916666666667 0.1609375 0.08958333333333333
15 0.08828125 0.7114583333333333 0.1640625 0.16041666666666665
41 0.0765625 0.6260416666666666 0.15000000000000002 0.11041666666666666
