34 0.8546875 0.7541666666666667 0.290625 0.49166666666666664
2 0.6328125 0.7583333333333333 0.06875 0.10833333333333334
36 0.5546875 0.8010416666666667 0.096875 0.13541666666666666
50 0.5867187500000001 0.9625 0.17343750000000002 0.075
13 0.40859375000000003 0.7354166666666666 0.0546875 0.125
47 0.525 0.6458333333333334 0.11875000000000001 0.075
42 0.640625 0.6041666666666666 0.043750000000000004 0.0625
12 0.31562500000000004 0.6166666666666667 0.15625 0.125
34 0.21250000000000002 0.8385416666666666 0.41250000000000003 0.31875
0 0.11953125 0.7177083333333333 0.1953125 0.16875
