34 0.9148437500000001 0.7677083333333333 0.16718750000000002 0.46041666666666664
2 0.7484375000000001 0.778125 0.07500000000000001 0.10208333333333333
36 0.6671875 0.8166666666666667 0.1 0.14166666666666666
50 0.671875 0.96875 0.14375000000000002 0.058333333333333334
13 0.51953125 0.7354166666666666 0.051562500000000004 0.11666666666666667
47 0.6390625000000001 0.6520833333333333 0.12187500000000001 0.07916666666666666
42 0.76328125 0.6208333333333333 0.0484375 0.06666666666666667
12 0.43671875000000004 0.60625 0.1421875 0.10833333333333334
34 0.32890625 0.8291666666666666 0.38593750000000004 0.3333333333333333
0 0.24765625000000002 0.6760416666666667 0.1796875 0.15208333333333332
37 0.10312500000000001 0.7854166666666667 0.06875 0.09583333333333333
30 0.125 0.615625 0.13125 0.11875
