6 0.9593750000000001 0.678125 0.08125 0.03958333333333333
47 0.9484375 0.7895833333333333 0.07500000000000001 0.07083333333333333
23 0.77734375 0.8239583333333333 0.1421875 0.10625
43 0.7390625000000001 0.70625 0.084375 0.07916666666666666
19 0.62109375 0.6145833333333334 0.2078125 0.15
38 0.5703125 0.79375 0.043750000000000004 0.07083333333333333
45 0.596875 0.9125 0.07187500000000001 0.0875
23 0.4578125 0.6447916666666667 0.065625 0.07708333333333334
27 0.48515625 0.746875 0.1296875 0.07708333333333334
31 0.41250000000000003 0.86875 0.040625 0.08333333333333333
15 0.328125 0.6135416666666667 0.096875 0.10208333333333333
43 0.31562500000000004 0.7447916666666666 0.053125000000000006 0.07708333333333334
31 0.253125 0.8364583333333333 0.037500000000000006 0.052083333333333336
11 0.234375 0.5635416666666666 0.10312500000000001 0.15208333333333332
1 0.14375000000000002 0.6927083333333334 0.07187500000000001 0.16458333333333333
32 0.06875 0.6197916666666666 0.1 0.07708333333333334
42 0.025 0.7166666666666667 0.05 0.07916666666666666
