6 0.8226562500000001 0.6395833333333333 0.07968750000000001 0.041666666666666664
47 0.81640625 0.7458333333333333 0.06406250000000001 0.07083333333333333
39 0.9500000000000001 0.8510416666666667 0.09375 0.07708333333333334
23 0.659375 0.7979166666666666 0.134375 0.09166666666666666
4 0.71796875 0.9708333333333333 0.11093750000000001 0.058333333333333334
44 0.90234375 0.9541666666666666 0.1015625 0.0875
43 0.6203125 0.6864583333333333 0.078125 0.07291666666666667
19 0.50234375 0.6114583333333333 0.2109375 0.16041666666666665
38 0.4625 0.79375 0.043750000000000004 0.06666666666666667
45 0.48984375 0.9072916666666666 0.0703125 0.08125
23 0.33828125000000003 0.6552083333333333 0.06406250000000001 0.07708333333333334
27 0.371875 0.7614583333333333 0.134375 0.08958333333333333
31 0.30078125 0.8895833333333333 0.0421875 0.08333333333333333
15 0.2015625 0.634375 0.10625000000000001 0.11041666666666666
43 0.19453125000000002 0.775 0.0546875 0.0875
31 0.13203125000000002 0.8791666666666667 0.0390625 0.05
11 0.1 0.59375 0.11875000000000001 0.16666666666666666
