6 0.49921875000000004 0.6020833333333333 0.0703125 0.05416666666666667
47 0.50234375 0.703125 0.0484375 0.06875
39 0.62421875 0.7645833333333333 0.07968750000000001 0.08333333333333333
23 0.36328125 0.8010416666666667 0.1390625 0.08541666666666667
4 0.43515625 0.9625 0.1046875 0.0625
44 0.5945312500000001 0.8822916666666667 0.07968750000000001 0.11458333333333333
43 0.31562500000000004 0.6958333333333333 0.084375 0.075
19 0.17500000000000002 0.6541666666666667 0.23750000000000002 0.18333333333333332
38 0.15625 0.8604166666666666 0.053125000000000006 0.075
45 0.20078125000000002 0.9635416666666666 0.07968750000000001 0.07291666666666667
