6 0.7390625000000001 0.6229166666666667 0.078125 0.04583333333333333
47 0.73359375 0.7291666666666666 0.0578125 0.07083333333333333
39 0.8656250000000001 0.81875 0.09062500000000001 0.07916666666666666
23 0.58359375 0.7885416666666667 0.1296875 0.07708333333333334
4 0.6421875 0.9625 0.10625000000000001 0.07083333333333333
44 0.8187500000000001 0.9364583333333333 0.08750000000000001 0.10625
43 0.54453125 0.6770833333333334 0.07968750000000001 0.07083333333333333
19 0.4234375 0.6125 0.21250000000000002 0.1625
38 0.390625 0.8020833333333334 0.043750000000000004 0.07083333333333333
45 0.42031250000000003 0.9135416666666667 0.07187500000000001 0.08125
23 0.26015625000000003 0.6697916666666667 0.06406250000000001 0.07708333333333334
27 0.29453125 0.771875 0.13593750000000002 0.08958333333333333
31 0.22421875000000002 0.9135416666666667 0.045312500000000006 0.08541666666666667
15 0.11093750000000001 0.6583333333333333 0.1125 0.1125
43 0.11093750000000001 0.803125 0.05625 0.08958333333333333
31 0.04453125 0.9166666666666666 0.045312500000000006 0.05
