6 0.7820312500000001 0.6291666666666667 0.07968750000000001 0.041666666666666664
47 0.775 0.7364583333333333 0.059375000000000004 0.06875
39 0.909375 0.834375 0.096875 0.08125
23 0.6218750000000001 0.7916666666666666 0.134375 0.09166666666666666
4 0.6796875 0.9635416666666666 0.109375 0.06875
44 0.85859375 0.946875 0.09531250000000001 0.09791666666666667
43 0.58203125 0.684375 0.07968750000000001 0.07291666666666667
19 0.46328125000000003 0.6114583333333333 0.2109375 0.16041666666666665
38 0.42812500000000003 0.796875 0.043750000000000004 0.06875
45 0.45546875000000003 0.9093749999999999 0.0703125 0.08125
23 0.29921875000000003 0.6614583333333334 0.06406250000000001 0.07708333333333334
27 0.33437500000000003 0.765625 0.134375 0.08958333333333333
31 0.26328125 0.9 0.0421875 0.08333333333333333
15 0.15703125 0.6458333333333334 0.11093750000000001 0.10833333333333334
43 0.15390625000000002 0.7885416666666667 0.0546875 0.08958333333333333
31 0.08828125 0.8958333333333334 0.0421875 0.05
