23 0.8171875000000001 0.8364583333333333 0.15000000000000002 0.11875
43 0.78046875 0.7166666666666667 0.0890625 0.08333333333333333
19 0.66328125 0.61875 0.21406250000000002 0.15
38 0.6062500000000001 0.7958333333333333 0.043750000000000004 0.07083333333333333
45 0.6328125 0.9166666666666666 0.07187500000000001 0.0875
23 0.49531250000000004 0.6447916666666667 0.065625 0.07708333333333334
27 0.521875 0.7447916666666666 0.13125 0.07291666666666667
31 0.44921875 0.865625 0.0390625 0.08125
15 0.36875 0.609375 0.096875 0.10208333333333333
43 0.35625 0.7364583333333333 0.053125000000000006 0.07708333333333334
31 0.29296875 0.8270833333333333 0.035937500000000004 0.05
11 0.278125 0.55625 0.10312500000000001 0.15
1 0.1859375 0.6802083333333333 0.06875 0.16458333333333333
32 0.115625 0.6072916666666667 0.096875 0.07291666666666667
42 0.065625 0.6989583333333333 0.059375000000000004 0.07708333333333334
