6 0.6984375 0.6135416666666667 0.07500000000000001 0.04791666666666666
47 0.6921875000000001 0.7208333333333333 0.053125000000000006 0.07083333333333333
39 0.8203125 0.8041666666666667 0.08750000000000001 0.07916666666666666
23 0.5476562500000001 0.7864583333333334 0.1296875 0.07708333333333334
4 0.6078125000000001 0.9625 0.10625000000000001 0.07083333333333333
44 0.7796875000000001 0.9239583333333333 0.08750000000000001 0.10625
43 0.50703125 0.6770833333333334 0.07968750000000001 0.07083333333333333
19 0.38359375 0.6145833333333334 0.2171875 0.1625
38 0.3515625 0.8041666666666667 0.046875 0.07083333333333333
45 0.38671875 0.9166666666666666 0.0765625 0.0875
23 0.21484375 0.68125 0.0671875 0.08333333333333333
27 0.25390625 0.784375 0.1453125 0.10625
31 0.184375 0.9302083333333333 0.053125000000000006 0.08958333333333333
15 0.065625 0.671875 0.115625 0.11875
43 0.0671875 0.8197916666666667 0.059375000000000004 0.09791666666666667
