32 0.61875 0.6572916666666666 0.1125 0.07708333333333334
20 0.48359375000000004 0.5354166666666667 0.1265625 0.18333333333333332
34 0.3984375 0.6322916666666667 0.10625000000000001 0.47291666666666665
8 0.33828125000000003 0.4270833333333333 0.0328125 0.05416666666666667
30 0.34453125 0.3385416666666667 0.08281250000000001 0.13125
27 0.2921875 0.5875 0.05625 0.06666666666666667
36 0.27265625 0.465625 0.045312500000000006 0.06041666666666667
41 0.27968750000000003 0.409375 0.08750000000000001 0.04791666666666666
27 0.35390625000000003 0.50625 0.06406250000000001 0.029166666666666667
33 0.20390625 0.4197916666666667 0.0390625 0.12291666666666666
26 0.19687500000000002 0.665625 0.040625 0.03958333333333333
26 0.20234375000000002 0.8541666666666666 0.051562500000000004 0.041666666666666664
37 0.1609375 0.70625 0.0625 0.08333333333333333
37 0.1953125 0.3697916666666667 0.034375 0.03958333333333333
5 0.16718750000000002 0.41770833333333335 0.059375000000000004 0.022916666666666665
11 0.16640625 0.5510416666666667 0.17343750000000002 0.15208333333333332
5 0.10234375000000001 0.4552083333333333 0.0734375 0.027083333333333334
2 0.0859375 0.42291666666666666 0.06875 0.029166666666666667
