32 0.69296875 0.665625 0.1171875 0.07708333333333334
20 0.5593750000000001 0.5354166666666667 0.125 0.17916666666666667
34 0.47109375000000003 0.6260416666666666 0.0890625 0.46458333333333335
8 0.41796875 0.425 0.0328125 0.05416666666666667
30 0.4265625 0.33541666666666664 0.08125 0.13333333333333333
27 0.37031250000000004 0.5791666666666666 0.05625 0.06666666666666667
36 0.35546875 0.4583333333333333 0.0421875 0.058333333333333334
41 0.36171875000000003 0.40208333333333335 0.08281250000000001 0.04583333333333333
27 0.43125 0.5010416666666666 0.0625 0.027083333333333334
33 0.29375 0.409375 0.034375 0.11875
26 0.278125 0.65 0.037500000000000006 0.03333333333333333
26 0.27890625 0.8333333333333334 0.051562500000000004 0.041666666666666664
37 0.24140625000000002 0.6854166666666667 0.060937500000000006 0.07916666666666666
37 0.28750000000000003 0.3614583333333333 0.03125 0.03958333333333333
5 0.253125 0.4083333333333333 0.05625 0.020833333333333332
11 0.2515625 0.5364583333333334 0.16562500000000002 0.14791666666666667
5 0.19375 0.44166666666666665 0.06875 0.025
2 0.17890625000000002 0.4083333333333333 0.060937500000000006 0.025
