32 0.8132812500000001 0.690625 0.1296875 0.08125
20 0.6781250000000001 0.54375 0.125 0.19166666666666665
34 0.584375 0.6260416666666666 0.084375 0.46041666666666664
8 0.53671875 0.42291666666666666 0.0328125 0.05416666666666667
30 0.55 0.33541666666666664 0.078125 0.13333333333333333
27 0.48359375000000004 0.5697916666666667 0.0546875 0.06458333333333333
36 0.4734375 0.453125 0.040625 0.05625
41 0.48281250000000003 0.4 0.08125 0.04583333333333333
27 0.5476562500000001 0.49895833333333334 0.060937500000000006 0.027083333333333334
33 0.415625 0.40208333333333335 0.03125 0.11666666666666667
26 0.3921875 0.6333333333333333 0.034375 0.03333333333333333
26 0.3875 0.8125 0.046875 0.041666666666666664
37 0.35781250000000003 0.665625 0.05625 0.07708333333333334
37 0.41015625 0.35520833333333335 0.029687500000000002 0.03958333333333333
5 0.37812500000000004 0.39791666666666664 0.053125000000000006 0.020833333333333332
11 0.37109375 0.5208333333333334 0.1546875 0.14583333333333334
5 0.32109375 0.428125 0.06406250000000001 0.03125
2 0.30703125000000003 0.3958333333333333 0.0578125 0.025
