32 0.8546875 0.7020833333333333 0.13125 0.07916666666666666
20 0.71796875 0.546875 0.1265625 0.19791666666666666
34 0.62109375 0.6302083333333334 0.07968750000000001 0.46875
8 0.5750000000000001 0.42291666666666666 0.034375 0.05416666666666667
30 0.5906250000000001 0.3375 0.078125 0.13333333333333333
27 0.52109375 0.5697916666666667 0.0546875 0.06458333333333333
36 0.5125000000000001 0.453125 0.040625 0.05625
41 0.521875 0.3989583333333333 0.08125 0.04791666666666666
27 0.5859375 0.5 0.0625 0.029166666666666667
33 0.45546875000000003 0.40208333333333335 0.029687500000000002 0.11666666666666667
26 0.4296875 0.6291666666666667 0.034375 0.03333333333333333
26 0.421875 0.8083333333333333 0.046875 0.041666666666666664
37 0.3953125 0.6614583333333334 0.053125000000000006 0.07708333333333334
37 0.45078125 0.353125 0.029687500000000002 0.03958333333333333
5 0.41875 0.39479166666666665 0.053125000000000006 0.022916666666666665
11 0.41015625 0.51875 0.1546875 0.14583333333333334
5 0.36015625 0.425 0.06406250000000001 0.029166666666666667
2 0.34765625 0.39166666666666666 0.0578125 0.025
