32 0.7328125000000001 0.671875 0.11875000000000001 0.07708333333333334
20 0.5984375000000001 0.5385416666666667 0.125 0.18125
34 0.5078125 0.6260416666666666 0.084375 0.46041666666666664
8 0.45937500000000003 0.4197916666666667 0.034375 0.05625
30 0.46875 0.33541666666666664 0.07500000000000001 0.13333333333333333
27 0.4078125 0.5770833333333333 0.05625 0.06666666666666667
36 0.39453125 0.4552083333333333 0.0421875 0.05625
41 0.40156250000000004 0.40208333333333335 0.08125 0.04583333333333333
27 0.46953125 0.49895833333333334 0.060937500000000006 0.027083333333333334
33 0.33515625000000004 0.40520833333333334 0.035937500000000004 0.11875
26 0.3171875 0.6416666666666666 0.037500000000000006 0.03333333333333333
26 0.3140625 0.825 0.053125000000000006 0.041666666666666664
37 0.28046875 0.6770833333333334 0.060937500000000006 0.07916666666666666
37 0.32890625 0.3572916666666667 0.0328125 0.03958333333333333
5 0.296875 0.4041666666666667 0.05625 0.020833333333333332
11 0.2921875 0.5302083333333333 0.15625 0.14791666666666667
5 0.234375 0.43645833333333334 0.06875 0.027083333333333334
2 0.22265625 0.4041666666666667 0.060937500000000006 0.025
