32 0.47265625 0.6583333333333333 0.11093750000000001 0.08333333333333333
20 0.33046875000000003 0.5489583333333333 0.1421875 0.20208333333333334
34 0.24453125 0.6583333333333333 0.13593750000000002 0.5
8 0.171875 0.4479166666666667 0.037500000000000006 0.058333333333333334
30 0.16328125000000002 0.35104166666666664 0.09531250000000001 0.13541666666666666
27 0.12265625000000001 0.6239583333333333 0.06406250000000001 0.07708333333333334
36 0.1015625 0.49374999999999997 0.05 0.0625
41 0.1046875 0.43124999999999997 0.09375 0.05
27 0.19062500000000002 0.5291666666666667 0.06875 0.0375
33 0.028125 0.45 0.05 0.13333333333333333
26 0.0234375 0.7166666666666667 0.043750000000000004 0.041666666666666664
26 0.03828125 0.9197916666666667 0.0578125 0.04791666666666666
