32 0.8984375 0.7145833333333333 0.134375 0.08333333333333333
20 0.759375 0.55625 0.13125 0.20416666666666666
34 0.66015625 0.6322916666666667 0.08281250000000001 0.47291666666666665
8 0.6140625000000001 0.425 0.034375 0.05416666666666667
30 0.6328125 0.3385416666666667 0.08125 0.13541666666666666
27 0.55859375 0.5708333333333333 0.0546875 0.06666666666666667
36 0.5515625000000001 0.453125 0.040625 0.05625
41 0.5609375 0.4 0.08125 0.04583333333333333
27 0.6257812500000001 0.503125 0.060937500000000006 0.027083333333333334
33 0.49453125000000003 0.40208333333333335 0.029687500000000002 0.11666666666666667
26 0.465625 0.6270833333333333 0.034375 0.03333333333333333
26 0.45546875000000003 0.8041666666666667 0.0484375 0.041666666666666664
37 0.43281250000000004 0.6572916666666666 0.053125000000000006 0.07708333333333334
37 0.49140625000000004 0.353125 0.029687500000000002 0.03958333333333333
5 0.45859375 0.3958333333333333 0.051562500000000004 0.020833333333333332
11 0.44921875 0.5166666666666666 0.1546875 0.14583333333333334
5 0.40078125000000003 0.42291666666666666 0.060937500000000006 0.029166666666666667
2 0.3875 0.38958333333333334 0.059375000000000004 0.025
