19 0.34140625 0.6322916666666667 0.2328125 0.17708333333333334
11 0.2734375 0.51875 0.22187500000000002 0.07916666666666666
22 0.24765625000000002 0.7385416666666667 0.0671875 0.10625
20 0.16953125000000002 0.671875 0.0328125 0.08125
4 0.146875 0.4791666666666667 0.059375000000000004 0.0375
27 0.13203125000000002 0.590625 0.11406250000000001 0.06041666666666667
20 0.13125 0.33541666666666664 0.08750000000000001 0.12916666666666665
23 0.11406250000000001 0.8583333333333333 0.146875 0.11666666666666667
23 0.12812500000000002 0.43645833333333334 0.040625 0.03958333333333333
43 0.09296875 0.540625 0.0390625 0.052083333333333336
45 0.039843750000000004 0.7729166666666667 0.0765625 0.08333333333333333
36 0.05078125 0.4875 0.0421875 0.05
