19 0.5398437500000001 0.6197916666666666 0.2171875 0.16875
11 0.47968750000000004 0.50625 0.21250000000000002 0.09166666666666666
22 0.44296875 0.70625 0.060937500000000006 0.09583333333333333
20 0.37031250000000004 0.63125 0.03125 0.07916666666666666
4 0.37031250000000004 0.45 0.053125000000000006 0.03333333333333333
27 0.34375 0.5510416666666667 0.1 0.03958333333333333
20 0.35859375000000004 0.31666666666666665 0.0703125 0.12083333333333333
23 0.31875000000000003 0.7927083333333333 0.1375 0.08958333333333333
23 0.3484375 0.409375 0.037500000000000006 0.035416666666666666
43 0.31562500000000004 0.503125 0.037500000000000006 0.04791666666666666
45 0.25078125 0.7072916666666667 0.0703125 0.07291666666666667
36 0.28203125 0.4479166666666667 0.0328125 0.04583333333333333
31 0.203125 0.5125 0.03125 0.0375
17 0.22109375 0.6302083333333334 0.0671875 0.08541666666666667
6 0.19765625 0.48333333333333334 0.060937500000000006 0.025
28 0.19453125000000002 0.4354166666666667 0.035937500000000004 0.04583333333333333
32 0.1796875 0.3989583333333333 0.0625 0.03958333333333333
42 0.2625 0.3875 0.03125 0.0375
