19 0.4625 0.61875 0.21875 0.17083333333333334
11 0.39921875 0.5083333333333333 0.2171875 0.09166666666666666
22 0.36562500000000003 0.7166666666666667 0.0625 0.10416666666666667
20 0.2921875 0.64375 0.03125 0.07916666666666666
4 0.28828125 0.45625 0.0546875 0.03333333333333333
27 0.2625 0.5625 0.10625000000000001 0.05
20 0.27109375 0.3229166666666667 0.0765625 0.12083333333333333
23 0.2390625 0.8114583333333333 0.1375 0.08958333333333333
23 0.26484375 0.41770833333333335 0.0390625 0.035416666666666666
43 0.23203125000000002 0.5166666666666666 0.0421875 0.05
45 0.171875 0.7302083333333333 0.07187500000000001 0.07291666666666667
36 0.19375 0.459375 0.037500000000000006 0.04791666666666666
31 0.1171875 0.53125 0.037500000000000006 0.041666666666666664
17 0.1328125 0.6541666666666667 0.06875 0.0875
6 0.109375 0.5020833333333333 0.0625 0.029166666666666667
28 0.09921875000000001 0.453125 0.035937500000000004 0.04791666666666666
32 0.084375 0.4145833333333333 0.065625 0.041666666666666664
42 0.171875 0.39791666666666664 0.03125 0.0375
