19 0.7445312500000001 0.6416666666666666 0.23593750000000002 0.16666666666666666
11 0.68515625 0.5166666666666666 0.2171875 0.10833333333333334
22 0.63046875 0.7104166666666667 0.06406250000000001 0.09166666666666666
20 0.5625 0.6270833333333333 0.03125 0.07916666666666666
4 0.57578125 0.4458333333333333 0.051562500000000004 0.03333333333333333
27 0.54453125 0.54375 0.09531250000000001 0.0375
20 0.57265625 0.31354166666666666 0.060937500000000006 0.12291666666666666
23 0.503125 0.7739583333333333 0.12812500000000002 0.07708333333333334
23 0.5554687500000001 0.40520833333333334 0.035937500000000004 0.03125
43 0.5171875 0.490625 0.040625 0.04375
45 0.44921875 0.6802083333333333 0.060937500000000006 0.06875
36 0.48828125 0.43645833333333334 0.0328125 0.04375
31 0.41796875 0.4895833333333333 0.029687500000000002 0.0375
17 0.42109375000000004 0.6010416666666667 0.060937500000000006 0.08541666666666667
6 0.41484375 0.4614583333333333 0.051562500000000004 0.03125
28 0.41015625 0.41770833333333335 0.0328125 0.04375
32 0.3984375 0.38229166666666664 0.053125000000000006 0.035416666666666666
42 0.47500000000000003 0.378125 0.025 0.035416666666666666
