16 0.6335937500000001 0.5822916666666667 0.029687500000000002 0.08125
18 0.721875 0.571875 0.040625 0.16875
6 0.6171875 0.7208333333333333 0.12812500000000002 0.09166666666666666
11 0.5484375 0.63125 0.203125 0.1625
4 0.48125 0.6802083333333333 0.08125 0.06041666666666667
13 0.39765625000000004 0.7947916666666667 0.1421875 0.14375
3 0.578125 0.5052083333333334 0.19375 0.10208333333333333
3 0.4609375 0.45 0.1625 0.0625
5 0.4109375 0.6083333333333333 0.084375 0.05
23 0.43046875 0.5416666666666666 0.0890625 0.075
6 0.45937500000000003 0.39479166666666665 0.053125000000000006 0.03958333333333333
20 0.44765625000000003 0.29583333333333334 0.08281250000000001 0.1375
26 0.38515625000000003 0.5 0.026562500000000003 0.025
0 0.30703125000000003 0.6791666666666667 0.18281250000000002 0.19166666666666665
15 0.3640625 0.39375 0.078125 0.075
19 0.2921875 0.5604166666666667 0.1875 0.12083333333333333
3 0.278125 0.48333333333333334 0.17500000000000002 0.07083333333333333
7 0.33203125 0.378125 0.2171875 0.09791666666666667
14 0.2484375 0.35833333333333334 0.07500000000000001 0.06666666666666667
4 0.275 0.43645833333333334 0.059375000000000004 0.035416666666666666
