16 0.7992187500000001 0.6041666666666666 0.029687500000000002 0.0875
18 0.9015625 0.60625 0.05 0.18333333333333332
6 0.7765625 0.7447916666666666 0.140625 0.06875
11 0.70625 0.6447916666666667 0.21250000000000002 0.16875
4 0.634375 0.6885416666666666 0.084375 0.07291666666666667
13 0.5453125 0.7833333333333333 0.146875 0.11666666666666667
3 0.7453125 0.5145833333333333 0.203125 0.0875
3 0.6234375000000001 0.45208333333333334 0.15937500000000002 0.0625
5 0.5640625 0.6041666666666666 0.08125 0.05
23 0.58984375 0.5447916666666667 0.0921875 0.07708333333333334
6 0.62109375 0.3989583333333333 0.0484375 0.03958333333333333
20 0.6195312500000001 0.29583333333333334 0.08281250000000001 0.13333333333333333
26 0.54609375 0.496875 0.026562500000000003 0.022916666666666665
0 0.45937500000000003 0.6635416666666667 0.16875 0.18541666666666667
15 0.53125 0.3885416666666667 0.078125 0.06875
19 0.45 0.5458333333333333 0.171875 0.10416666666666667
3 0.45 0.465625 0.1625 0.05625
7 0.49765625 0.36875 0.2015625 0.08333333333333333
14 0.41953125 0.34375 0.0671875 0.0625
4 0.45078125 0.421875 0.0546875 0.03125
