16 0.84375 0.6135416666666667 0.028125 0.08541666666666667
18 0.94921875 0.6177083333333333 0.0546875 0.18541666666666667
6 0.815625 0.7572916666666667 0.140625 0.06875
11 0.7468750000000001 0.6489583333333333 0.21250000000000002 0.16875
4 0.67578125 0.69375 0.08281250000000001 0.07083333333333333
13 0.58515625 0.7864583333333334 0.1421875 0.11041666666666666
3 0.790625 0.5239583333333333 0.209375 0.08541666666666667
3 0.6703125000000001 0.4583333333333333 0.1625 0.075
5 0.6039062500000001 0.6083333333333333 0.08281250000000001 0.0625
23 0.63203125 0.546875 0.0921875 0.07708333333333334
6 0.6664062500000001 0.4010416666666667 0.051562500000000004 0.03958333333333333
20 0.6640625 0.2989583333333333 0.084375 0.13541666666666666
26 0.5867187500000001 0.496875 0.026562500000000003 0.022916666666666665
0 0.49921875000000004 0.6625 0.16718750000000002 0.17916666666666667
15 0.5703125 0.3885416666666667 0.078125 0.06875
19 0.4921875 0.5447916666666667 0.171875 0.10625
3 0.48984375 0.4635416666666667 0.1609375 0.05625
7 0.5398437500000001 0.36875 0.2078125 0.08333333333333333
14 0.4625 0.3458333333333333 0.065625 0.0625
4 0.49062500000000003 0.42083333333333334 0.053125000000000006 0.029166666666666667
