16 0.39921875 0.5791666666666666 0.029687500000000002 0.08333333333333333
18 0.48203125 0.559375 0.0390625 0.16041666666666665
6 0.390625 0.7239583333333334 0.125 0.10625
11 0.3140625 0.6489583333333333 0.22187500000000002 0.15625
4 0.24921875000000002 0.709375 0.0859375 0.07291666666666667
13 0.16640625 0.8510416666666667 0.1484375 0.17708333333333334
3 0.33671875 0.5135416666666667 0.1953125 0.11041666666666666
3 0.2109375 0.46979166666666666 0.178125 0.08125
5 0.1640625 0.646875 0.09375 0.04375
23 0.18359375 0.5770833333333333 0.1015625 0.08333333333333333
6 0.19687500000000002 0.4166666666666667 0.05625 0.0375
20 0.17109375000000002 0.31354166666666666 0.1015625 0.15208333333333332
26 0.12734375 0.5364583333333334 0.029687500000000002 0.03125
0 0.07421875 0.7416666666666667 0.1484375 0.22083333333333333
15 0.084375 0.42604166666666665 0.09062500000000001 0.08125
19 0.06328125 0.6166666666666667 0.1265625 0.15
3 0.05078125 0.5229166666666667 0.1015625 0.07916666666666666
7 0.08671875000000001 0.4114583333333333 0.17343750000000002 0.11041666666666666
