16 0.43671875000000004 0.5760416666666667 0.029687500000000002 0.08125
18 0.52109375 0.559375 0.0390625 0.16041666666666665
6 0.42812500000000003 0.7197916666666666 0.125 0.10625
11 0.35390625000000003 0.6447916666666667 0.22031250000000002 0.15625
4 0.28828125 0.7010416666666667 0.0859375 0.07291666666666667
13 0.2078125 0.8364583333333333 0.146875 0.16875
3 0.3765625 0.5083333333333333 0.19062500000000002 0.10833333333333334
3 0.253125 0.46458333333333335 0.171875 0.075
5 0.203125 0.6354166666666666 0.09375 0.041666666666666664
23 0.22421875000000002 0.5677083333333334 0.1015625 0.08125
6 0.24921875000000002 0.41041666666666665 0.0578125 0.0375
20 0.2265625 0.30833333333333335 0.096875 0.14583333333333334
26 0.17109375000000002 0.528125 0.029687500000000002 0.03125
0 0.09531250000000001 0.7302083333333333 0.19062500000000002 0.21041666666666667
15 0.1421875 0.41770833333333335 0.09062500000000001 0.08125
19 0.0859375 0.6020833333333333 0.171875 0.14166666666666666
3 0.07421875 0.51875 0.1484375 0.09166666666666666
7 0.11015625000000001 0.40729166666666666 0.22031250000000002 0.11041666666666666
4 0.05234375 0.4666666666666667 0.060937500000000006 0.041666666666666664
