16 0.7117187500000001 0.590625 0.029687500000000002 0.08125
18 0.80390625 0.584375 0.0421875 0.17291666666666666
6 0.6960937500000001 0.7302083333333333 0.1296875 0.07708333333333334
11 0.6265625 0.6364583333333333 0.203125 0.16458333333333333
4 0.55625 0.6802083333333333 0.08125 0.06041666666666667
13 0.47265625 0.7864583333333334 0.1421875 0.12708333333333333
3 0.66015625 0.5145833333333333 0.1953125 0.09583333333333333
3 0.5453125 0.45 0.15937500000000002 0.0625
5 0.4890625 0.6041666666666666 0.08125 0.05
23 0.5085937500000001 0.5427083333333333 0.0859375 0.07708333333333334
6 0.5421875 0.39791666666666664 0.05 0.041666666666666664
20 0.53359375 0.29583333333333334 0.08281250000000001 0.13333333333333333
26 0.46484375 0.49583333333333335 0.026562500000000003 0.025
0 0.38359375 0.6677083333333333 0.1765625 0.18541666666666667
15 0.446875 0.390625 0.078125 0.06875
19 0.371875 0.55 0.178125 0.1125
3 0.36640625000000004 0.471875 0.16718750000000002 0.06458333333333333
7 0.41328125000000004 0.37604166666666666 0.2078125 0.09375
14 0.3375 0.35104166666666664 0.07500000000000001 0.06458333333333333
4 0.36562500000000003 0.4239583333333333 0.053125000000000006 0.035416666666666666
