11 0.7195312500000001 0.7302083333333333 0.2921875 0.20625
6 0.7562500000000001 0.60625 0.084375 0.0375
23 0.7132812500000001 0.528125 0.0578125 0.04791666666666666
43 0.6546875000000001 0.5875 0.05625 0.041666666666666664
23 0.6078125000000001 0.490625 0.06875 0.052083333333333336
38 0.56953125 0.5427083333333333 0.0234375 0.04375
1 0.5398437500000001 0.5677083333333334 0.045312500000000006 0.13541666666666666
39 0.5554687500000001 0.4375 0.035937500000000004 0.04583333333333333
15 0.56953125 0.3854166666666667 0.0578125 0.05416666666666667
19 0.48203125 0.41875 0.1390625 0.07916666666666666
45 0.5125000000000001 0.365625 0.025 0.03125
27 0.4921875 0.496875 0.084375 0.03958333333333333
44 0.44609375 0.6072916666666667 0.029687500000000002 0.10625
31 0.44765625000000003 0.6979166666666666 0.0421875 0.05416666666666667
43 0.4734375 0.5729166666666666 0.046875 0.0625
31 0.42578125 0.5333333333333333 0.026562500000000003 0.03333333333333333
42 0.40546875000000004 0.4479166666666667 0.029687500000000002 0.041666666666666664
4 0.4 0.49166666666666664 0.05625 0.0375
32 0.3671875 0.3875 0.05625 0.04583333333333333
