11 0.6000000000000001 0.7145833333333333 0.26875 0.22083333333333333
6 0.6328125 0.590625 0.078125 0.03958333333333333
23 0.5890625 0.5166666666666666 0.05625 0.05
43 0.5359375000000001 0.5770833333333333 0.059375000000000004 0.041666666666666664
23 0.4859375 0.4895833333333333 0.06875 0.05
38 0.45078125 0.5427083333333333 0.0234375 0.04375
1 0.42109375000000004 0.5708333333333333 0.051562500000000004 0.1375
39 0.43203125000000003 0.4427083333333333 0.035937500000000004 0.04791666666666666
15 0.44375000000000003 0.3833333333333333 0.059375000000000004 0.05416666666666667
19 0.35859375000000004 0.421875 0.1421875 0.08125
45 0.3875 0.3677083333333333 0.025 0.035416666666666666
27 0.36953125000000003 0.5 0.0859375 0.04583333333333333
44 0.325 0.6208333333333333 0.034375 0.10416666666666667
31 0.33359375 0.7125 0.0421875 0.05416666666666667
43 0.35000000000000003 0.5822916666666667 0.046875 0.06458333333333333
31 0.30390625000000004 0.5479166666666666 0.026562500000000003 0.03333333333333333
42 0.27968750000000003 0.45729166666666665 0.03125 0.04375
4 0.27578125000000003 0.5041666666666667 0.0578125 0.0375
32 0.23750000000000002 0.4 0.059375000000000004 0.04583333333333333
