11 0.3296875 0.728125 0.27187500000000003 0.2604166666666667
6 0.35859375000000004 0.5958333333333333 0.0734375 0.04583333333333333
23 0.30859375 0.5291666666666667 0.060937500000000006 0.05416666666666667
43 0.259375 0.6020833333333333 0.0625 0.041666666666666664
23 0.19062500000000002 0.5166666666666666 0.078125 0.05
38 0.13125 0.571875 0.03125 0.052083333333333336
1 0.12187500000000001 0.61875 0.07187500000000001 0.15
39 0.13125 0.475 0.040625 0.05416666666666667
15 0.1375 0.4114583333333333 0.065625 0.06041666666666667
19 0.0625 0.465625 0.125 0.09375
45 0.07109375 0.4010416666666667 0.026562500000000003 0.035416666666666666
27 0.060937500000000006 0.5510416666666667 0.10312500000000001 0.06458333333333333
44 0.025 0.696875 0.046875 0.12291666666666666
31 0.0390625 0.8010416666666667 0.05625 0.06875
43 0.049218750000000006 0.6458333333333334 0.060937500000000006 0.07083333333333333
