11 0.446875 0.7104166666666667 0.26875 0.24166666666666667
6 0.4765625 0.5875 0.07500000000000001 0.041666666666666664
23 0.43046875 0.51875 0.0578125 0.05416666666666667
43 0.37890625 0.5833333333333334 0.060937500000000006 0.0375
23 0.32421875 0.49895833333333334 0.0734375 0.052083333333333336
38 0.2890625 0.5583333333333333 0.025 0.04583333333333333
1 0.25859375 0.5875 0.0578125 0.14166666666666666
39 0.26640625 0.45416666666666666 0.0390625 0.05
15 0.27578125000000003 0.39375 0.060937500000000006 0.058333333333333334
19 0.18359375 0.4427083333333333 0.1546875 0.08541666666666667
45 0.21328125 0.3833333333333333 0.026562500000000003 0.0375
27 0.20078125000000002 0.521875 0.0890625 0.052083333333333336
44 0.15937500000000002 0.6541666666666667 0.040625 0.1125
31 0.16953125000000002 0.7541666666666667 0.045312500000000006 0.058333333333333334
43 0.18906250000000002 0.609375 0.053125000000000006 0.06875
31 0.1328125 0.5802083333333333 0.03125 0.03125
42 0.09765625 0.48541666666666666 0.035937500000000004 0.04583333333333333
4 0.096875 0.5364583333333334 0.06875 0.04375
32 0.047656250000000004 0.428125 0.0671875 0.052083333333333336
