11 0.72265625 0.7354166666666666 0.2921875 0.20416666666666666
6 0.76171875 0.6104166666666666 0.08281250000000001 0.0375
23 0.71875 0.5302083333333333 0.05625 0.04791666666666666
43 0.659375 0.5895833333333333 0.05625 0.041666666666666664
23 0.61328125 0.49166666666666664 0.0671875 0.05
38 0.57578125 0.5427083333333333 0.0234375 0.04375
1 0.54453125 0.5697916666666667 0.045312500000000006 0.13541666666666666
39 0.5632812500000001 0.4375 0.035937500000000004 0.04583333333333333
15 0.57578125 0.3854166666666667 0.0578125 0.05416666666666667
19 0.48828125 0.41875 0.1390625 0.07916666666666666
45 0.51875 0.365625 0.025 0.03125
27 0.496875 0.49895833333333334 0.084375 0.03958333333333333
44 0.45156250000000003 0.6104166666666666 0.028125 0.10416666666666667
31 0.45078125 0.7 0.0421875 0.05416666666666667
43 0.46484375 0.5760416666666667 0.045312500000000006 0.06041666666666667
31 0.43203125000000003 0.5375 0.026562500000000003 0.03333333333333333
42 0.41015625 0.4479166666666667 0.029687500000000002 0.041666666666666664
4 0.40625 0.4927083333333333 0.05625 0.035416666666666666
32 0.37421875000000004 0.3885416666666667 0.0546875 0.04375
