11 0.36953125000000003 0.71875 0.2671875 0.25
6 0.39921875 0.590625 0.0765625 0.04791666666666666
23 0.35078125000000004 0.525 0.060937500000000006 0.05416666666666667
43 0.30234375 0.5958333333333333 0.06406250000000001 0.041666666666666664
23 0.23984375000000002 0.5083333333333333 0.0765625 0.05
38 0.20234375000000002 0.5729166666666666 0.0328125 0.05
1 0.17343750000000002 0.60625 0.065625 0.14583333333333334
39 0.178125 0.465625 0.040625 0.052083333333333336
15 0.18515625000000002 0.4041666666666667 0.0671875 0.058333333333333334
19 0.08984375 0.4583333333333333 0.16718750000000002 0.09166666666666666
45 0.11953125 0.3927083333333333 0.026562500000000003 0.035416666666666666
27 0.1015625 0.5427083333333333 0.10312500000000001 0.06458333333333333
44 0.06875 0.6802083333333333 0.046875 0.11458333333333333
31 0.0859375 0.78125 0.053125000000000006 0.0625
43 0.09921875000000001 0.6302083333333334 0.0546875 0.07291666666666667
31 0.037500000000000006 0.6020833333333333 0.03125 0.03333333333333333
