3 0.8765625 0.7802083333333333 0.21875 0.2520833333333333
1 0.92578125 0.56875 0.06406250000000001 0.14583333333333334
10 0.8054687500000001 0.5677083333333334 0.051562500000000004 0.12708333333333333
5 0.55078125 0.7854166666666667 0.1078125 0.09166666666666666
3 0.68125 0.55625 0.19687500000000002 0.1375
2 0.66171875 0.7135416666666666 0.1609375 0.05625
23 0.6796875 0.6458333333333334 0.12812500000000002 0.08333333333333333
0 0.50546875 0.5375 0.1484375 0.12916666666666665
7 0.34921875 0.6208333333333333 0.34218750000000003 0.1375
12 0.33984375 0.5041666666666667 0.0890625 0.17083333333333334
9 0.23593750000000002 0.4614583333333333 0.1 0.21041666666666667
11 0.28828125 0.7552083333333334 0.3015625 0.11041666666666666
6 0.859375 0.5395833333333333 0.078125 0.058333333333333334
22 0.5375 0.6708333333333333 0.059375000000000004 0.10416666666666667
24 0.68671875 0.7791666666666667 0.051562500000000004 0.07083333333333333
4 0.17890625000000002 0.5041666666666667 0.0484375 0.04583333333333333
8 0.10703125000000001 0.6385416666666667 0.0671875 0.09375
3 0.06953125 0.5479166666666666 0.1390625 0.12083333333333333
6 0.084375 0.6083333333333333 0.109375 0.07083333333333333
