4 0.93671875 0.7552083333333334 0.07968750000000001 0.09375
3 0.75390625 0.7395833333333334 0.1953125 0.21666666666666667
1 0.7890625 0.5416666666666666 0.05625 0.14166666666666666
10 0.6781250000000001 0.55 0.043750000000000004 0.11666666666666667
5 0.4421875 0.7895833333333333 0.115625 0.08333333333333333
3 0.56015625 0.55 0.18906250000000002 0.13333333333333333
2 0.55 0.7010416666666667 0.153125 0.06458333333333333
23 0.56171875 0.6354166666666666 0.1296875 0.075
0 0.38515625000000003 0.5395833333333333 0.15156250000000002 0.13333333333333333
7 0.2234375 0.6385416666666667 0.36875 0.16041666666666665
12 0.21328125 0.5197916666666667 0.1015625 0.18125
9 0.096875 0.4875 0.115625 0.22083333333333333
11 0.16562500000000002 0.7885416666666667 0.328125 0.16041666666666665
6 0.7250000000000001 0.5177083333333333 0.078125 0.052083333333333336
22 0.42500000000000004 0.675 0.059375000000000004 0.10416666666666667
24 0.57421875 0.7645833333333333 0.0484375 0.06666666666666667
