3 0.9453125 0.8083333333333333 0.10625000000000001 0.2375
10 0.9460937500000001 0.5979166666666667 0.0578125 0.13333333333333333
5 0.66171875 0.7958333333333333 0.11093750000000001 0.1
3 0.8125 0.5791666666666666 0.21250000000000002 0.14583333333333334
2 0.7835937500000001 0.74375 0.1703125 0.058333333333333334
23 0.8054687500000001 0.6677083333333333 0.1390625 0.09375
0 0.62421875 0.5416666666666666 0.15156250000000002 0.13333333333333333
7 0.46953125 0.6177083333333333 0.3296875 0.13541666666666666
12 0.4625 0.4947916666666667 0.084375 0.16458333333333333
9 0.3640625 0.45 0.09062500000000001 0.2
11 0.40546875000000004 0.7395833333333334 0.2890625 0.12083333333333333
22 0.65234375 0.6791666666666667 0.060937500000000006 0.10416666666666667
24 0.80625 0.8083333333333333 0.053125000000000006 0.07083333333333333
4 0.309375 0.48541666666666666 0.043750000000000004 0.04583333333333333
8 0.240625 0.60625 0.059375000000000004 0.0875
3 0.19687500000000002 0.5197916666666667 0.153125 0.10625
6 0.21953125 0.5791666666666666 0.1015625 0.058333333333333334
26 0.1328125 0.7239583333333334 0.040625 0.03958333333333333
25 0.09375 0.6416666666666666 0.053125000000000006 0.05416666666666667
