3 0.9242187500000001 0.7989583333333333 0.1484375 0.2520833333333333
10 0.89765625 0.5875 0.0546875 0.12916666666666665
5 0.625 0.79375 0.10625000000000001 0.09166666666666666
3 0.7679687500000001 0.5697916666666667 0.2078125 0.14375
2 0.7421875 0.734375 0.16562500000000002 0.05625
23 0.76171875 0.659375 0.13593750000000002 0.08958333333333333
0 0.58359375 0.5395833333333333 0.1484375 0.13333333333333333
7 0.4296875 0.6177083333333333 0.33125000000000004 0.13541666666666666
12 0.41953125 0.496875 0.08281250000000001 0.16458333333333333
9 0.31953125000000004 0.4552083333333333 0.09843750000000001 0.20208333333333334
11 0.3671875 0.7447916666666666 0.290625 0.11458333333333333
6 0.95703125 0.5614583333333333 0.07968750000000001 0.06458333333333333
22 0.6125 0.675 0.059375000000000004 0.10416666666666667
24 0.765625 0.796875 0.053125000000000006 0.06875
4 0.26484375 0.49166666666666664 0.045312500000000006 0.04583333333333333
8 0.19687500000000002 0.6166666666666667 0.059375000000000004 0.09166666666666666
3 0.15156250000000002 0.528125 0.15625 0.11041666666666666
6 0.17421875 0.5864583333333333 0.1046875 0.06041666666666667
26 0.08750000000000001 0.7375 0.043750000000000004 0.041666666666666664
25 0.045312500000000006 0.653125 0.059375000000000004 0.05625
