4 0.8914062500000001 0.740625 0.0765625 0.08541666666666667
3 0.7140625 0.7322916666666667 0.19687500000000002 0.21875
1 0.7445312500000001 0.5333333333333333 0.0484375 0.1375
10 0.63828125 0.5458333333333333 0.045312500000000006 0.11666666666666667
5 0.40468750000000003 0.7927083333333333 0.115625 0.08541666666666667
3 0.5203125000000001 0.5479166666666666 0.1875 0.13333333333333333
2 0.5109375 0.7010416666666667 0.153125 0.06458333333333333
23 0.525 0.6322916666666667 0.12187500000000001 0.07291666666666667
0 0.3453125 0.54375 0.153125 0.13333333333333333
7 0.184375 0.6458333333333334 0.36875 0.1625
12 0.1703125 0.5291666666666667 0.109375 0.18333333333333332
9 0.05625 0.49583333333333335 0.1125 0.225
11 0.146875 0.8020833333333334 0.290625 0.16666666666666666
6 0.6828125 0.5114583333333333 0.07500000000000001 0.052083333333333336
22 0.3875 0.6770833333333334 0.059375000000000004 0.10416666666666667
24 0.53828125 0.7645833333333333 0.0484375 0.06666666666666667
