3 0.8328125000000001 0.765625 0.209375 0.23124999999999998
1 0.878125 0.559375 0.059375000000000004 0.14375
10 0.7625000000000001 0.5583333333333333 0.043750000000000004 0.12083333333333333
5 0.5164062500000001 0.7875 0.11406250000000001 0.08333333333333333
3 0.6414062500000001 0.553125 0.1921875 0.13541666666666666
2 0.625 0.7104166666666667 0.153125 0.058333333333333334
23 0.6390625000000001 0.6395833333333333 0.13125 0.07916666666666666
0 0.46640625 0.5375 0.1484375 0.12916666666666665
7 0.30781250000000004 0.6239583333333333 0.34687500000000004 0.13958333333333334
12 0.30000000000000004 0.5083333333333333 0.09062500000000001 0.17916666666666667
9 0.19062500000000002 0.4708333333333333 0.10625000000000001 0.2125
11 0.24921875000000002 0.765625 0.30781250000000004 0.12708333333333333
6 0.8148437500000001 0.53125 0.0734375 0.058333333333333334
22 0.5 0.6708333333333333 0.059375000000000004 0.10416666666666667
24 0.6484375 0.7739583333333333 0.05 0.06875
4 0.13203125000000002 0.5114583333333333 0.0484375 0.052083333333333336
8 0.059375000000000004 0.6510416666666666 0.06875 0.09791666666666667
3 0.046875 0.5541666666666667 0.09375 0.11666666666666667
6 0.046875 0.6208333333333333 0.09375 0.06666666666666667
