5 0.7406250000000001 0.8125 0.1125 0.10833333333333334
3 0.8929687500000001 0.59375 0.2109375 0.14583333333333334
2 0.8695312500000001 0.7739583333333333 0.1796875 0.06875
23 0.89453125 0.690625 0.1484375 0.10208333333333333
0 0.7078125000000001 0.5510416666666667 0.15937500000000002 0.13541666666666666
7 0.5484375 0.6229166666666667 0.328125 0.14583333333333334
12 0.54296875 0.496875 0.08281250000000001 0.16041666666666665
9 0.4453125 0.4458333333333333 0.08750000000000001 0.2
11 0.48359375000000004 0.7354166666666666 0.2890625 0.1375
22 0.73203125 0.6927083333333334 0.06406250000000001 0.11041666666666666
24 0.8914062500000001 0.8354166666666667 0.0578125 0.075
4 0.390625 0.4770833333333333 0.043750000000000004 0.04583333333333333
8 0.32109375 0.5958333333333333 0.0578125 0.0875
3 0.2828125 0.5052083333333334 0.146875 0.09791666666666667
6 0.3015625 0.5645833333333333 0.1 0.058333333333333334
26 0.2171875 0.696875 0.040625 0.03958333333333333
25 0.18359375 0.6166666666666667 0.051562500000000004 0.05416666666666667
