2 0.4375 0.7041666666666666 0.153125 0.07916666666666666
24 0.46406250000000004 0.7635416666666667 0.053125000000000006 0.06875
5 0.33046875000000003 0.8052083333333333 0.1171875 0.06875
22 0.309375 0.6885416666666666 0.0625 0.10625
0 0.26171875 0.5552083333333333 0.1640625 0.13958333333333334
3 0.44062500000000004 0.546875 0.184375 0.13125
23 0.44765625000000003 0.634375 0.1234375 0.06041666666666667
10 0.55859375 0.5427083333333333 0.0421875 0.11875
6 0.6023437500000001 0.5052083333333334 0.0671875 0.04791666666666666
3 0.6359375 0.7208333333333333 0.19375 0.2
11 0.10703125000000001 0.825 0.2109375 0.175
7 0.14375000000000002 0.6708333333333333 0.284375 0.17083333333333334
12 0.07578125000000001 0.5489583333333333 0.11406250000000001 0.19375
4 0.80234375 0.7166666666666667 0.0734375 0.07916666666666666
1 0.66015625 0.5260416666666666 0.045312500000000006 0.13125
