29 0.5242187500000001 0.9135416666666667 0.1265625 0.12708333333333333
29 0.30312500000000003 0.8875 0.153125 0.1125
17 0.8546875 0.9416666666666667 0.11875000000000001 0.1125
18 0.77109375 0.7791666666666667 0.1234375 0.0875
33 0.565625 0.65 0.12187500000000001 0.06666666666666667
50 0.71640625 0.571875 0.0703125 0.11458333333333333
30 0.34687500000000004 0.6177083333333333 0.21250000000000002 0.09375
46 0.31640625 0.6760416666666667 0.0765625 0.09791666666666667
49 0.41796875 0.6416666666666666 0.0578125 0.16666666666666666
25 0.5750000000000001 0.715625 0.053125000000000006 0.07291666666666667
24 0.6570312500000001 0.871875 0.08281250000000001 0.12291666666666666
33 0.19375 0.6697916666666667 0.13125 0.08541666666666667
48 0.33046875000000003 0.7645833333333333 0.045312500000000006 0.03333333333333333
0 0.09062500000000001 0.8739583333333333 0.18125000000000002 0.2520833333333333
40 0.046875 0.6583333333333333 0.078125 0.0875
