29 0.77265625 0.9395833333333333 0.1203125 0.11666666666666667
29 0.55625 0.8604166666666666 0.14375000000000002 0.125
33 0.8515625 0.6958333333333333 0.14375000000000002 0.1
30 0.6218750000000001 0.6104166666666666 0.209375 0.10416666666666667
46 0.5867187500000001 0.6614583333333334 0.0734375 0.09375
49 0.6875 0.6510416666666666 0.059375000000000004 0.17291666666666666
25 0.8546875 0.7677083333333333 0.059375000000000004 0.07708333333333334
24 0.9304687500000001 0.94375 0.0890625 0.1125
33 0.47500000000000003 0.63125 0.11875000000000001 0.09166666666666666
48 0.59375 0.75625 0.043750000000000004 0.025
0 0.34140625 0.78125 0.21406250000000002 0.23333333333333334
40 0.35000000000000003 0.5947916666666666 0.065625 0.07291666666666667
43 0.29531250000000003 0.5583333333333333 0.08750000000000001 0.041666666666666664
18 0.2109375 0.596875 0.037500000000000006 0.14375
47 0.16640625 0.528125 0.0734375 0.06458333333333333
16 0.1234375 0.75625 0.16562500000000002 0.075
44 0.11328125 0.584375 0.029687500000000002 0.07708333333333334
48 0.09296875 0.6708333333333333 0.026562500000000003 0.05416666666666667
