29 0.55859375 0.9135416666666667 0.1265625 0.12708333333333333
29 0.34140625 0.8781249999999999 0.15156250000000002 0.11041666666666666
17 0.8968750000000001 0.9479166666666666 0.12187500000000001 0.1
18 0.8109375000000001 0.7875 0.125 0.07916666666666666
33 0.6039062500000001 0.6510416666666666 0.1234375 0.07291666666666667
50 0.76171875 0.5770833333333333 0.0734375 0.11666666666666667
30 0.38671875 0.6125 0.2109375 0.09583333333333333
46 0.35625 0.6697916666666667 0.078125 0.09375
49 0.4578125 0.6385416666666667 0.059375000000000004 0.16875
25 0.6140625000000001 0.71875 0.053125000000000006 0.07083333333333333
24 0.69296875 0.8770833333333333 0.08281250000000001 0.125
33 0.23593750000000002 0.6614583333333334 0.12812500000000002 0.08541666666666667
48 0.36953125000000003 0.7583333333333333 0.045312500000000006 0.029166666666666667
0 0.11171875 0.8572916666666667 0.2234375 0.26458333333333334
40 0.09375 0.6447916666666667 0.07187500000000001 0.08125
43 0.03359375 0.6135416666666667 0.0671875 0.05625
