34 0.32421875 0.5125 0.2171875 0.1375
8 0.39765625000000004 0.56875 0.0484375 0.06666666666666667
10 0.2421875 0.6708333333333333 0.08125 0.13333333333333333
36 0.20859375000000002 0.5895833333333333 0.0734375 0.09583333333333333
15 0.17890625000000002 0.4322916666666667 0.09843750000000001 0.08541666666666667
49 0.19375 0.290625 0.059375000000000004 0.17291666666666666
9 0.13359375 0.5041666666666667 0.11093750000000001 0.14583333333333334
0 0.13984375000000002 0.39791666666666664 0.09531250000000001 0.07916666666666666
1 0.1234375 0.3375 0.034375 0.058333333333333334
13 0.08515625 0.7760416666666666 0.1234375 0.07291666666666667
40 0.07968750000000001 0.4270833333333333 0.05 0.0875
19 0.06796875000000001 0.63125 0.1296875 0.12916666666666665
14 0.04296875 0.37604166666666666 0.0734375 0.11041666666666666
