34 0.6117187500000001 0.4927083333333333 0.20468750000000002 0.13958333333333334
8 0.67578125 0.5729166666666666 0.0484375 0.06666666666666667
10 0.5265625 0.6375 0.059375000000000004 0.12083333333333333
36 0.49609375 0.5583333333333333 0.0671875 0.0875
15 0.484375 0.40729166666666666 0.084375 0.07291666666666667
49 0.5007812500000001 0.2791666666666667 0.0421875 0.1625
9 0.4453125 0.465625 0.084375 0.12708333333333333
0 0.4453125 0.37083333333333335 0.08125 0.07083333333333333
1 0.4375 0.31666666666666665 0.025 0.05416666666666667
13 0.37343750000000003 0.703125 0.1 0.07708333333333334
40 0.39296875000000003 0.3927083333333333 0.035937500000000004 0.07291666666666667
19 0.32656250000000003 0.575 0.19062500000000002 0.1125
14 0.3671875 0.33958333333333335 0.05625 0.09583333333333333
41 0.3140625 0.396875 0.08125 0.03958333333333333
48 0.30546875 0.4322916666666667 0.026562500000000003 0.01875
34 0.32890625 0.4666666666666667 0.1609375 0.09166666666666666
2 0.29765625 0.3729166666666667 0.0421875 0.025
