34 0.284375 0.5166666666666666 0.21875 0.1375
8 0.35859375000000004 0.5729166666666666 0.0484375 0.06666666666666667
10 0.203125 0.6791666666666667 0.08125 0.13333333333333333
36 0.16796875 0.5979166666666667 0.0734375 0.09583333333333333
15 0.13984375000000002 0.4375 0.09843750000000001 0.0875
49 0.14453125 0.296875 0.0578125 0.17291666666666666
9 0.09531250000000001 0.5125 0.1125 0.14583333333333334
0 0.08671875000000001 0.40729166666666666 0.0921875 0.08541666666666667
1 0.0734375 0.34479166666666666 0.034375 0.06041666666666667
13 0.05 0.7916666666666666 0.1 0.075
40 0.03125 0.43645833333333334 0.05 0.08541666666666667
