34 0.6546875000000001 0.49374999999999997 0.20625000000000002 0.1375
8 0.71640625 0.578125 0.0484375 0.06458333333333333
10 0.565625 0.6375 0.059375000000000004 0.12083333333333333
36 0.5359375000000001 0.5583333333333333 0.065625 0.0875
15 0.52890625 0.40520833333333334 0.0859375 0.07291666666666667
49 0.54296875 0.2791666666666667 0.0421875 0.1625
9 0.48515625 0.4635416666666667 0.08281250000000001 0.12708333333333333
0 0.48984375 0.37083333333333335 0.08281250000000001 0.07083333333333333
1 0.48046875 0.315625 0.026562500000000003 0.05625
13 0.4109375 0.6989583333333333 0.1 0.07708333333333334
40 0.43593750000000003 0.38958333333333334 0.037500000000000006 0.075
19 0.3671875 0.5708333333333333 0.19062500000000002 0.1125
14 0.40703125 0.3375 0.0546875 0.09583333333333333
41 0.35625 0.3927083333333333 0.08125 0.03958333333333333
48 0.34921875 0.4270833333333333 0.026562500000000003 0.020833333333333332
34 0.36953125000000003 0.46249999999999997 0.1609375 0.09166666666666666
2 0.34140625 0.36875 0.0421875 0.025
