36 0.5164062500000001 0.5302083333333333 0.06406250000000001 0.08958333333333333
40 0.44140625 0.5666666666666667 0.060937500000000006 0.11666666666666667
8 0.3984375 0.4979166666666667 0.046875 0.0625
15 0.3828125 0.428125 0.08125 0.08541666666666667
9 0.4578125 0.4552083333333333 0.096875 0.12708333333333333
34 0.28125 0.7229166666666667 0.33125000000000004 0.17916666666666667
49 0.31796875 0.340625 0.060937500000000006 0.20625
34 0.23671875 0.5020833333333333 0.1921875 0.13333333333333333
14 0.27265625 0.35625 0.0703125 0.12083333333333333
0 0.1859375 0.584375 0.18125000000000002 0.14375
25 0.20625000000000002 0.40520833333333334 0.03125 0.03958333333333333
13 0.21796875000000002 0.4479166666666667 0.0921875 0.0375
10 0.1375 0.45 0.05 0.07916666666666666
48 0.1234375 0.51875 0.037500000000000006 0.03333333333333333
19 0.16171875000000002 0.3802083333333333 0.1421875 0.06875
41 0.11484375000000001 0.43333333333333335 0.09531250000000001 0.05416666666666667
