36 0.35703125 0.5395833333333333 0.0671875 0.09166666666666666
40 0.28046875 0.5854166666666667 0.0671875 0.12083333333333333
8 0.2328125 0.515625 0.046875 0.06041666666666667
15 0.21250000000000002 0.4427083333333333 0.09062500000000001 0.08958333333333333
9 0.28984375 0.465625 0.1015625 0.13125
34 0.1453125 0.7677083333333333 0.28750000000000003 0.20625
49 0.134375 0.35625 0.07500000000000001 0.2125
34 0.084375 0.5260416666666666 0.16562500000000002 0.13541666666666666
14 0.0859375 0.378125 0.08125 0.12708333333333333
0 0.05078125 0.6302083333333334 0.1015625 0.15208333333333332
25 0.01640625 0.43645833333333334 0.029687500000000002 0.03958333333333333
13 0.045312500000000006 0.4739583333333333 0.09062500000000001 0.04791666666666666
