36 0.4375 0.534375 0.065625 0.08958333333333333
40 0.36250000000000004 0.5739583333333333 0.0625 0.11875
8 0.31328125 0.503125 0.045312500000000006 0.06041666666666667
15 0.30000000000000004 0.434375 0.08125 0.08541666666666667
9 0.37578125 0.45625 0.09843750000000001 0.12916666666666665
34 0.203125 0.7416666666666667 0.33125000000000004 0.17916666666666667
49 0.22890625 0.346875 0.0671875 0.20625
34 0.15859375 0.5166666666666666 0.1921875 0.13333333333333333
14 0.18359375 0.3645833333333333 0.07968750000000001 0.12083333333333333
0 0.09609375 0.6052083333333333 0.1796875 0.14791666666666667
25 0.11484375000000001 0.41875 0.0328125 0.041666666666666664
13 0.14140625 0.4552083333333333 0.0921875 0.03958333333333333
10 0.041406250000000006 0.46770833333333334 0.0546875 0.08541666666666667
48 0.026562500000000003 0.5395833333333333 0.037500000000000006 0.03333333333333333
