36 0.47734375 0.5322916666666666 0.06406250000000001 0.08958333333333333
40 0.40234375 0.56875 0.060937500000000006 0.11666666666666667
8 0.35234375 0.49895833333333334 0.045312500000000006 0.06041666666666667
15 0.34375 0.4302083333333333 0.08125 0.08541666666666667
9 0.41796875 0.45625 0.09843750000000001 0.12916666666666665
34 0.2421875 0.73125 0.33125000000000004 0.17916666666666667
49 0.2734375 0.340625 0.065625 0.20625
34 0.19765625 0.5083333333333333 0.1921875 0.13333333333333333
14 0.22734375 0.36041666666666666 0.07968750000000001 0.12083333333333333
0 0.1453125 0.5927083333333333 0.18125000000000002 0.14375
25 0.15937500000000002 0.41354166666666664 0.03125 0.03958333333333333
13 0.17890625000000002 0.45208333333333334 0.0921875 0.0375
10 0.08203125 0.459375 0.0546875 0.08541666666666667
48 0.06640625 0.53125 0.035937500000000004 0.03333333333333333
19 0.11328125 0.384375 0.1421875 0.06875
41 0.06484375 0.44375 0.09531250000000001 0.05416666666666667
