36 0.71875 0.5458333333333333 0.06875 0.09166666666666666
40 0.63828125 0.5729166666666666 0.0578125 0.11666666666666667
8 0.59765625 0.4979166666666667 0.0421875 0.058333333333333334
15 0.59140625 0.4270833333333333 0.0765625 0.08333333333333333
9 0.6664062500000001 0.45729166666666665 0.0890625 0.12708333333333333
34 0.484375 0.709375 0.30625 0.19375
49 0.5296875 0.33541666666666664 0.053125000000000006 0.2
34 0.46015625000000004 0.4770833333333333 0.1765625 0.1
14 0.48515625 0.3458333333333333 0.0671875 0.11666666666666667
0 0.3984375 0.5520833333333334 0.15625 0.13333333333333333
25 0.42421875000000003 0.3885416666666667 0.029687500000000002 0.03958333333333333
13 0.44453125000000004 0.42291666666666666 0.08281250000000001 0.029166666666666667
10 0.36015625 0.425 0.0421875 0.075
48 0.340625 0.4875 0.034375 0.029166666666666667
19 0.38671875 0.3614583333333333 0.1265625 0.06041666666666667
41 0.33828125000000003 0.40729166666666666 0.08281250000000001 0.04375
