36 0.55625 0.5322916666666666 0.065625 0.08958333333333333
40 0.48046875 0.5645833333333333 0.0578125 0.11666666666666667
8 0.43828125 0.49583333333333335 0.0421875 0.058333333333333334
15 0.42500000000000004 0.4270833333333333 0.08125 0.0875
9 0.496875 0.4552083333333333 0.096875 0.12708333333333333
34 0.32734375000000004 0.71875 0.31093750000000003 0.18333333333333332
49 0.359375 0.334375 0.05625 0.19791666666666666
34 0.29609375 0.4875 0.1765625 0.10833333333333334
14 0.31484375000000003 0.35104166666666664 0.06406250000000001 0.11875
0 0.2328125 0.5739583333333333 0.16875 0.13958333333333334
25 0.25234375000000003 0.4010416666666667 0.029687500000000002 0.03958333333333333
13 0.27421875 0.4354166666666667 0.0859375 0.0375
10 0.18359375 0.44166666666666665 0.0484375 0.07916666666666666
48 0.16875 0.5083333333333333 0.037500000000000006 0.03333333333333333
19 0.209375 0.37395833333333334 0.13125 0.06458333333333333
41 0.1625 0.42604166666666665 0.09375 0.052083333333333336
