36 0.39687500000000003 0.5375 0.065625 0.09166666666666666
40 0.32265625000000003 0.5791666666666666 0.06406250000000001 0.12083333333333333
8 0.27421875 0.5083333333333333 0.045312500000000006 0.0625
15 0.2578125 0.43645833333333334 0.08750000000000001 0.08958333333333333
9 0.33437500000000003 0.4614583333333333 0.1 0.13125
34 0.16796875 0.7510416666666666 0.3328125 0.19375
49 0.18125000000000002 0.35 0.07187500000000001 0.2125
34 0.11953125 0.525 0.1921875 0.13333333333333333
14 0.1328125 0.371875 0.078125 0.12291666666666666
0 0.0734375 0.6166666666666667 0.146875 0.14583333333333334
25 0.065625 0.42604166666666665 0.03125 0.03958333333333333
13 0.09296875 0.46458333333333335 0.0921875 0.041666666666666664
