20 0.7406250000000001 0.6177083333333333 0.225 0.44375
21 0.41718750000000004 0.7770833333333333 0.09062500000000001 0.1625
21 0.5593750000000001 0.6114583333333333 0.065625 0.13125
31 0.6046875 0.5572916666666666 0.046875 0.052083333333333336
29 0.515625 0.5385416666666667 0.059375000000000004 0.06458333333333333
11 0.571875 0.4614583333333333 0.15000000000000002 0.12291666666666666
27 0.6218750000000001 0.40729166666666666 0.059375000000000004 0.04375
33 0.5875 0.3333333333333333 0.03125 0.10416666666666667
35 0.5632812500000001 0.3385416666666667 0.026562500000000003 0.035416666666666666
8 0.503125 0.3572916666666667 0.028125 0.04375
32 0.496875 0.4 0.0625 0.04583333333333333
5 0.44453125000000004 0.3833333333333333 0.06406250000000001 0.029166666666666667
30 0.4140625 0.46249999999999997 0.15000000000000002 0.125
5 0.36796875 0.665625 0.026562500000000003 0.08541666666666667
26 0.40468750000000003 0.6145833333333334 0.037500000000000006 0.03333333333333333
2 0.234375 0.7229166666666667 0.15000000000000002 0.0625
34 0.384375 0.28854166666666664 0.037500000000000006 0.18958333333333333
26 0.48125 0.3520833333333333 0.021875000000000002 0.016666666666666666
