21 0.8187500000000001 0.8208333333333333 0.1125 0.17083333333333334
29 0.96640625 0.6010416666666667 0.06406250000000001 0.08125
8 0.9812500000000001 0.3989583333333333 0.034375 0.052083333333333336
32 0.9632812500000001 0.4427083333333333 0.0734375 0.04791666666666666
5 0.90625 0.4114583333333333 0.07187500000000001 0.03958333333333333
30 0.86328125 0.490625 0.17343750000000002 0.12708333333333333
5 0.77734375 0.684375 0.0390625 0.08541666666666667
26 0.82578125 0.646875 0.0421875 0.03958333333333333
2 0.6414062500000001 0.7072916666666667 0.1390625 0.06458333333333333
34 0.8546875 0.303125 0.05 0.20208333333333334
26 0.9546875 0.3875 0.025 0.020833333333333332
