20 0.70234375 0.6125 0.21406250000000002 0.44166666666666665
21 0.38125000000000003 0.78125 0.09062500000000001 0.1625
21 0.521875 0.6114583333333333 0.065625 0.13125
31 0.565625 0.5552083333333333 0.046875 0.052083333333333336
29 0.478125 0.5385416666666667 0.059375000000000004 0.06458333333333333
11 0.53359375 0.46041666666666664 0.15156250000000002 0.125
27 0.58125 0.4041666666666667 0.059375000000000004 0.041666666666666664
33 0.5484375 0.33229166666666665 0.028125 0.10208333333333333
35 0.5242187500000001 0.3375 0.026562500000000003 0.03333333333333333
8 0.46406250000000004 0.3572916666666667 0.028125 0.04375
32 0.45625000000000004 0.39791666666666664 0.0625 0.04583333333333333
5 0.40468750000000003 0.3833333333333333 0.065625 0.029166666666666667
30 0.37343750000000003 0.4635416666666667 0.15000000000000002 0.12708333333333333
5 0.33046875000000003 0.66875 0.026562500000000003 0.0875
26 0.3671875 0.61875 0.037500000000000006 0.03333333333333333
2 0.19453125000000002 0.7322916666666667 0.15156250000000002 0.06458333333333333
34 0.34140625 0.2916666666666667 0.0390625 0.19166666666666665
26 0.44062500000000004 0.353125 0.021875000000000002 0.01875
