20 0.54453125 0.6020833333333333 0.1921875 0.44166666666666665
21 0.23046875 0.8125 0.09843750000000001 0.175
21 0.371875 0.615625 0.06875 0.12708333333333333
31 0.41484375 0.5572916666666666 0.045312500000000006 0.052083333333333336
29 0.32265625000000003 0.5510416666666667 0.060937500000000006 0.06458333333333333
11 0.37734375000000003 0.46249999999999997 0.15781250000000002 0.125
27 0.4234375 0.40520833333333334 0.059375000000000004 0.04375
33 0.38593750000000004 0.334375 0.028125 0.10625
35 0.36250000000000004 0.3416666666666667 0.028125 0.03333333333333333
8 0.3015625 0.3645833333333333 0.03125 0.04583333333333333
32 0.29531250000000003 0.40729166666666666 0.065625 0.04791666666666666
5 0.23984375000000002 0.3958333333333333 0.0703125 0.025
30 0.21015625000000002 0.48333333333333334 0.16718750000000002 0.13333333333333333
5 0.17265625 0.7041666666666666 0.029687500000000002 0.09166666666666666
26 0.2109375 0.64375 0.037500000000000006 0.03333333333333333
2 0.0546875 0.784375 0.109375 0.06875
34 0.16718750000000002 0.3020833333333333 0.053125000000000006 0.20416666666666666
