20 0.51875 0.6020833333333333 0.19687500000000002 0.4458333333333333
21 0.20546875 0.81875 0.09843750000000001 0.175
21 0.34609375000000003 0.6239583333333333 0.0671875 0.13125
31 0.390625 0.559375 0.043750000000000004 0.06041666666666667
29 0.296875 0.5541666666666667 0.0625 0.06666666666666667
11 0.35000000000000003 0.465625 0.15937500000000002 0.12291666666666666
27 0.3984375 0.40625 0.059375000000000004 0.041666666666666664
33 0.359375 0.33541666666666664 0.03125 0.10833333333333334
35 0.33437500000000003 0.34375 0.028125 0.0375
8 0.2734375 0.3677083333333333 0.034375 0.04791666666666666
32 0.2671875 0.4125 0.0625 0.04583333333333333
5 0.2109375 0.4 0.07187500000000001 0.025
30 0.1796875 0.4875 0.171875 0.1375
5 0.14453125 0.7114583333333333 0.026562500000000003 0.09375
26 0.18359375 0.6510416666666666 0.0390625 0.03125
2 0.040625 0.796875 0.08125 0.07291666666666667
