20 0.9078125 0.6625 0.18125000000000002 0.45416666666666666
21 0.59375 0.7739583333333333 0.096875 0.16041666666666665
21 0.74765625 0.6322916666666667 0.0734375 0.13541666666666666
31 0.8031250000000001 0.584375 0.053125000000000006 0.06041666666666667
29 0.70625 0.5510416666666667 0.059375000000000004 0.06458333333333333
11 0.7820312500000001 0.4822916666666667 0.1703125 0.14375
27 0.83203125 0.425 0.06406250000000001 0.05
33 0.7992187500000001 0.34375 0.0390625 0.1125
35 0.7718750000000001 0.3489583333333333 0.028125 0.035416666666666666
8 0.70625 0.3645833333333333 0.03125 0.041666666666666664
32 0.696875 0.40625 0.06875 0.041666666666666664
5 0.6429687500000001 0.384375 0.06406250000000001 0.03125
30 0.6078125000000001 0.46249999999999997 0.146875 0.12083333333333333
5 0.55 0.6541666666666667 0.034375 0.08333333333333333
26 0.5890625 0.6125 0.034375 0.03333333333333333
2 0.42265625 0.696875 0.13593750000000002 0.06041666666666667
34 0.59140625 0.2864583333333333 0.035937500000000004 0.18958333333333333
26 0.6820312500000001 0.3572916666666667 0.0203125 0.01875
