20 0.92734375 0.6770833333333334 0.1453125 0.4583333333333333
21 0.63046875 0.7791666666666667 0.1015625 0.1625
21 0.7875000000000001 0.6416666666666666 0.078125 0.1375
31 0.8445312500000001 0.5916666666666667 0.0578125 0.0625
29 0.7453125 0.5572916666666666 0.059375000000000004 0.06458333333333333
11 0.821875 0.4864583333333333 0.16875 0.14375
27 0.8765625 0.4302083333333333 0.065625 0.04791666666666666
33 0.84296875 0.34791666666666665 0.0390625 0.1125
35 0.81640625 0.353125 0.029687500000000002 0.035416666666666666
8 0.74921875 0.3697916666666667 0.029687500000000002 0.04375
32 0.7359375 0.41041666666666665 0.06875 0.041666666666666664
5 0.6828125 0.3885416666666667 0.065625 0.03125
30 0.6468750000000001 0.4666666666666667 0.146875 0.12083333333333333
5 0.58515625 0.6583333333333333 0.0328125 0.08333333333333333
26 0.6257812500000001 0.615625 0.035937500000000004 0.035416666666666666
2 0.45703125 0.6979166666666666 0.13593750000000002 0.058333333333333334
34 0.63203125 0.28854166666666664 0.035937500000000004 0.18958333333333333
26 0.7234375000000001 0.36041666666666666 0.021875000000000002 0.016666666666666666
