21 0.66796875 0.7833333333333333 0.1015625 0.1625
21 0.83203125 0.65 0.07968750000000001 0.1375
31 0.8914062500000001 0.6020833333333333 0.0578125 0.058333333333333334
29 0.784375 0.5635416666666666 0.059375000000000004 0.06458333333333333
11 0.87265625 0.496875 0.1859375 0.15625
27 0.925 0.43854166666666666 0.06875 0.04791666666666666
33 0.8914062500000001 0.3541666666666667 0.0421875 0.1125
35 0.86328125 0.35833333333333334 0.029687500000000002 0.0375
8 0.79296875 0.371875 0.0328125 0.04375
32 0.7820312500000001 0.41354166666666664 0.0703125 0.04375
5 0.72578125 0.390625 0.0671875 0.035416666666666666
30 0.690625 0.46770833333333334 0.15625 0.12291666666666666
5 0.62265625 0.6604166666666667 0.0328125 0.0875
26 0.6640625 0.61875 0.037500000000000006 0.0375
2 0.49296875 0.6958333333333333 0.13593750000000002 0.058333333333333334
34 0.6734375 0.2895833333333333 0.037500000000000006 0.19583333333333333
26 0.7679687500000001 0.36354166666666665 0.0203125 0.01875
