21 0.7054687500000001 0.7895833333333333 0.1015625 0.1625
21 0.8734375000000001 0.6635416666666667 0.084375 0.13958333333333334
31 0.9359375000000001 0.6125 0.05625 0.0625
29 0.8304687500000001 0.5708333333333333 0.0671875 0.07083333333333333
11 0.91171875 0.5041666666666667 0.1765625 0.1625
27 0.96796875 0.4458333333333333 0.060937500000000006 0.05416666666666667
33 0.940625 0.3614583333333333 0.043750000000000004 0.11458333333333333
35 0.9109375000000001 0.3645833333333333 0.03125 0.0375
8 0.8390625 0.3770833333333333 0.034375 0.04583333333333333
32 0.821875 0.42083333333333334 0.06875 0.041666666666666664
5 0.76875 0.39479166666666665 0.06875 0.035416666666666666
30 0.73203125 0.47291666666666665 0.1609375 0.125
5 0.66015625 0.665625 0.035937500000000004 0.08958333333333333
26 0.70234375 0.625 0.035937500000000004 0.0375
2 0.53046875 0.6979166666666666 0.13593750000000002 0.058333333333333334
34 0.71796875 0.29375 0.0421875 0.19166666666666665
26 0.81171875 0.3677083333333333 0.0234375 0.01875
