20 0.82734375 0.6322916666666667 0.2484375 0.4479166666666667
21 0.48750000000000004 0.7708333333333334 0.09375 0.1625
21 0.63203125 0.615625 0.0671875 0.13125
31 0.6796875 0.5645833333333333 0.046875 0.05416666666666667
29 0.5890625 0.540625 0.059375000000000004 0.06041666666666667
11 0.6546875000000001 0.4666666666666667 0.15625 0.13333333333333333
27 0.703125 0.4114583333333333 0.059375000000000004 0.04375
33 0.66953125 0.334375 0.0328125 0.10625
35 0.6453125000000001 0.340625 0.028125 0.035416666666666666
8 0.5828125000000001 0.3572916666666667 0.028125 0.04375
32 0.5750000000000001 0.4 0.0625 0.04583333333333333
5 0.5234375 0.3802083333333333 0.0625 0.027083333333333334
30 0.49140625000000004 0.459375 0.1484375 0.12291666666666666
5 0.43984375000000003 0.6552083333333333 0.026562500000000003 0.08125
26 0.478125 0.609375 0.034375 0.03125
2 0.31015625 0.709375 0.1421875 0.06041666666666667
34 0.46406250000000004 0.28854166666666664 0.034375 0.18541666666666667
26 0.56015625 0.353125 0.0203125 0.01875
