20 0.6046875 0.4947916666666667 0.12812500000000002 0.23541666666666666
11 0.6507812500000001 0.6541666666666667 0.2578125 0.1
7 0.7078125000000001 0.8427083333333333 0.44062500000000004 0.24375
6 0.8187500000000001 0.64375 0.025 0.09583333333333333
18 0.5 0.5447916666666667 0.03125 0.15625
3 0.44921875 0.725 0.2515625 0.22083333333333333
14 0.38906250000000003 0.559375 0.16562500000000002 0.15208333333333332
13 0.39140625 0.8958333333333334 0.08281250000000001 0.175
5 0.30390625000000004 0.6802083333333333 0.0765625 0.06458333333333333
15 0.290625 0.5239583333333333 0.1 0.09791666666666667
23 0.225 0.8375 0.16875 0.15833333333333333
4 0.2265625 0.6114583333333333 0.065625 0.05625
2 0.21484375 0.7510416666666666 0.0703125 0.14375
0 0.17734375000000002 0.49895833333333334 0.1328125 0.11458333333333333
16 0.1875 0.56875 0.109375 0.0625
3 0.08828125 0.7416666666666667 0.1765625 0.19166666666666665
19 0.057031250000000006 0.5979166666666667 0.11093750000000001 0.14166666666666666
