20 0.6875 0.5020833333333333 0.1375 0.23333333333333334
11 0.73359375 0.6677083333333333 0.2671875 0.11875
7 0.775 0.86875 0.446875 0.25416666666666665
6 0.91015625 0.66875 0.026562500000000003 0.09583333333333333
18 0.5789062500000001 0.54375 0.026562500000000003 0.15833333333333333
3 0.5242187500000001 0.7260416666666667 0.2484375 0.21041666666666667
14 0.46718750000000003 0.5583333333333333 0.15937500000000002 0.15416666666666667
13 0.4609375 0.8885416666666667 0.07500000000000001 0.18958333333333333
5 0.38359375 0.66875 0.0734375 0.06666666666666667
15 0.375 0.5114583333333333 0.096875 0.09791666666666667
23 0.30625 0.8135416666666666 0.15625 0.14375
4 0.30859375 0.596875 0.0671875 0.05625
2 0.2984375 0.725 0.0625 0.12916666666666665
0 0.2671875 0.484375 0.12812500000000002 0.11041666666666666
16 0.275 0.5520833333333334 0.10625000000000001 0.05416666666666667
3 0.13203125000000002 0.7104166666666667 0.2578125 0.1875
19 0.12187500000000001 0.58125 0.1625 0.14583333333333334
