20 0.27187500000000003 0.5125 0.15937500000000002 0.2625
11 0.33984375 0.659375 0.2609375 0.12708333333333333
7 0.39609375 0.828125 0.4234375 0.3229166666666667
4 0.7093750000000001 0.8135416666666666 0.07500000000000001 0.08958333333333333
3 0.6671875 0.653125 0.234375 0.12291666666666666
6 0.49921875000000004 0.6083333333333333 0.026562500000000003 0.0875
6 0.6195312500000001 0.9625 0.11406250000000001 0.075
26 0.80625 0.9677083333333333 0.025 0.06041666666666667
18 0.16953125000000002 0.5791666666666666 0.0484375 0.17083333333333334
3 0.13828125 0.79375 0.2734375 0.24583333333333332
14 0.0703125 0.6239583333333333 0.140625 0.16875
13 0.06484375 0.9520833333333333 0.0734375 0.09166666666666666
