20 0.23203125000000002 0.51875 0.1609375 0.2625
11 0.29921875000000003 0.665625 0.2609375 0.12708333333333333
7 0.35859375000000004 0.8333333333333334 0.4234375 0.325
4 0.671875 0.8072916666666666 0.07500000000000001 0.08958333333333333
3 0.62890625 0.6489583333333333 0.23593750000000002 0.12291666666666666
6 0.46171875 0.6104166666666666 0.026562500000000003 0.0875
6 0.58359375 0.9583333333333334 0.11406250000000001 0.075
26 0.7671875 0.965625 0.025 0.06041666666666667
18 0.12734375 0.5875 0.0546875 0.17083333333333334
3 0.11796875000000001 0.8125 0.2328125 0.25416666666666665
