20 0.6453125000000001 0.496875 0.13125 0.23541666666666666
11 0.6921875000000001 0.6604166666666667 0.2625 0.10833333333333334
7 0.74140625 0.85 0.45156250000000003 0.24583333333333332
6 0.86328125 0.6541666666666667 0.026562500000000003 0.09583333333333333
18 0.5390625 0.54375 0.028125 0.15833333333333333
3 0.48828125 0.725 0.2421875 0.2125
14 0.42734375 0.5572916666666666 0.1609375 0.15625
13 0.42734375 0.8916666666666666 0.08281250000000001 0.175
5 0.34453125 0.6729166666666666 0.0734375 0.06666666666666667
15 0.33203125 0.51875 0.09531250000000001 0.09583333333333333
23 0.26406250000000003 0.8270833333333333 0.16875 0.15833333333333333
4 0.26953125 0.603125 0.0671875 0.05625
2 0.2578125 0.734375 0.065625 0.13541666666666666
0 0.2234375 0.490625 0.13125 0.11041666666666666
16 0.23125 0.5604166666666667 0.10625000000000001 0.058333333333333334
3 0.11093750000000001 0.7270833333333333 0.21875 0.1875
19 0.07968750000000001 0.5916666666666667 0.15937500000000002 0.14583333333333334
