20 0.74140625 0.5104166666666666 0.1453125 0.2375
11 0.7820312500000001 0.678125 0.2703125 0.12291666666666666
7 0.7953125000000001 0.8729166666666667 0.40625 0.25416666666666665
6 0.9671875000000001 0.6864583333333333 0.025 0.09791666666666667
18 0.62890625 0.5458333333333333 0.026562500000000003 0.15833333333333333
3 0.56953125 0.7270833333333333 0.24531250000000002 0.20833333333333334
14 0.5140625 0.559375 0.15937500000000002 0.15208333333333332
13 0.50390625 0.8875 0.0734375 0.1875
5 0.43046875 0.6645833333333333 0.0734375 0.06666666666666667
15 0.42421875000000003 0.5083333333333333 0.09531250000000001 0.09583333333333333
23 0.35234375 0.8052083333333333 0.1546875 0.14375
4 0.35546875 0.5927083333333333 0.0671875 0.05625
2 0.34375 0.71875 0.0625 0.12916666666666665
0 0.31953125000000004 0.48020833333333335 0.1234375 0.11041666666666666
16 0.32421875 0.5489583333333333 0.1015625 0.052083333333333336
3 0.18203125 0.696875 0.2515625 0.18125
19 0.17734375000000002 0.565625 0.1609375 0.13541666666666666
