20 0.40078125000000003 0.49895833333333334 0.1390625 0.24791666666666667
11 0.45546875000000003 0.65 0.2578125 0.125
7 0.5125000000000001 0.8177083333333334 0.42500000000000004 0.26875
4 0.8304687500000001 0.8458333333333333 0.0859375 0.1
3 0.7890625 0.6729166666666666 0.2625 0.12916666666666665
6 0.61328125 0.6104166666666666 0.026562500000000003 0.0875
18 0.30000000000000004 0.5572916666666666 0.040625 0.16458333333333333
3 0.25234375000000003 0.7583333333333333 0.27968750000000003 0.24166666666666667
14 0.17578125 0.5864583333333333 0.18281250000000002 0.15625
13 0.20078125000000002 0.9260416666666667 0.0859375 0.14375
5 0.09296875 0.7322916666666667 0.0890625 0.06458333333333333
15 0.06328125 0.5666666666666667 0.11406250000000001 0.1125
23 0.0546875 0.9083333333333333 0.10625000000000001 0.1625
