20 0.35859375000000004 0.5010416666666666 0.1453125 0.2520833333333333
11 0.41640625000000003 0.6520833333333333 0.2578125 0.125
7 0.47265625 0.8197916666666667 0.42031250000000003 0.2895833333333333
4 0.7898437500000001 0.8354166666666667 0.08281250000000001 0.09583333333333333
3 0.7445312500000001 0.6572916666666666 0.2515625 0.11875
6 0.57421875 0.6083333333333333 0.026562500000000003 0.0875
6 0.690625 0.9708333333333333 0.12187500000000001 0.058333333333333334
18 0.25390625 0.5635416666666666 0.045312500000000006 0.16458333333333333
3 0.21328125 0.7677083333333333 0.27968750000000003 0.24375
14 0.13125 0.5989583333333334 0.184375 0.16041666666666665
13 0.14765625000000002 0.921875 0.07968750000000001 0.11041666666666666
5 0.047656250000000004 0.746875 0.0921875 0.06458333333333333
15 0.0390625 0.5770833333333333 0.078125 0.11666666666666667
