20 0.51875 0.4979166666666667 0.1375 0.24583333333333332
11 0.5710937500000001 0.6458333333333334 0.2484375 0.08333333333333333
7 0.628125 0.8208333333333333 0.434375 0.2375
4 0.953125 0.8947916666666667 0.09062500000000001 0.11458333333333333
3 0.88984375 0.7041666666666666 0.21406250000000002 0.14166666666666666
6 0.7328125000000001 0.6270833333333333 0.021875000000000002 0.0875
18 0.41953125 0.546875 0.0328125 0.15625
3 0.37421875000000004 0.7333333333333333 0.2515625 0.22083333333333333
14 0.30078125 0.565625 0.1703125 0.16041666666666665
13 0.31640625 0.9093749999999999 0.08281250000000001 0.17708333333333334
5 0.22031250000000002 0.6979166666666666 0.08125 0.0625
15 0.20234375000000002 0.5364583333333334 0.1015625 0.10208333333333333
23 0.14609375 0.8614583333333333 0.1703125 0.16041666666666665
4 0.13671875 0.6302083333333334 0.0734375 0.06041666666666667
2 0.13203125000000002 0.7729166666666667 0.06406250000000001 0.14166666666666666
0 0.084375 0.5166666666666666 0.14375000000000002 0.12083333333333333
16 0.096875 0.590625 0.1125 0.07291666666666667
