6 0.5828125000000001 0.7114583333333333 0.034375 0.11458333333333333
15 0.4921875 0.6020833333333333 0.11875000000000001 0.12083333333333333
16 0.4703125 0.796875 0.15625 0.052083333333333336
19 0.4421875 0.525 0.184375 0.11666666666666667
3 0.32578125 0.6989583333333333 0.1921875 0.18958333333333333
26 0.31484375000000003 0.8302083333333333 0.0484375 0.03958333333333333
14 0.340625 0.4510416666666667 0.13125 0.11458333333333333
20 0.31640625 0.34270833333333334 0.060937500000000006 0.12291666666666666
23 0.26484375 0.5927083333333333 0.11406250000000001 0.07708333333333334
7 0.22812500000000002 0.5083333333333333 0.25 0.125
11 0.18359375 0.4166666666666667 0.0671875 0.075
6 0.1796875 0.8833333333333333 0.11875000000000001 0.12916666666666665
0 0.12812500000000002 0.7541666666666667 0.22812500000000002 0.21666666666666667
4 0.1171875 0.59375 0.065625 0.05416666666666667
2 0.16953125000000002 0.6458333333333334 0.1265625 0.06666666666666667
13 0.09140625000000001 0.546875 0.08281250000000001 0.04375
3 0.08359375000000001 0.4614583333333333 0.1453125 0.07708333333333334
