6 0.39609375 0.7145833333333333 0.0328125 0.11666666666666667
15 0.29140625000000003 0.615625 0.1234375 0.12708333333333333
16 0.28359375000000003 0.8260416666666667 0.1703125 0.04375
19 0.23359375000000002 0.5458333333333333 0.2015625 0.11666666666666667
3 0.125 0.75 0.21250000000000002 0.2375
26 0.10625000000000001 0.8958333333333334 0.05625 0.05
14 0.12187500000000001 0.48020833333333335 0.146875 0.12291666666666666
20 0.08828125 0.37083333333333335 0.07968750000000001 0.14166666666666666
23 0.055468750000000004 0.64375 0.11093750000000001 0.09583333333333333
18 0.0390625 0.4458333333333333 0.034375 0.12083333333333333
7 0.07421875 0.553125 0.1484375 0.10208333333333333
