6 0.6984375 0.7260416666666667 0.037500000000000006 0.11041666666666666
15 0.6109375 0.6041666666666666 0.115625 0.11666666666666667
16 0.5789062500000001 0.7989583333333333 0.1484375 0.06875
19 0.56484375 0.521875 0.17343750000000002 0.10208333333333333
3 0.44140625 0.6822916666666666 0.1859375 0.16875
26 0.4265625 0.8104166666666667 0.046875 0.0375
14 0.46875 0.44479166666666664 0.12187500000000001 0.11041666666666666
20 0.45078125 0.3385416666666667 0.0578125 0.12291666666666666
23 0.39140625 0.5770833333333333 0.1046875 0.0625
7 0.35859375000000004 0.4864583333333333 0.2265625 0.11875
11 0.321875 0.40520833333333334 0.059375000000000004 0.06875
6 0.3015625 0.8458333333333333 0.115625 0.12083333333333333
0 0.25390625 0.7166666666666667 0.21406250000000002 0.20416666666666666
4 0.25234375000000003 0.5604166666666667 0.060937500000000006 0.05
2 0.296875 0.6197916666666666 0.11875000000000001 0.06458333333333333
13 0.22421875000000002 0.5229166666666667 0.0734375 0.041666666666666664
3 0.22734375 0.4395833333333333 0.1421875 0.075
