6 0.50703125 0.709375 0.035937500000000004 0.11458333333333333
15 0.4140625 0.6041666666666666 0.11875000000000001 0.12083333333333333
16 0.3953125 0.803125 0.15625 0.052083333333333336
19 0.3640625 0.5302083333333333 0.184375 0.11875
3 0.24765625000000002 0.7145833333333333 0.19843750000000002 0.20416666666666666
26 0.23671875 0.85 0.0484375 0.041666666666666664
14 0.2578125 0.4583333333333333 0.1375 0.11666666666666667
20 0.2328125 0.3489583333333333 0.06875 0.12708333333333333
23 0.18515625000000002 0.60625 0.1234375 0.0875
7 0.14375000000000002 0.521875 0.25625000000000003 0.12708333333333333
11 0.09531250000000001 0.42916666666666664 0.065625 0.075
6 0.09765625 0.9135416666666667 0.1234375 0.13958333333333334
0 0.07890625000000001 0.7822916666666666 0.15781250000000002 0.22291666666666665
4 0.030468750000000003 0.6114583333333333 0.060937500000000006 0.06458333333333333
2 0.08359375000000001 0.6697916666666667 0.13593750000000002 0.06458333333333333
