6 0.73984375 0.7333333333333333 0.0421875 0.1125
15 0.6515625 0.6083333333333333 0.11875000000000001 0.11666666666666667
16 0.61640625 0.8020833333333334 0.1546875 0.08333333333333333
19 0.60546875 0.5239583333333333 0.1765625 0.10208333333333333
3 0.48046875 0.684375 0.18281250000000002 0.16041666666666665
26 0.4625 0.8083333333333333 0.046875 0.0375
14 0.5078125 0.44479166666666664 0.12187500000000001 0.11041666666666666
20 0.49296875 0.3385416666666667 0.051562500000000004 0.12291666666666666
23 0.43046875 0.575 0.1046875 0.0625
7 0.403125 0.48541666666666666 0.22187500000000002 0.125
11 0.36640625000000004 0.3989583333333333 0.0578125 0.06458333333333333
6 0.3375 0.8385416666666666 0.1125 0.11041666666666666
0 0.29609375 0.7041666666666666 0.2078125 0.19583333333333333
4 0.29765625 0.55625 0.0578125 0.05
2 0.3359375 0.6135416666666667 0.11875000000000001 0.06458333333333333
13 0.27187500000000003 0.5145833333333333 0.06875 0.04583333333333333
3 0.27265625 0.434375 0.1328125 0.07291666666666667
