6 0.39687500000000003 0.590625 0.07187500000000001 0.04375
19 0.25625000000000003 0.484375 0.171875 0.09375
43 0.22109375 0.55625 0.0421875 0.05416666666666667
47 0.2671875 0.6395833333333333 0.078125 0.041666666666666664
39 0.2171875 0.7333333333333333 0.084375 0.07083333333333333
23 0.14140625 0.6177083333333333 0.0703125 0.08125
23 0.14765625000000002 0.48020833333333335 0.07968750000000001 0.04791666666666666
11 0.11328125 0.4041666666666667 0.1484375 0.07916666666666666
15 0.08125 0.4427083333333333 0.06875 0.06875
38 0.0625 0.5625 0.034375 0.04583333333333333
27 0.07578125000000001 0.528125 0.0890625 0.035416666666666666
44 0.08125 0.75625 0.09375 0.04583333333333333
