6 0.63046875 0.59375 0.0734375 0.05416666666666667
19 0.503125 0.465625 0.15937500000000002 0.09375
43 0.46796875000000004 0.5291666666666667 0.0390625 0.04583333333333333
47 0.5015625 0.615625 0.07187500000000001 0.03958333333333333
39 0.45234375000000004 0.696875 0.0734375 0.06875
23 0.3921875 0.5760416666666667 0.0625 0.06875
23 0.40390625 0.45 0.0703125 0.0375
11 0.38046875 0.375 0.1296875 0.0625
15 0.3515625 0.40729166666666666 0.065625 0.06041666666666667
38 0.328125 0.5145833333333333 0.034375 0.041666666666666664
27 0.34218750000000003 0.48333333333333334 0.078125 0.03333333333333333
44 0.3328125 0.6927083333333334 0.084375 0.05625
4 0.265625 0.63125 0.053125000000000006 0.058333333333333334
45 0.2609375 0.546875 0.043750000000000004 0.04791666666666666
43 0.28125 0.4552083333333333 0.043750000000000004 0.03125
32 0.27968750000000003 0.37395833333333334 0.053125000000000006 0.035416666666666666
31 0.24375000000000002 0.503125 0.03125 0.03958333333333333
1 0.234375 0.396875 0.040625 0.08958333333333333
