6 0.5125000000000001 0.5885416666666666 0.06875 0.04791666666666666
19 0.38203125000000004 0.4708333333333333 0.1609375 0.09583333333333333
43 0.34765625 0.5364583333333334 0.0390625 0.04791666666666666
47 0.38828125 0.6197916666666666 0.0765625 0.03958333333333333
39 0.3359375 0.7104166666666667 0.078125 0.075
23 0.26875 0.59375 0.06875 0.075
23 0.28046875 0.46041666666666664 0.0734375 0.041666666666666664
11 0.246875 0.38958333333333334 0.140625 0.075
15 0.21640625000000002 0.42083333333333334 0.0671875 0.0625
38 0.2 0.5333333333333333 0.034375 0.041666666666666664
27 0.21406250000000002 0.5010416666666666 0.08125 0.035416666666666666
44 0.209375 0.715625 0.08750000000000001 0.04791666666666666
4 0.1375 0.6614583333333334 0.05625 0.06458333333333333
45 0.1296875 0.571875 0.043750000000000004 0.052083333333333336
43 0.14921875 0.471875 0.0484375 0.035416666666666666
32 0.14296875 0.3875 0.0578125 0.041666666666666664
31 0.109375 0.528125 0.034375 0.04375
1 0.09375 0.4145833333333333 0.046875 0.09583333333333333
