6 0.5906250000000001 0.590625 0.07187500000000001 0.052083333333333336
19 0.46171875 0.4666666666666667 0.1609375 0.09583333333333333
43 0.42812500000000003 0.5302083333333333 0.037500000000000006 0.04791666666666666
47 0.46406250000000004 0.6145833333333334 0.07187500000000001 0.041666666666666664
39 0.41484375 0.6989583333333333 0.0734375 0.06875
23 0.353125 0.5802083333333333 0.0625 0.06875
23 0.36562500000000003 0.45208333333333334 0.07187500000000001 0.0375
11 0.33828125000000003 0.37916666666666665 0.1296875 0.06666666666666667
15 0.31015625 0.409375 0.0671875 0.06458333333333333
38 0.28671875 0.5197916666666667 0.0328125 0.03958333333333333
27 0.30000000000000004 0.4895833333333333 0.078125 0.03333333333333333
44 0.2921875 0.696875 0.08125 0.052083333333333336
4 0.22265625 0.6395833333333333 0.051562500000000004 0.058333333333333334
45 0.21875 0.553125 0.043750000000000004 0.04791666666666666
43 0.23984375000000002 0.459375 0.045312500000000006 0.03125
32 0.23593750000000002 0.3770833333333333 0.05 0.0375
31 0.20078125000000002 0.5104166666666666 0.0328125 0.041666666666666664
1 0.18984375 0.40208333333333335 0.0421875 0.09166666666666666
