6 0.434375 0.5895833333333333 0.07187500000000001 0.05
19 0.2984375 0.47812499999999997 0.16562500000000002 0.09375
43 0.26484375 0.5479166666666666 0.0390625 0.05
47 0.309375 0.6302083333333334 0.078125 0.03958333333333333
39 0.2578125 0.725 0.078125 0.075
23 0.18671875000000002 0.6083333333333333 0.0703125 0.075
23 0.19375 0.4708333333333333 0.078125 0.041666666666666664
11 0.16171875000000002 0.396875 0.1453125 0.07708333333333334
15 0.12890625 0.43333333333333335 0.0734375 0.0625
38 0.1015625 0.5552083333333333 0.034375 0.04375
27 0.11484375000000001 0.5166666666666666 0.0890625 0.03333333333333333
44 0.12578125 0.7416666666666667 0.0921875 0.05
4 0.04609375 0.6875 0.0578125 0.07083333333333333
45 0.035937500000000004 0.596875 0.05 0.05625
43 0.0546875 0.490625 0.05 0.03958333333333333
32 0.04453125 0.4041666666666667 0.0578125 0.0375
31 0.01640625 0.5520833333333334 0.029687500000000002 0.04583333333333333
