6 0.6703125000000001 0.5979166666666667 0.07500000000000001 0.058333333333333334
19 0.54453125 0.46875 0.1640625 0.1
43 0.50703125 0.5270833333333333 0.0390625 0.04583333333333333
47 0.54140625 0.615625 0.0734375 0.03958333333333333
39 0.48984375 0.69375 0.0734375 0.07083333333333333
23 0.43125 0.571875 0.0625 0.06875
23 0.446875 0.4458333333333333 0.06875 0.0375
11 0.4234375 0.371875 0.12812500000000002 0.06041666666666667
15 0.39296875000000003 0.403125 0.06406250000000001 0.06041666666666667
38 0.36796875 0.5114583333333333 0.0328125 0.03958333333333333
27 0.38203125000000004 0.48020833333333335 0.0765625 0.03125
44 0.37265625 0.6864583333333333 0.08281250000000001 0.05625
4 0.3046875 0.6239583333333333 0.053125000000000006 0.05625
45 0.30546875 0.540625 0.0421875 0.04791666666666666
43 0.32343750000000004 0.45 0.043750000000000004 0.03333333333333333
32 0.32265625000000003 0.3697916666666667 0.051562500000000004 0.035416666666666666
31 0.28750000000000003 0.496875 0.03125 0.03958333333333333
1 0.27890625 0.39166666666666666 0.0390625 0.0875
