6 0.47421875 0.5875 0.0703125 0.05
19 0.340625 0.4739583333333333 0.16562500000000002 0.09791666666666667
43 0.30703125000000003 0.5427083333333333 0.0390625 0.04791666666666666
47 0.34921875 0.6239583333333333 0.0765625 0.03958333333333333
39 0.296875 0.7166666666666667 0.078125 0.075
23 0.22968750000000002 0.5979166666666667 0.06875 0.075
23 0.23828125 0.465625 0.0765625 0.04375
11 0.20703125 0.39166666666666666 0.1421875 0.075
15 0.17578125 0.42604166666666665 0.0671875 0.06458333333333333
38 0.1546875 0.540625 0.037500000000000006 0.04375
27 0.15390625000000002 0.5083333333333333 0.0890625 0.03333333333333333
44 0.1703125 0.7270833333333333 0.08750000000000001 0.05
4 0.09296875 0.6739583333333333 0.0546875 0.06875
45 0.08359375000000001 0.5833333333333334 0.0484375 0.05416666666666667
43 0.10390625 0.48020833333333335 0.051562500000000004 0.03958333333333333
32 0.09609375 0.3958333333333333 0.060937500000000006 0.0375
31 0.06015625 0.540625 0.035937500000000004 0.04375
1 0.043750000000000004 0.4239583333333333 0.05 0.10208333333333333
