4 0.921875 0.6854166666666667 0.07187500000000001 0.0625
5 0.8695312500000001 0.5333333333333333 0.0921875 0.0375
3 0.8070312500000001 0.5958333333333333 0.2171875 0.10833333333333334
11 0.784375 0.759375 0.184375 0.23124999999999998
6 0.7351562500000001 0.9458333333333333 0.1453125 0.10833333333333334
6 0.55703125 0.6447916666666667 0.0859375 0.06458333333333333
8 0.7210937500000001 0.490625 0.045312500000000006 0.06875
2 0.7718750000000001 0.4635416666666667 0.06875 0.04375
10 0.8796875000000001 0.4614583333333333 0.046875 0.10208333333333333
1 0.87109375 0.42083333333333334 0.0484375 0.10416666666666667
0 0.6648437500000001 0.40208333333333335 0.11093750000000001 0.08333333333333333
7 0.625 0.5114583333333333 0.12187500000000001 0.16875
3 0.7937500000000001 0.4083333333333333 0.13125 0.06666666666666667
3 0.49609375 0.8291666666666666 0.22968750000000002 0.25
9 0.5625 0.4 0.078125 0.19166666666666665
