5 0.95859375 0.553125 0.08281250000000001 0.03958333333333333
3 0.8914062500000001 0.6104166666666666 0.2171875 0.12916666666666665
11 0.8679687500000001 0.784375 0.1921875 0.26458333333333334
6 0.796875 0.9562499999999999 0.115625 0.0875
6 0.6351562500000001 0.6489583333333333 0.0890625 0.06458333333333333
8 0.8093750000000001 0.5041666666666667 0.05 0.07083333333333333
2 0.8640625000000001 0.47604166666666664 0.07500000000000001 0.04375
10 0.9750000000000001 0.4791666666666667 0.046875 0.10833333333333334
1 0.971875 0.4375 0.05 0.10833333333333334
0 0.759375 0.409375 0.125 0.08958333333333333
7 0.70859375 0.521875 0.1328125 0.16875
3 0.88984375 0.42291666666666666 0.1390625 0.075
3 0.56875 0.8302083333333333 0.246875 0.27291666666666664
9 0.64453125 0.4041666666666667 0.07968750000000001 0.19583333333333333
