4 0.9 0.90625 0.109375 0.11666666666666667
12 0.8187500000000001 0.6666666666666666 0.096875 0.22916666666666666
4 0.7445312500000001 0.6416666666666666 0.060937500000000006 0.0625
5 0.6953125 0.5072916666666667 0.08125 0.03125
3 0.6421875 0.5708333333333333 0.2 0.0875
11 0.6257812500000001 0.734375 0.18281250000000002 0.22291666666666665
6 0.60078125 0.9322916666666666 0.15156250000000002 0.11875
6 0.40468750000000003 0.646875 0.08750000000000001 0.07291666666666667
8 0.5578125 0.48020833333333335 0.043750000000000004 0.06875
2 0.6046875 0.44895833333333335 0.0625 0.03958333333333333
10 0.7000000000000001 0.43645833333333334 0.037500000000000006 0.09375
1 0.69140625 0.403125 0.035937500000000004 0.10208333333333333
0 0.5078125 0.3958333333333333 0.1125 0.08333333333333333
7 0.46718750000000003 0.5052083333333334 0.11875000000000001 0.16875
3 0.62109375 0.39375 0.1171875 0.06666666666666667
3 0.35234375 0.8385416666666666 0.2328125 0.25625
9 0.4 0.40208333333333335 0.08750000000000001 0.19166666666666665
