4 0.9640625 0.7010416666666667 0.06875 0.06041666666666667
5 0.9171875 0.5427083333333333 0.09375 0.03958333333333333
3 0.8546875 0.6041666666666666 0.225 0.125
11 0.8250000000000001 0.7708333333333334 0.19062500000000002 0.25416666666666665
6 0.765625 0.9489583333333333 0.13125 0.10208333333333333
6 0.5945312500000001 0.6447916666666667 0.0890625 0.06458333333333333
8 0.765625 0.496875 0.046875 0.06875
2 0.81171875 0.46875 0.0671875 0.041666666666666664
10 0.9281250000000001 0.46770833333333334 0.05 0.10625
1 0.9203125000000001 0.4270833333333333 0.05 0.10833333333333334
0 0.7156250000000001 0.4041666666666667 0.11875000000000001 0.0875
7 0.6671875 0.515625 0.12812500000000002 0.16875
3 0.8421875000000001 0.41354166666666664 0.134375 0.06875
3 0.5320312500000001 0.8291666666666666 0.22968750000000002 0.25
9 0.6039062500000001 0.4010416666666667 0.07968750000000001 0.18958333333333333
