12 0.9484375 0.703125 0.096875 0.24791666666666667
4 0.8757812500000001 0.6729166666666666 0.0671875 0.0625
5 0.8210937500000001 0.5229166666666667 0.0859375 0.029166666666666667
3 0.7640625000000001 0.5864583333333333 0.21250000000000002 0.10208333333333333
11 0.7445312500000001 0.7489583333333333 0.1859375 0.23124999999999998
6 0.7054687500000001 0.9406249999999999 0.1609375 0.11875
6 0.51953125 0.6427083333333333 0.0859375 0.06458333333333333
8 0.6804687500000001 0.4864583333333333 0.045312500000000006 0.06875
2 0.73046875 0.45625 0.0671875 0.041666666666666664
10 0.8343750000000001 0.45416666666666666 0.043750000000000004 0.1
1 0.8265625000000001 0.41354166666666664 0.043750000000000004 0.10208333333333333
0 0.6257812500000001 0.39791666666666664 0.11093750000000001 0.08333333333333333
7 0.58515625 0.5072916666666667 0.1234375 0.16875
3 0.7468750000000001 0.403125 0.11875000000000001 0.06458333333333333
3 0.45937500000000003 0.828125 0.22812500000000002 0.24791666666666667
9 0.521875 0.4010416666666667 0.078125 0.18958333333333333
