4 0.81640625 0.875 0.1015625 0.10416666666666667
12 0.73359375 0.6479166666666667 0.0890625 0.225
4 0.6640625 0.6291666666666667 0.059375000000000004 0.0625
5 0.6125 0.5 0.078125 0.025
3 0.56015625 0.5666666666666667 0.1953125 0.09583333333333333
11 0.5515625000000001 0.7302083333333333 0.18125000000000002 0.22291666666666665
6 0.5296875 0.9302083333333333 0.15000000000000002 0.10208333333333333
6 0.32656250000000003 0.6552083333333333 0.09062500000000001 0.07708333333333334
8 0.4765625 0.48020833333333335 0.043750000000000004 0.06875
2 0.52265625 0.44687499999999997 0.060937500000000006 0.04375
10 0.61640625 0.4322916666666667 0.0328125 0.09375
1 0.6062500000000001 0.3989583333333333 0.03125 0.10208333333333333
0 0.42500000000000004 0.39479166666666665 0.1125 0.08125
7 0.3875 0.5083333333333333 0.12187500000000001 0.16666666666666666
3 0.53828125 0.3885416666666667 0.11406250000000001 0.06458333333333333
3 0.28125 0.8572916666666667 0.240625 0.27708333333333335
9 0.31640625 0.409375 0.0859375 0.19375
