12 0.9078125 0.6864583333333333 0.10312500000000001 0.24375
4 0.8304687500000001 0.6625 0.0671875 0.0625
5 0.7820312500000001 0.5177083333333333 0.0859375 0.03125
3 0.72265625 0.5791666666666666 0.2078125 0.09583333333333333
11 0.70078125 0.7427083333333333 0.18281250000000002 0.22291666666666665
6 0.6726562500000001 0.9385416666666666 0.15156250000000002 0.11875
6 0.48125 0.6416666666666666 0.08750000000000001 0.06666666666666667
8 0.63828125 0.48333333333333334 0.045312500000000006 0.07083333333333333
2 0.6828125 0.45729166666666665 0.0625 0.03958333333333333
10 0.78828125 0.44687499999999997 0.0421875 0.09791666666666667
1 0.7796875000000001 0.409375 0.037500000000000006 0.10208333333333333
0 0.5867187500000001 0.3958333333333333 0.11093750000000001 0.08333333333333333
7 0.54609375 0.5052083333333334 0.1171875 0.16458333333333333
3 0.70859375 0.39791666666666664 0.1203125 0.06666666666666667
3 0.42421875000000003 0.8302083333333333 0.2265625 0.23541666666666666
9 0.48125 0.4010416666666667 0.078125 0.18958333333333333
