4 0.85859375 0.8895833333333333 0.1078125 0.1125
12 0.7757812500000001 0.65625 0.0921875 0.225
4 0.7046875 0.6354166666666666 0.0625 0.0625
5 0.6531250000000001 0.503125 0.078125 0.027083333333333334
3 0.59921875 0.56875 0.1953125 0.09583333333333333
11 0.5890625 0.7302083333333333 0.178125 0.21875
6 0.56484375 0.9302083333333333 0.1484375 0.10208333333333333
6 0.36562500000000003 0.6520833333333333 0.09062500000000001 0.075
8 0.5171875 0.47812499999999997 0.043750000000000004 0.06875
2 0.5640625 0.44687499999999997 0.0625 0.03958333333333333
10 0.65546875 0.434375 0.0328125 0.09375
1 0.64765625 0.3989583333333333 0.035937500000000004 0.10208333333333333
0 0.46718750000000003 0.39479166666666665 0.1125 0.08541666666666667
7 0.4265625 0.50625 0.12187500000000001 0.16666666666666666
3 0.57734375 0.38958333333333334 0.11406250000000001 0.0625
3 0.3203125 0.8510416666666667 0.240625 0.27708333333333335
9 0.35546875 0.4041666666666667 0.0859375 0.19166666666666665
