34 0.37890625 0.42916666666666664 0.1015625 0.2875
36 0.39296875000000003 0.5958333333333333 0.0703125 0.09583333333333333
37 0.3015625 0.6979166666666666 0.059375000000000004 0.07916666666666666
19 0.21875 0.60625 0.240625 0.1
0 0.26640625 0.4708333333333333 0.11093750000000001 0.1125
12 0.18984375 0.40208333333333335 0.06406250000000001 0.12916666666666665
34 0.19140625 0.303125 0.1265625 0.17708333333333334
28 0.11953125 0.765625 0.08281250000000001 0.08125
50 0.10234375000000001 0.4479166666666667 0.0890625 0.041666666666666664
47 0.11640625 0.3854166666666667 0.060937500000000006 0.03333333333333333
41 0.07187500000000001 0.5729166666666666 0.14375000000000002 0.09583333333333333
2 0.10234375000000001 0.5072916666666667 0.0703125 0.052083333333333336
13 0.0890625 0.7052083333333333 0.059375000000000004 0.09791666666666667
