34 0.33437500000000003 0.43333333333333335 0.12187500000000001 0.2916666666666667
36 0.353125 0.6010416666666667 0.07187500000000001 0.09791666666666667
37 0.2625 0.70625 0.059375000000000004 0.07916666666666666
19 0.1765625 0.6104166666666666 0.234375 0.10833333333333334
0 0.21796875000000002 0.4770833333333333 0.1203125 0.11666666666666667
12 0.13515625 0.409375 0.0671875 0.13541666666666666
34 0.13671875 0.3052083333333333 0.13593750000000002 0.18125
28 0.08046875 0.778125 0.08281250000000001 0.08125
50 0.05234375 0.45729166666666665 0.0921875 0.04791666666666666
47 0.06640625 0.39375 0.060937500000000006 0.03333333333333333
41 0.05 0.584375 0.1 0.09375
2 0.05390625 0.5177083333333333 0.0734375 0.052083333333333336
