34 0.8484375000000001 0.45416666666666666 0.115625 0.3208333333333333
36 0.8382812500000001 0.63125 0.07968750000000001 0.10416666666666667
37 0.7250000000000001 0.7 0.059375000000000004 0.075
19 0.6687500000000001 0.5916666666666667 0.21250000000000002 0.1375
0 0.7203125 0.46875 0.115625 0.10416666666666667
12 0.6585937500000001 0.3875 0.060937500000000006 0.12083333333333333
34 0.6781250000000001 0.29375 0.10625000000000001 0.17916666666666667
28 0.5609375 0.6927083333333334 0.06875 0.06458333333333333
50 0.5734375 0.41354166666666664 0.07500000000000001 0.04791666666666666
47 0.59375 0.3572916666666667 0.05 0.04375
41 0.534375 0.5135416666666667 0.13125 0.07291666666666667
2 0.5671875000000001 0.46458333333333335 0.0625 0.0375
13 0.53359375 0.6385416666666667 0.060937500000000006 0.08541666666666667
30 0.49609375 0.3729166666666667 0.0546875 0.11666666666666667
42 0.5453125 0.359375 0.028125 0.035416666666666666
