34 0.45937500000000003 0.42604166666666665 0.1 0.2895833333333333
36 0.47187500000000004 0.5916666666666667 0.06875 0.09583333333333333
37 0.37812500000000004 0.6854166666666667 0.059375000000000004 0.07916666666666666
19 0.296875 0.5916666666666667 0.240625 0.1
0 0.3484375 0.46249999999999997 0.10625000000000001 0.1125
12 0.278125 0.3927083333333333 0.065625 0.12291666666666666
34 0.28203125 0.29583333333333334 0.1171875 0.175
28 0.21328125 0.73125 0.07968750000000001 0.075
50 0.1953125 0.43333333333333335 0.084375 0.04583333333333333
47 0.2109375 0.375 0.05625 0.03333333333333333
41 0.1609375 0.5520833333333334 0.146875 0.0875
2 0.19296875000000002 0.490625 0.0671875 0.04791666666666666
13 0.178125 0.68125 0.0625 0.1
30 0.10078125 0.4041666666666667 0.0734375 0.12916666666666665
42 0.15546875000000002 0.38125 0.029687500000000002 0.0375
