34 0.540625 0.42604166666666665 0.08750000000000001 0.2895833333333333
36 0.5484375 0.5916666666666667 0.07187500000000001 0.09583333333333333
37 0.45546875000000003 0.68125 0.0578125 0.075
19 0.38906250000000003 0.58125 0.209375 0.11666666666666667
0 0.43046875 0.459375 0.1078125 0.11041666666666666
12 0.36484375 0.3854166666666667 0.051562500000000004 0.125
34 0.36640625000000004 0.290625 0.11093750000000001 0.17291666666666666
28 0.29609375 0.7135416666666666 0.0734375 0.06875
50 0.2734375 0.42291666666666666 0.084375 0.04583333333333333
47 0.30078125 0.3645833333333333 0.0484375 0.0375
41 0.2484375 0.5354166666666667 0.140625 0.08333333333333333
2 0.27890625 0.47812499999999997 0.0671875 0.04375
13 0.26171875 0.6614583333333334 0.060937500000000006 0.08958333333333333
30 0.1921875 0.3927083333333333 0.06875 0.12708333333333333
42 0.246875 0.371875 0.028125 0.035416666666666666
