34 0.7562500000000001 0.4427083333333333 0.10312500000000001 0.3104166666666667
36 0.7507812500000001 0.6135416666666667 0.07968750000000001 0.09791666666666667
37 0.6453125000000001 0.6864583333333333 0.05625 0.07708333333333334
19 0.5875 0.58125 0.20625000000000002 0.12916666666666665
0 0.6351562500000001 0.46041666666666664 0.11093750000000001 0.10416666666666667
12 0.5734375 0.3833333333333333 0.05625 0.12083333333333333
34 0.58828125 0.29270833333333335 0.1078125 0.17708333333333334
28 0.48671875000000003 0.6927083333333334 0.0703125 0.06458333333333333
50 0.48281250000000003 0.4125 0.078125 0.04583333333333333
47 0.509375 0.35520833333333335 0.05 0.04375
41 0.4546875 0.5145833333333333 0.13125 0.075
2 0.48515625 0.46458333333333335 0.06406250000000001 0.04583333333333333
13 0.45625000000000004 0.6375 0.059375000000000004 0.0875
30 0.41250000000000003 0.3729166666666667 0.05625 0.12083333333333333
42 0.4609375 0.3572916666666667 0.028125 0.035416666666666666
