34 0.6609375000000001 0.4322916666666667 0.084375 0.28541666666666665
36 0.6664062500000001 0.6 0.0703125 0.09583333333333333
37 0.56796875 0.68125 0.0578125 0.075
19 0.50625 0.5802083333333333 0.203125 0.11458333333333333
0 0.55 0.45729166666666665 0.10312500000000001 0.10625
12 0.48203125 0.3833333333333333 0.051562500000000004 0.125
34 0.49375 0.28854166666666664 0.109375 0.17291666666666666
28 0.41171875 0.6947916666666667 0.0734375 0.06875
50 0.40468750000000003 0.4145833333333333 0.078125 0.04583333333333333
47 0.41328125000000004 0.359375 0.0484375 0.035416666666666666
41 0.36562500000000003 0.521875 0.140625 0.08125
2 0.39687500000000003 0.46979166666666666 0.065625 0.04375
13 0.3796875 0.6427083333333333 0.059375000000000004 0.08958333333333333
30 0.3171875 0.3802083333333333 0.0625 0.12291666666666666
42 0.36953125000000003 0.3614583333333333 0.026562500000000003 0.035416666666666666
