34 0.80234375 0.44687499999999997 0.1078125 0.3145833333333333
36 0.7937500000000001 0.621875 0.07500000000000001 0.10208333333333333
37 0.68359375 0.6927083333333334 0.0578125 0.07708333333333334
19 0.6265625 0.5833333333333334 0.20625000000000002 0.12916666666666665
0 0.675 0.46458333333333335 0.109375 0.10416666666666667
12 0.6156250000000001 0.3854166666666667 0.059375000000000004 0.12083333333333333
34 0.6328125 0.29375 0.10625000000000001 0.175
28 0.525 0.6927083333333334 0.06875 0.06458333333333333
50 0.53359375 0.4125 0.0765625 0.05
47 0.5515625000000001 0.35625 0.05 0.041666666666666664
41 0.49531250000000004 0.5135416666666667 0.13125 0.07291666666666667
2 0.525 0.46458333333333335 0.065625 0.04583333333333333
13 0.49453125000000003 0.6375 0.0578125 0.0875
30 0.45156250000000003 0.371875 0.05625 0.11875
42 0.5015625 0.3572916666666667 0.028125 0.035416666666666666
