23 0.47500000000000003 0.5885416666666666 0.10312500000000001 0.06458333333333333
27 0.3171875 0.7010416666666667 0.05625 0.09375
39 0.26796875000000003 0.634375 0.0734375 0.052083333333333336
43 0.29453125 0.553125 0.0421875 0.052083333333333336
44 0.37343750000000003 0.546875 0.053125000000000006 0.06458333333333333
11 0.2890625 0.5114583333333333 0.23750000000000002 0.11041666666666666
15 0.2078125 0.428125 0.07187500000000001 0.06875
38 0.153125 0.6885416666666666 0.043750000000000004 0.05625
4 0.16718750000000002 0.7760416666666666 0.09375 0.07708333333333334
45 0.20078125000000002 0.37083333333333335 0.026562500000000003 0.03333333333333333
1 0.1171875 0.4322916666666667 0.043750000000000004 0.10208333333333333
47 0.08046875 0.6270833333333333 0.0734375 0.05
31 0.07890625000000001 0.684375 0.051562500000000004 0.05625
19 0.08046875 0.5520833333333334 0.1609375 0.13333333333333333
42 0.025 0.48854166666666665 0.046875 0.04791666666666666
