23 0.7132812500000001 0.6 0.1078125 0.05
27 0.5453125 0.6854166666666667 0.05625 0.0875
39 0.5109375 0.609375 0.06875 0.052083333333333336
43 0.534375 0.5385416666666667 0.040625 0.04791666666666666
44 0.6078125000000001 0.5479166666666666 0.053125000000000006 0.05416666666666667
11 0.5375 0.4927083333333333 0.225 0.08125
15 0.46484375 0.4114583333333333 0.06406250000000001 0.06041666666666667
38 0.39765625000000004 0.6427083333333333 0.0390625 0.052083333333333336
4 0.40703125 0.7229166666666667 0.07968750000000001 0.058333333333333334
1 0.38125000000000003 0.4041666666666667 0.034375 0.09583333333333333
47 0.34140625 0.5760416666666667 0.0671875 0.03958333333333333
31 0.3359375 0.6229166666666667 0.043750000000000004 0.04583333333333333
19 0.3328125 0.5052083333333334 0.15000000000000002 0.10625
42 0.3015625 0.44375 0.043750000000000004 0.041666666666666664
