23 0.39765625000000004 0.5916666666666667 0.1046875 0.07083333333333333
27 0.23671875 0.7197916666666666 0.0578125 0.10208333333333333
39 0.18984375 0.65 0.0734375 0.05416666666666667
43 0.209375 0.5729166666666666 0.05 0.058333333333333334
44 0.29453125 0.5552083333333333 0.0546875 0.06458333333333333
11 0.20546875 0.5239583333333333 0.24531250000000002 0.11875
15 0.115625 0.44479166666666664 0.07187500000000001 0.06875
38 0.06328125 0.7177083333333333 0.045312500000000006 0.05625
4 0.08281250000000001 0.80625 0.08750000000000001 0.0875
45 0.1078125 0.3802083333333333 0.025 0.035416666666666666
1 0.02109375 0.453125 0.0421875 0.10625
