23 0.8828125 0.6333333333333333 0.11875000000000001 0.05416666666666667
27 0.6960937500000001 0.6979166666666666 0.0578125 0.0875
39 0.66328125 0.6197916666666666 0.0671875 0.05625
43 0.69140625 0.55 0.0390625 0.05416666666666667
44 0.7734375 0.5645833333333333 0.05625 0.05
11 0.70078125 0.5020833333333333 0.23593750000000002 0.0625
15 0.6273437500000001 0.41354166666666664 0.06406250000000001 0.06041666666666667
38 0.54921875 0.6395833333333333 0.035937500000000004 0.05
4 0.553125 0.7197916666666666 0.078125 0.05625
1 0.54453125 0.4010416666666667 0.029687500000000002 0.09375
47 0.496875 0.5645833333333333 0.0625 0.03333333333333333
31 0.48750000000000004 0.6145833333333334 0.043750000000000004 0.041666666666666664
19 0.49296875 0.49583333333333335 0.1453125 0.09166666666666666
42 0.46328125000000003 0.43645833333333334 0.0390625 0.03958333333333333
