23 0.79453125 0.6125 0.11093750000000001 0.04583333333333333
27 0.62109375 0.690625 0.0546875 0.08541666666666667
39 0.58984375 0.6125 0.0671875 0.05
43 0.6125 0.54375 0.040625 0.05
44 0.6890625 0.5520833333333334 0.053125000000000006 0.05
11 0.61640625 0.496875 0.2234375 0.08125
15 0.5437500000000001 0.41041666666666665 0.0625 0.058333333333333334
38 0.47500000000000003 0.6364583333333333 0.034375 0.052083333333333336
4 0.48281250000000003 0.7197916666666666 0.078125 0.05625
1 0.46406250000000004 0.4 0.034375 0.09166666666666666
47 0.42109375000000004 0.5666666666666667 0.06406250000000001 0.0375
31 0.415625 0.615625 0.043750000000000004 0.04375
19 0.41250000000000003 0.5 0.146875 0.10416666666666667
42 0.38203125000000004 0.43645833333333334 0.0421875 0.03958333333333333
