23 0.75546875 0.60625 0.11093750000000001 0.04583333333333333
27 0.58359375 0.6864583333333333 0.0546875 0.08541666666666667
39 0.55078125 0.6104166666666666 0.0671875 0.05
43 0.5734375 0.5416666666666666 0.040625 0.05
44 0.65 0.546875 0.053125000000000006 0.052083333333333336
11 0.57734375 0.4947916666666667 0.2234375 0.08125
15 0.5046875000000001 0.41041666666666665 0.0625 0.058333333333333334
38 0.4375 0.6416666666666666 0.034375 0.05416666666666667
4 0.4453125 0.7208333333333333 0.078125 0.058333333333333334
1 0.42421875000000003 0.40208333333333335 0.035937500000000004 0.09166666666666666
47 0.3828125 0.5708333333333333 0.065625 0.0375
31 0.37578125 0.61875 0.045312500000000006 0.04583333333333333
19 0.37421875000000004 0.5020833333333333 0.1484375 0.10416666666666667
42 0.34375 0.4395833333333333 0.043750000000000004 0.041666666666666664
