23 0.5921875 0.5885416666666666 0.10312500000000001 0.06041666666666667
27 0.43203125000000003 0.6875 0.0578125 0.09166666666666666
39 0.39375000000000004 0.6177083333333333 0.06875 0.04791666666666666
43 0.41640625000000003 0.540625 0.0421875 0.052083333333333336
44 0.49062500000000003 0.54375 0.053125000000000006 0.05416666666666667
11 0.415625 0.49895833333333334 0.225 0.09375
15 0.33984375 0.4166666666666667 0.06406250000000001 0.0625
38 0.27890625 0.659375 0.0421875 0.05625
4 0.29140625000000003 0.740625 0.0859375 0.06875
45 0.3328125 0.3572916666666667 0.025 0.035416666666666666
1 0.253125 0.4145833333333333 0.040625 0.10416666666666667
47 0.21250000000000002 0.596875 0.06875 0.04375
31 0.21328125 0.6447916666666667 0.0484375 0.04791666666666666
19 0.20546875 0.521875 0.1609375 0.11875
42 0.16015625 0.46249999999999997 0.045312500000000006 0.04583333333333333
6 0.1640625 0.4322916666666667 0.040625 0.035416666666666666
