23 0.6703125000000001 0.5947916666666666 0.10312500000000001 0.06041666666666667
27 0.50703125 0.6854166666666667 0.0578125 0.09166666666666666
39 0.47187500000000004 0.6114583333333333 0.06875 0.04791666666666666
43 0.44140625 0.5489583333333333 0.0390625 0.04791666666666666
44 0.56875 0.54375 0.053125000000000006 0.05416666666666667
11 0.49531250000000004 0.4979166666666667 0.225 0.0875
15 0.42031250000000003 0.41354166666666664 0.065625 0.06041666666666667
38 0.35703125 0.6447916666666667 0.0421875 0.05625
4 0.36796875 0.7260416666666667 0.0859375 0.06875
45 0.41875 0.353125 0.025 0.03125
1 0.340625 0.40625 0.037500000000000006 0.09583333333333333
47 0.290625 0.5822916666666667 0.06875 0.04375
31 0.2921875 0.628125 0.046875 0.04791666666666666
19 0.28750000000000003 0.509375 0.15625 0.11041666666666666
42 0.2546875 0.45208333333333334 0.040625 0.041666666666666664
6 0.25 0.421875 0.037500000000000006 0.035416666666666666
