23 0.5140625 0.5864583333333333 0.10312500000000001 0.06041666666666667
27 0.35625 0.6947916666666667 0.05625 0.09375
39 0.31562500000000004 0.625 0.06875 0.05
43 0.33515625000000004 0.546875 0.0421875 0.052083333333333336
44 0.41250000000000003 0.5458333333333333 0.053125000000000006 0.05416666666666667
11 0.328125 0.5072916666666667 0.23750000000000002 0.11041666666666666
15 0.25390625 0.425 0.0671875 0.06666666666666667
38 0.19609375 0.6760416666666667 0.0421875 0.05625
4 0.209375 0.7604166666666666 0.08750000000000001 0.075
45 0.24531250000000002 0.365625 0.025 0.035416666666666666
1 0.16328125000000002 0.425 0.045312500000000006 0.1
47 0.12890625 0.615625 0.0703125 0.04791666666666666
31 0.11796875000000001 0.6708333333333333 0.051562500000000004 0.05416666666666667
19 0.11640625 0.540625 0.17343750000000002 0.12708333333333333
42 0.07500000000000001 0.47812499999999997 0.046875 0.04791666666666666
