23 0.35859375000000004 0.5958333333333333 0.1046875 0.07083333333333333
27 0.1953125 0.7302083333333333 0.0625 0.10625
39 0.14609375 0.6604166666666667 0.0765625 0.05416666666666667
43 0.16640625 0.5791666666666666 0.0484375 0.058333333333333334
44 0.25078125 0.5614583333333333 0.0546875 0.06458333333333333
11 0.15937500000000002 0.5322916666666666 0.253125 0.12291666666666666
15 0.065625 0.453125 0.078125 0.07291666666666667
38 0.0203125 0.7333333333333333 0.040625 0.0625
4 0.043750000000000004 0.8208333333333333 0.08750000000000001 0.0875
45 0.057031250000000006 0.390625 0.029687500000000002 0.035416666666666666
