4 0.30078125 0.7010416666666667 0.0765625 0.06875
3 0.39609375 0.8291666666666666 0.29531250000000003 0.24583333333333332
6 0.5484375 0.721875 0.10312500000000001 0.09791666666666667
25 0.7054687500000001 0.7875 0.060937500000000006 0.075
26 0.7742187500000001 0.70625 0.0390625 0.03333333333333333
8 0.6265625 0.6447916666666667 0.0625 0.09375
7 0.54921875 0.5427083333333333 0.1265625 0.16041666666666665
11 0.69296875 0.5541666666666667 0.1421875 0.125
22 0.60859375 0.4510416666666667 0.035937500000000004 0.06458333333333333
5 0.66953125 0.46458333333333335 0.0484375 0.041666666666666664
3 0.6179687500000001 0.3958333333333333 0.13593750000000002 0.05416666666666667
24 0.6578125 0.425 0.025 0.03333333333333333
4 0.634375 0.36041666666666666 0.040625 0.025
9 0.40625 0.5416666666666666 0.11875000000000001 0.24166666666666667
12 0.45937500000000003 0.4947916666666667 0.065625 0.17291666666666666
6 0.43593750000000003 0.37083333333333335 0.043750000000000004 0.03333333333333333
1 0.51328125 0.3364583333333333 0.029687500000000002 0.08541666666666667
10 0.50625 0.3645833333333333 0.028125 0.075
3 0.4390625 0.41562499999999997 0.15625 0.05625
23 0.5437500000000001 0.42604166666666665 0.05625 0.04375
