4 0.6062500000000001 0.6864583333333333 0.078125 0.06875
3 0.6937500000000001 0.825 0.30000000000000004 0.20416666666666666
6 0.8601562500000001 0.778125 0.1171875 0.12291666666666666
8 0.9617187500000001 0.715625 0.0734375 0.11041666666666666
7 0.88671875 0.5864583333333333 0.13593750000000002 0.19791666666666666
22 0.9656250000000001 0.4979166666666667 0.043750000000000004 0.07083333333333333
3 0.95078125 0.43333333333333335 0.09531250000000001 0.06666666666666667
9 0.72578125 0.5541666666666667 0.1328125 0.24583333333333332
12 0.79296875 0.515625 0.0703125 0.18541666666666667
6 0.7757812500000001 0.3833333333333333 0.0484375 0.03333333333333333
1 0.8703125 0.359375 0.034375 0.09375
10 0.85703125 0.3885416666666667 0.035937500000000004 0.08125
3 0.7781250000000001 0.4302083333333333 0.15937500000000002 0.06458333333333333
23 0.8921875 0.459375 0.07187500000000001 0.052083333333333336
