4 0.21953125 0.7197916666666666 0.0890625 0.07291666666666667
3 0.31796875 0.8416666666666667 0.3140625 0.2708333333333333
6 0.47500000000000003 0.7229166666666667 0.10312500000000001 0.09166666666666666
25 0.62890625 0.775 0.060937500000000006 0.075
26 0.69453125 0.6895833333333333 0.0390625 0.03333333333333333
8 0.54921875 0.6364583333333333 0.0578125 0.08958333333333333
7 0.46953125 0.5427083333333333 0.1296875 0.16041666666666665
11 0.609375 0.5458333333333333 0.13125 0.12083333333333333
22 0.525 0.4479166666666667 0.034375 0.0625
5 0.58359375 0.4635416666666667 0.0421875 0.03958333333333333
3 0.534375 0.39375 0.13125 0.04583333333333333
24 0.57265625 0.4197916666666667 0.0234375 0.03125
4 0.5476562500000001 0.359375 0.0390625 0.022916666666666665
9 0.3203125 0.5552083333333333 0.12812500000000002 0.2520833333333333
12 0.37812500000000004 0.5010416666666666 0.07500000000000001 0.17291666666666666
6 0.35000000000000003 0.375 0.043750000000000004 0.03333333333333333
1 0.42812500000000003 0.3375 0.028125 0.08333333333333333
10 0.42265625 0.36875 0.026562500000000003 0.075
3 0.35703125 0.41875 0.1609375 0.058333333333333334
23 0.46171875 0.42604166666666665 0.0546875 0.04375
