4 0.41640625000000003 0.6854166666666667 0.0765625 0.06666666666666667
3 0.50546875 0.8177083333333334 0.2890625 0.21875
6 0.6609375000000001 0.7302083333333333 0.10312500000000001 0.10208333333333333
25 0.82421875 0.8177083333333334 0.06406250000000001 0.07708333333333334
26 0.9031250000000001 0.740625 0.040625 0.03958333333333333
8 0.74375 0.65625 0.0625 0.09166666666666666
7 0.66796875 0.5510416666666667 0.1234375 0.16875
11 0.821875 0.5739583333333333 0.14375000000000002 0.14375
22 0.73359375 0.4583333333333333 0.0390625 0.0625
5 0.7976562500000001 0.48125 0.0484375 0.0375
3 0.7484375000000001 0.40625 0.14375000000000002 0.058333333333333334
24 0.7890625 0.4375 0.025 0.03333333333333333
4 0.76484375 0.3697916666666667 0.045312500000000006 0.027083333333333334
9 0.5242187500000001 0.5395833333333333 0.1171875 0.24166666666666667
12 0.58125 0.496875 0.065625 0.17291666666666666
6 0.56015625 0.3697916666666667 0.0421875 0.03125
1 0.640625 0.340625 0.028125 0.08541666666666667
10 0.63203125 0.36875 0.026562500000000003 0.075
3 0.56015625 0.4166666666666667 0.15781250000000002 0.058333333333333334
23 0.6664062500000001 0.43333333333333335 0.0578125 0.04583333333333333
