4 0.33984375 0.6947916666666667 0.0765625 0.06875
3 0.43203125000000003 0.825 0.29531250000000003 0.24583333333333332
6 0.5867187500000001 0.721875 0.1046875 0.09791666666666667
25 0.74375 0.7958333333333333 0.0625 0.075
26 0.8148437500000001 0.7145833333333333 0.0390625 0.03333333333333333
8 0.665625 0.6479166666666667 0.0625 0.09166666666666666
7 0.58828125 0.5427083333333333 0.1265625 0.16041666666666665
11 0.734375 0.5583333333333333 0.140625 0.12916666666666665
22 0.64765625 0.45208333333333334 0.035937500000000004 0.0625
5 0.7093750000000001 0.4708333333333333 0.046875 0.041666666666666664
3 0.6585937500000001 0.39791666666666664 0.13593750000000002 0.05416666666666667
24 0.69921875 0.42916666666666664 0.0234375 0.03333333333333333
4 0.6765625000000001 0.3625 0.040625 0.025
9 0.44609375 0.5395833333333333 0.1171875 0.24166666666666667
12 0.49921875000000004 0.49374999999999997 0.06406250000000001 0.17083333333333334
6 0.47968750000000004 0.36875 0.043750000000000004 0.03333333333333333
1 0.5554687500000001 0.3375 0.029687500000000002 0.08333333333333333
10 0.546875 0.3645833333333333 0.028125 0.075
3 0.478125 0.41562499999999997 0.15625 0.05625
23 0.58515625 0.4270833333333333 0.0578125 0.041666666666666664
