4 0.6453125000000001 0.690625 0.078125 0.06875
3 0.7296875 0.8354166666666667 0.3125 0.21666666666666667
6 0.9070312500000001 0.79375 0.1171875 0.13333333333333333
7 0.9304687500000001 0.5989583333333334 0.13593750000000002 0.20625
9 0.76953125 0.5572916666666666 0.1390625 0.25625
12 0.8390625 0.525 0.078125 0.1875
6 0.8226562500000001 0.3875 0.051562500000000004 0.03333333333333333
1 0.91953125 0.36354166666666665 0.035937500000000004 0.09375
10 0.9046875000000001 0.3958333333333333 0.034375 0.08333333333333333
3 0.82421875 0.43854166666666666 0.17343750000000002 0.07291666666666667
23 0.94296875 0.46875 0.0765625 0.05
