4 0.49296875 0.68125 0.0765625 0.06666666666666667
3 0.5750000000000001 0.8197916666666667 0.29375 0.21875
6 0.7375 0.7458333333333333 0.10625000000000001 0.1125
25 0.9085937500000001 0.8479166666666667 0.0703125 0.08333333333333333
8 0.83203125 0.6791666666666667 0.0734375 0.10416666666666667
7 0.7507812500000001 0.5604166666666667 0.1265625 0.17916666666666667
11 0.91328125 0.5947916666666666 0.1546875 0.15625
22 0.8203125 0.471875 0.043750000000000004 0.06458333333333333
5 0.88984375 0.496875 0.0546875 0.03958333333333333
3 0.8390625 0.4145833333333333 0.153125 0.06666666666666667
24 0.88046875 0.45 0.026562500000000003 0.0375
4 0.8578125000000001 0.37916666666666665 0.046875 0.029166666666666667
9 0.6023437500000001 0.540625 0.1234375 0.24375
12 0.6625000000000001 0.5041666666666667 0.0625 0.17083333333333334
6 0.6429687500000001 0.371875 0.045312500000000006 0.03125
1 0.7273437500000001 0.3458333333333333 0.0328125 0.0875
10 0.7156250000000001 0.37395833333333334 0.028125 0.07708333333333334
3 0.64765625 0.41875 0.15781250000000002 0.0625
23 0.7453125 0.440625 0.05625 0.04375
