4 0.56796875 0.68125 0.0765625 0.06666666666666667
3 0.65390625 0.8177083333333334 0.29531250000000003 0.20208333333333334
6 0.8187500000000001 0.7666666666666666 0.1125 0.12083333333333333
8 0.9203125000000001 0.703125 0.078125 0.10625
7 0.83359375 0.571875 0.13593750000000002 0.18541666666666667
22 0.9148437500000001 0.4875 0.045312500000000006 0.06666666666666667
5 0.9796875 0.5197916666666667 0.037500000000000006 0.03125
3 0.9234375 0.42604166666666665 0.140625 0.06458333333333333
24 0.9812500000000001 0.46979166666666666 0.028125 0.03958333333333333
4 0.9578125000000001 0.39479166666666665 0.05 0.03125
9 0.68125 0.5479166666666666 0.12187500000000001 0.24166666666666667
12 0.7484375000000001 0.5104166666666666 0.06875 0.17916666666666667
6 0.73046875 0.3770833333333333 0.0484375 0.03333333333333333
1 0.8210937500000001 0.3520833333333333 0.0328125 0.0875
10 0.8078125 0.38125 0.03125 0.07916666666666666
3 0.7390625000000001 0.4270833333333333 0.15937500000000002 0.06666666666666667
23 0.84296875 0.45208333333333334 0.06406250000000001 0.05
