4 0.37890625 0.6895833333333333 0.0765625 0.06666666666666667
3 0.46796875000000004 0.8229166666666666 0.29531250000000003 0.24583333333333332
6 0.6234375000000001 0.728125 0.10312500000000001 0.09791666666666667
25 0.7828125 0.80625 0.0625 0.075
26 0.8601562500000001 0.7270833333333333 0.0390625 0.03333333333333333
8 0.7046875 0.6520833333333333 0.0625 0.09166666666666666
7 0.6273437500000001 0.5447916666666667 0.1265625 0.16041666666666665
11 0.7742187500000001 0.5625 0.1390625 0.12916666666666665
22 0.68671875 0.45625 0.035937500000000004 0.0625
5 0.7546875000000001 0.475 0.05 0.0375
3 0.6984375 0.40208333333333335 0.134375 0.05416666666666667
24 0.7421875 0.43333333333333335 0.025 0.03333333333333333
4 0.71875 0.36666666666666664 0.040625 0.025
9 0.48515625 0.5395833333333333 0.1171875 0.24166666666666667
12 0.5421875 0.49374999999999997 0.065625 0.17083333333333334
6 0.51953125 0.3697916666666667 0.045312500000000006 0.03125
1 0.59765625 0.3385416666666667 0.029687500000000002 0.08541666666666667
10 0.58828125 0.365625 0.026562500000000003 0.07708333333333334
3 0.51953125 0.4145833333333333 0.15781250000000002 0.058333333333333334
23 0.625 0.42916666666666664 0.05625 0.041666666666666664
