4 0.6843750000000001 0.6947916666666667 0.078125 0.06875
3 0.77109375 0.8468749999999999 0.3140625 0.22291666666666665
6 0.9460937500000001 0.8145833333333333 0.1015625 0.14166666666666666
7 0.95703125 0.603125 0.08281250000000001 0.19791666666666666
9 0.8132812500000001 0.5645833333333333 0.1453125 0.2583333333333333
12 0.8859375 0.5375 0.078125 0.19166666666666665
6 0.87109375 0.3927083333333333 0.0546875 0.03125
1 0.97265625 0.371875 0.035937500000000004 0.09791666666666667
10 0.9578125000000001 0.4 0.040625 0.0875
3 0.8718750000000001 0.44479166666666664 0.1875 0.07291666666666667
