43 0.47187500000000004 0.584375 0.053125000000000006 0.09791666666666667
45 0.33203125 0.5416666666666666 0.0421875 0.05416666666666667
47 0.40234375 0.6958333333333333 0.0765625 0.041666666666666664
44 0.32734375000000004 0.46979166666666666 0.026562500000000003 0.08541666666666667
1 0.2546875 0.43854166666666666 0.046875 0.10625
11 0.184375 0.5729166666666666 0.23125 0.1125
32 0.29375 0.6322916666666667 0.096875 0.07291666666666667
38 0.25625000000000003 0.74375 0.05 0.06666666666666667
42 0.184375 0.48125 0.037500000000000006 0.05
27 0.20078125000000002 0.4166666666666667 0.0734375 0.03333333333333333
4 0.19375 0.375 0.040625 0.025
6 0.15234375 0.7354166666666666 0.0734375 0.09583333333333333
23 0.15156250000000002 0.4666666666666667 0.078125 0.041666666666666664
23 0.10390625 0.6666666666666666 0.0484375 0.09583333333333333
39 0.115625 0.39375 0.043750000000000004 0.025
15 0.07578125000000001 0.43854166666666666 0.0703125 0.06875
43 0.06953125 0.5177083333333333 0.0484375 0.04791666666666666
31 0.05234375 0.5989583333333334 0.035937500000000004 0.052083333333333336
31 0.021875000000000002 0.503125 0.025 0.03125
