43 0.86875 0.6354166666666666 0.05 0.08333333333333333
45 0.7273437500000001 0.546875 0.0421875 0.052083333333333336
47 0.7820312500000001 0.7208333333333333 0.07968750000000001 0.058333333333333334
44 0.73359375 0.475 0.0234375 0.08333333333333333
1 0.6664062500000001 0.42916666666666664 0.0328125 0.10416666666666667
11 0.59140625 0.54375 0.2015625 0.12916666666666665
32 0.68125 0.6197916666666666 0.09375 0.06458333333333333
38 0.62890625 0.71875 0.045312500000000006 0.058333333333333334
42 0.5945312500000001 0.45625 0.029687500000000002 0.04583333333333333
27 0.6171875 0.3989583333333333 0.0625 0.035416666666666666
4 0.6179687500000001 0.35833333333333334 0.035937500000000004 0.025
6 0.5390625 0.6791666666666667 0.06875 0.075
23 0.56875 0.4375 0.0625 0.025
23 0.509375 0.603125 0.07187500000000001 0.07291666666666667
39 0.54609375 0.365625 0.035937500000000004 0.022916666666666665
15 0.509375 0.3989583333333333 0.059375000000000004 0.05625
43 0.49609375 0.4666666666666667 0.0421875 0.0375
31 0.47187500000000004 0.534375 0.025 0.04375
31 0.45859375 0.44479166666666664 0.0234375 0.027083333333333334
19 0.45625000000000004 0.3770833333333333 0.12187500000000001 0.0625
