43 0.5398437500000001 0.584375 0.045312500000000006 0.09375
45 0.41171875 0.534375 0.0421875 0.052083333333333336
47 0.47734375 0.690625 0.0765625 0.03958333333333333
44 0.40937500000000004 0.465625 0.025 0.08125
1 0.33671875 0.43124999999999997 0.0421875 0.10416666666666667
11 0.27265625 0.5572916666666666 0.22031250000000002 0.11875
32 0.375 0.621875 0.09375 0.06458333333333333
38 0.33359375 0.7270833333333333 0.0484375 0.0625
42 0.27265625 0.46770833333333334 0.0328125 0.04791666666666666
27 0.28828125 0.40625 0.0671875 0.03333333333333333
4 0.2828125 0.365625 0.037500000000000006 0.022916666666666665
6 0.23750000000000002 0.7125 0.07500000000000001 0.09583333333333333
23 0.234375 0.45729166666666665 0.07187500000000001 0.035416666666666666
23 0.19296875000000002 0.6416666666666666 0.0734375 0.0875
39 0.209375 0.38125 0.040625 0.025
15 0.1703125 0.42291666666666666 0.065625 0.0625
43 0.1625 0.49895833333333334 0.043750000000000004 0.04375
31 0.14375000000000002 0.5770833333333333 0.034375 0.05
31 0.11953125 0.48541666666666666 0.026562500000000003 0.029166666666666667
19 0.1046875 0.4083333333333333 0.14375000000000002 0.07083333333333333
