43 0.61875 0.5947916666666666 0.043750000000000004 0.08125
45 0.48984375 0.5333333333333333 0.0421875 0.05416666666666667
47 0.55234375 0.6885416666666666 0.0734375 0.04791666666666666
44 0.48984375 0.46249999999999997 0.0234375 0.08333333333333333
1 0.42265625 0.42604166666666665 0.035937500000000004 0.10208333333333333
11 0.35468750000000004 0.5489583333333333 0.21250000000000002 0.11875
32 0.45156250000000003 0.6145833333333334 0.09375 0.06666666666666667
38 0.41015625 0.7166666666666667 0.045312500000000006 0.0625
42 0.35546875 0.4614583333333333 0.0328125 0.04791666666666666
27 0.37343750000000003 0.4 0.0625 0.029166666666666667
4 0.36875 0.3614583333333333 0.037500000000000006 0.022916666666666665
6 0.3171875 0.6947916666666667 0.06875 0.08541666666666667
23 0.32734375000000004 0.44479166666666664 0.0671875 0.03125
23 0.27578125000000003 0.625 0.0734375 0.07916666666666666
39 0.2984375 0.37395833333333334 0.037500000000000006 0.022916666666666665
15 0.25546875 0.41354166666666664 0.06406250000000001 0.06041666666666667
43 0.25078125 0.4864583333333333 0.045312500000000006 0.04375
31 0.23359375000000002 0.5583333333333333 0.0328125 0.04583333333333333
31 0.21015625000000002 0.46770833333333334 0.026562500000000003 0.027083333333333334
19 0.2 0.39479166666666665 0.134375 0.06458333333333333
