43 0.7429687500000001 0.6083333333333333 0.0484375 0.08333333333333333
45 0.6101562500000001 0.5354166666666667 0.0421875 0.05416666666666667
47 0.6664062500000001 0.6989583333333333 0.0765625 0.052083333333333336
44 0.6125 0.46458333333333335 0.021875000000000002 0.08333333333333333
1 0.54453125 0.425 0.035937500000000004 0.1
11 0.478125 0.5385416666666667 0.203125 0.12291666666666666
32 0.56796875 0.6114583333333333 0.0921875 0.06458333333333333
38 0.52109375 0.7125 0.0421875 0.058333333333333334
42 0.4765625 0.4552083333333333 0.03125 0.04791666666666666
27 0.49609375 0.3958333333333333 0.06406250000000001 0.03333333333333333
4 0.49453125000000003 0.3572916666666667 0.035937500000000004 0.022916666666666665
6 0.43125 0.6822916666666666 0.065625 0.07708333333333334
23 0.44843750000000004 0.4375 0.065625 0.029166666666666667
23 0.39687500000000003 0.6072916666666667 0.07187500000000001 0.07291666666666667
39 0.42500000000000004 0.3677083333333333 0.037500000000000006 0.022916666666666665
15 0.38984375000000004 0.3989583333333333 0.06406250000000001 0.06041666666666667
43 0.37890625 0.471875 0.0421875 0.03958333333333333
31 0.35546875 0.5416666666666666 0.0328125 0.04583333333333333
31 0.33984375 0.45208333333333334 0.026562500000000003 0.029166666666666667
19 0.33515625000000004 0.38125 0.1265625 0.0625
