6 0.6609375000000001 0.7229166666666667 0.12812500000000002 0.075
11 0.43281250000000004 0.690625 0.246875 0.17291666666666666
18 0.540625 0.646875 0.065625 0.08125
4 0.384375 0.8302083333333333 0.10312500000000001 0.10208333333333333
16 0.54140625 0.8072916666666666 0.16718750000000002 0.035416666666666666
3 0.48515625 0.5552083333333333 0.2078125 0.13125
2 0.36250000000000004 0.4395833333333333 0.09062500000000001 0.041666666666666664
20 0.34765625 0.38229166666666664 0.1078125 0.06875
23 0.3171875 0.5875 0.084375 0.07916666666666666
3 0.375 0.5 0.171875 0.07083333333333333
15 0.26171875 0.44479166666666664 0.0921875 0.08125
5 0.2625 0.6791666666666667 0.10312500000000001 0.0375
6 0.2890625 0.5427083333333333 0.08125 0.035416666666666666
14 0.25546875 0.3802083333333333 0.1015625 0.08541666666666667
0 0.1859375 0.790625 0.21250000000000002 0.21875
3 0.16640625 0.5375 0.20468750000000002 0.1
19 0.15781250000000002 0.6229166666666667 0.20625000000000002 0.16666666666666666
4 0.15234375 0.4864583333333333 0.0546875 0.035416666666666666
7 0.16640625 0.42916666666666664 0.17343750000000002 0.09166666666666666
