6 0.78125 0.74375 0.134375 0.08333333333333333
11 0.54296875 0.690625 0.2421875 0.17708333333333334
18 0.6578125 0.65625 0.07187500000000001 0.08333333333333333
4 0.49140625000000004 0.8197916666666667 0.09843750000000001 0.09375
16 0.65234375 0.81875 0.1703125 0.058333333333333334
3 0.6046875 0.5614583333333333 0.21250000000000002 0.11041666666666666
2 0.48828125 0.4354166666666667 0.0890625 0.0375
20 0.478125 0.3729166666666667 0.10312500000000001 0.06666666666666667
23 0.4375 0.5729166666666666 0.078125 0.075
3 0.496875 0.490625 0.171875 0.06875
15 0.37890625 0.4322916666666667 0.0921875 0.08125
5 0.3828125 0.6583333333333333 0.1 0.041666666666666664
6 0.4140625 0.5260416666666666 0.08125 0.035416666666666666
14 0.39140625 0.36875 0.09531250000000001 0.0875
0 0.309375 0.7572916666666667 0.19062500000000002 0.19791666666666666
3 0.30312500000000003 0.515625 0.184375 0.09375
19 0.29296875 0.59375 0.1859375 0.15416666666666667
4 0.29140625000000003 0.46458333333333335 0.0546875 0.0375
7 0.30703125000000003 0.4114583333333333 0.15781250000000002 0.08958333333333333
13 0.33671875 0.9208333333333333 0.21406250000000002 0.05
