6 0.93125 0.7916666666666666 0.1375 0.10416666666666667
11 0.6890625 0.7072916666666667 0.240625 0.19791666666666666
18 0.8046875 0.6791666666666667 0.07500000000000001 0.08333333333333333
4 0.6218750000000001 0.825 0.1 0.09166666666666666
16 0.790625 0.85 0.184375 0.08333333333333333
3 0.7546875000000001 0.578125 0.22187500000000002 0.10208333333333333
2 0.63671875 0.440625 0.0890625 0.03958333333333333
20 0.6312500000000001 0.3770833333333333 0.096875 0.07083333333333333
23 0.5765625 0.5708333333333333 0.078125 0.075
3 0.64609375 0.49895833333333334 0.17343750000000002 0.07708333333333334
15 0.55234375 0.42916666666666664 0.0765625 0.07083333333333333
5 0.51875 0.6541666666666667 0.1 0.041666666666666664
6 0.5546875 0.5260416666666666 0.07187500000000001 0.035416666666666666
14 0.540625 0.3677083333333333 0.09375 0.08541666666666667
0 0.446875 0.7427083333333333 0.178125 0.18958333333333333
3 0.45234375000000004 0.503125 0.1796875 0.08125
19 0.4375 0.5833333333333334 0.178125 0.15
4 0.44140625 0.4552083333333333 0.051562500000000004 0.035416666666666666
7 0.4578125 0.40625 0.146875 0.09583333333333333
13 0.46406250000000004 0.896875 0.209375 0.03958333333333333
