6 0.47578125000000004 0.7125 0.1296875 0.041666666666666664
11 0.23046875 0.721875 0.26406250000000003 0.16041666666666665
18 0.3453125 0.659375 0.065625 0.08958333333333333
4 0.18906250000000002 0.88125 0.10625000000000001 0.1125
16 0.359375 0.81875 0.17500000000000002 0.0625
3 0.27968750000000003 0.5729166666666666 0.22812500000000002 0.14583333333333334
26 0.14609375 0.571875 0.0328125 0.035416666666666666
2 0.14609375 0.46249999999999997 0.1015625 0.05
20 0.1265625 0.40208333333333335 0.12187500000000001 0.075
23 0.096875 0.6302083333333334 0.1 0.08541666666666667
3 0.15546875000000002 0.5291666666666667 0.1921875 0.1
15 0.0484375 0.47812499999999997 0.09375 0.08541666666666667
5 0.05234375 0.7364583333333333 0.1046875 0.027083333333333334
6 0.07187500000000001 0.5791666666666666 0.08750000000000001 0.041666666666666664
14 0.0421875 0.41354166666666664 0.084375 0.09375
