6 0.5476562500000001 0.7114583333333333 0.1265625 0.06041666666666667
11 0.31562500000000004 0.70625 0.25625000000000003 0.16666666666666666
18 0.421875 0.6510416666666666 0.065625 0.08958333333333333
4 0.2703125 0.8541666666666666 0.10312500000000001 0.10416666666666667
16 0.43125 0.8104166666666667 0.171875 0.05
3 0.3640625 0.5666666666666667 0.215625 0.1375
26 0.24375000000000002 0.55625 0.025 0.03333333333333333
2 0.23984375000000002 0.44895833333333335 0.1015625 0.04791666666666666
20 0.21015625000000002 0.39166666666666666 0.1203125 0.06666666666666667
23 0.18828125 0.6114583333333333 0.09531250000000001 0.08125
3 0.25078125 0.5072916666666667 0.1859375 0.08958333333333333
15 0.14453125 0.46041666666666664 0.0921875 0.08333333333333333
5 0.13125 0.709375 0.1125 0.035416666666666666
6 0.15703125 0.5604166666666667 0.0859375 0.041666666666666664
14 0.11328125 0.3989583333333333 0.11093750000000001 0.08958333333333333
0 0.08515625 0.8322916666666667 0.1703125 0.22708333333333333
3 0.0703125 0.5583333333333333 0.1375 0.1
19 0.06640625 0.6625 0.1328125 0.1875
4 0.0234375 0.5145833333333333 0.043750000000000004 0.03333333333333333
7 0.060937500000000006 0.4583333333333333 0.12187500000000001 0.0875
