6 0.4375 0.7145833333333333 0.13125 0.041666666666666664
11 0.1921875 0.73125 0.265625 0.1625
18 0.30625 0.665625 0.065625 0.08958333333333333
4 0.1484375 0.8958333333333334 0.10625000000000001 0.1125
16 0.321875 0.8270833333333333 0.17500000000000002 0.0625
3 0.240625 0.58125 0.22812500000000002 0.14583333333333334
26 0.10703125000000001 0.5822916666666667 0.0328125 0.035416666666666666
2 0.09843750000000001 0.4708333333333333 0.1 0.05416666666666667
20 0.08203125 0.409375 0.1171875 0.07291666666666667
23 0.05625 0.6416666666666666 0.1 0.0875
3 0.11640625 0.5375 0.1921875 0.1
