6 0.40078125000000003 0.7177083333333333 0.1296875 0.03958333333333333
11 0.14921875 0.7416666666666667 0.2765625 0.15833333333333333
18 0.2671875 0.6739583333333333 0.065625 0.08958333333333333
4 0.10703125000000001 0.9114583333333334 0.11093750000000001 0.11458333333333333
16 0.28359375000000003 0.8364583333333333 0.1765625 0.06458333333333333
3 0.19921875 0.5916666666666667 0.2328125 0.15
26 0.0671875 0.5947916666666666 0.034375 0.035416666666666666
2 0.051562500000000004 0.48125 0.10312500000000001 0.05416666666666667
20 0.046875 0.41562499999999997 0.09375 0.08125
23 0.029687500000000002 0.65625 0.059375000000000004 0.09583333333333333
3 0.084375 0.54375 0.16875 0.1
