6 0.7390625000000001 0.7375 0.12812500000000002 0.075
11 0.50546875 0.690625 0.2421875 0.17708333333333334
18 0.6171875 0.653125 0.065625 0.08125
4 0.4578125 0.821875 0.10312500000000001 0.10208333333333333
16 0.6156250000000001 0.8145833333333333 0.16875 0.041666666666666664
3 0.5632812500000001 0.553125 0.2078125 0.13125
2 0.4453125 0.4354166666666667 0.09062500000000001 0.041666666666666664
20 0.43359375 0.378125 0.1046875 0.06875
23 0.3953125 0.5791666666666666 0.084375 0.07916666666666666
3 0.4578125 0.49583333333333335 0.16875 0.06666666666666667
15 0.33984375 0.43645833333333334 0.0921875 0.08125
5 0.34296875000000004 0.6645833333333333 0.09843750000000001 0.0375
6 0.375 0.5302083333333333 0.08125 0.035416666666666666
14 0.34609375000000003 0.371875 0.1015625 0.08541666666666667
0 0.2671875 0.76875 0.2 0.20833333333333334
3 0.2578125 0.51875 0.19375 0.09583333333333333
19 0.24609375 0.6052083333333333 0.1953125 0.16458333333333333
4 0.24609375 0.471875 0.0546875 0.035416666666666666
7 0.25703125 0.4197916666666667 0.1640625 0.08958333333333333
13 0.30078125 0.928125 0.22031250000000002 0.06041666666666667
