6 0.90234375 0.7802083333333333 0.13593750000000002 0.08541666666666667
11 0.6671875 0.7020833333333333 0.240625 0.2
18 0.78046875 0.6739583333333333 0.0765625 0.08541666666666667
4 0.6015625 0.8229166666666666 0.1 0.09166666666666666
16 0.7671875 0.8416666666666667 0.17500000000000002 0.0625
3 0.72421875 0.5739583333333333 0.2109375 0.10625
2 0.6117187500000001 0.4375 0.0890625 0.041666666666666664
20 0.6039062500000001 0.375 0.09843750000000001 0.07083333333333333
23 0.5546875 0.5708333333333333 0.078125 0.075
3 0.62109375 0.496875 0.17343750000000002 0.07708333333333334
15 0.5296875 0.4302083333333333 0.078125 0.07291666666666667
5 0.496875 0.6541666666666667 0.1 0.041666666666666664
6 0.5328125 0.525 0.07187500000000001 0.0375
14 0.5164062500000001 0.36875 0.09531250000000001 0.0875
0 0.42500000000000004 0.7416666666666667 0.178125 0.19166666666666665
3 0.42812500000000003 0.5020833333333333 0.18125000000000002 0.08333333333333333
19 0.415625 0.5833333333333334 0.178125 0.15
4 0.41718750000000004 0.45416666666666666 0.053125000000000006 0.0375
7 0.43281250000000004 0.40625 0.146875 0.09583333333333333
13 0.4453125 0.8989583333333333 0.209375 0.03958333333333333
