6 0.86328125 0.7677083333333333 0.13593750000000002 0.08541666666666667
11 0.6195312500000001 0.7010416666666667 0.24531250000000002 0.18541666666666667
18 0.7359375 0.6677083333333333 0.07187500000000001 0.08541666666666667
4 0.565625 0.8197916666666667 0.096875 0.08958333333333333
16 0.7296875 0.8333333333333334 0.17500000000000002 0.0625
3 0.68515625 0.5697916666666667 0.2109375 0.10625
2 0.56875 0.4354166666666667 0.08750000000000001 0.0375
20 0.55859375 0.3729166666666667 0.1015625 0.06666666666666667
23 0.515625 0.5708333333333333 0.078125 0.075
3 0.5789062500000001 0.49583333333333335 0.1703125 0.07083333333333333
15 0.48359375000000004 0.43124999999999997 0.0765625 0.075
5 0.4578125 0.6541666666666667 0.1 0.041666666666666664
6 0.4921875 0.5239583333333333 0.08125 0.035416666666666666
14 0.47187500000000004 0.3677083333333333 0.09375 0.08541666666666667
0 0.38593750000000004 0.746875 0.19062500000000002 0.19791666666666666
3 0.384375 0.5083333333333333 0.18125000000000002 0.09166666666666666
19 0.37265625 0.5864583333333333 0.18281250000000002 0.15208333333333332
4 0.37031250000000004 0.45729166666666665 0.053125000000000006 0.035416666666666666
7 0.390625 0.4083333333333333 0.15000000000000002 0.09166666666666666
13 0.41015625 0.9072916666666666 0.2078125 0.035416666666666666
