28 0.7039062500000001 0.6708333333333333 0.0671875 0.0625
2 0.46718750000000003 0.6427083333333333 0.109375 0.03125
0 0.36796875 0.45208333333333334 0.1203125 0.08333333333333333
48 0.5234375 0.734375 0.03125 0.04791666666666666
47 0.54140625 0.5666666666666667 0.0765625 0.07916666666666666
42 0.6375000000000001 0.5958333333333333 0.046875 0.0625
13 0.43203125000000003 0.5510416666666667 0.0890625 0.052083333333333336
30 0.39140625 0.40208333333333335 0.0890625 0.041666666666666664
12 0.49296875 0.471875 0.1078125 0.07291666666666667
34 0.31875000000000003 0.6635416666666667 0.1875 0.4895833333333333
19 0.3828125 0.3677083333333333 0.115625 0.05625
9 0.2859375 0.3927083333333333 0.09375 0.10625
15 0.20078125000000002 0.4114583333333333 0.0859375 0.07708333333333334
34 0.23828125 0.515625 0.1640625 0.15208333333333332
50 0.21953125 0.6677083333333333 0.0859375 0.08125
