28 0.5476562500000001 0.6541666666666667 0.06406250000000001 0.058333333333333334
2 0.31484375000000003 0.659375 0.1171875 0.04375
0 0.18984375 0.4739583333333333 0.1265625 0.08958333333333333
48 0.37421875000000004 0.740625 0.029687500000000002 0.052083333333333336
47 0.384375 0.5708333333333333 0.078125 0.08333333333333333
42 0.48281250000000003 0.5895833333333333 0.046875 0.0625
13 0.26328125 0.575 0.1046875 0.07083333333333333
30 0.21015625000000002 0.4166666666666667 0.09843750000000001 0.04583333333333333
12 0.3296875 0.48020833333333335 0.1125 0.07291666666666667
34 0.16718750000000002 0.7083333333333334 0.17500000000000002 0.5333333333333333
19 0.2 0.3885416666666667 0.13125 0.06875
