28 0.9625 0.740625 0.07187500000000001 0.07708333333333334
2 0.7015625000000001 0.6677083333333333 0.115625 0.03958333333333333
0 0.6195312500000001 0.4479166666666667 0.11406250000000001 0.08333333333333333
48 0.75390625 0.7604166666666666 0.0328125 0.05
47 0.784375 0.5916666666666667 0.084375 0.08333333333333333
42 0.8953125000000001 0.6427083333333333 0.059375000000000004 0.06458333333333333
13 0.66796875 0.559375 0.0890625 0.03958333333333333
30 0.6359375 0.4 0.09062500000000001 0.041666666666666664
12 0.7445312500000001 0.4875 0.11406250000000001 0.07916666666666666
34 0.5609375 0.6447916666666667 0.15625 0.45625
9 0.540625 0.378125 0.08125 0.09375
15 0.4578125 0.39479166666666665 0.07187500000000001 0.06875
34 0.48671875000000003 0.49583333333333335 0.1546875 0.14583333333333334
50 0.45546875000000003 0.6395833333333333 0.0765625 0.07916666666666666
