28 0.6234375000000001 0.6614583333333334 0.06875 0.06458333333333333
2 0.39296875000000003 0.6489583333333333 0.11406250000000001 0.03958333333333333
0 0.2890625 0.4552083333333333 0.12187500000000001 0.08541666666666667
48 0.44921875 0.7322916666666667 0.029687500000000002 0.052083333333333336
47 0.4625 0.5645833333333333 0.078125 0.08333333333333333
42 0.55859375 0.5927083333333333 0.0484375 0.06458333333333333
13 0.35390625000000003 0.55625 0.0921875 0.05416666666666667
30 0.30625 0.40520833333333334 0.08750000000000001 0.04375
12 0.41328125000000004 0.47291666666666665 0.1078125 0.07083333333333333
34 0.234375 0.68125 0.203125 0.5
19 0.296875 0.3729166666666667 0.12187500000000001 0.05416666666666667
9 0.20234375000000002 0.4010416666666667 0.1015625 0.10625
15 0.10546875 0.42604166666666665 0.0890625 0.08125
34 0.146875 0.528125 0.171875 0.15625
50 0.13203125000000002 0.6875 0.0859375 0.08333333333333333
