28 0.584375 0.6552083333333333 0.06875 0.06458333333333333
2 0.353125 0.653125 0.115625 0.03958333333333333
0 0.24765625000000002 0.46041666666666664 0.1203125 0.08333333333333333
48 0.41171875 0.7364583333333333 0.029687500000000002 0.052083333333333336
47 0.4234375 0.5666666666666667 0.078125 0.08333333333333333
42 0.5203125000000001 0.5895833333333333 0.046875 0.0625
13 0.30234375 0.5708333333333333 0.1046875 0.07083333333333333
30 0.2609375 0.409375 0.08750000000000001 0.04375
12 0.37343750000000003 0.47604166666666664 0.109375 0.07291666666666667
34 0.19453125000000002 0.684375 0.20468750000000002 0.5020833333333333
19 0.25078125 0.37916666666666665 0.1234375 0.0625
9 0.15234375 0.409375 0.1015625 0.10625
15 0.05625 0.4354166666666667 0.09062500000000001 0.07916666666666666
34 0.1015625 0.534375 0.178125 0.16458333333333333
50 0.08828125 0.7020833333333333 0.0921875 0.0875
