28 0.78515625 0.6885416666666666 0.0734375 0.06458333333333333
2 0.54453125 0.65 0.11093750000000001 0.0375
0 0.45625000000000004 0.44479166666666664 0.1125 0.08541666666666667
48 0.5984375000000001 0.7364583333333333 0.03125 0.04791666666666666
47 0.61875 0.5708333333333333 0.078125 0.07916666666666666
42 0.71875 0.6083333333333333 0.05 0.06666666666666667
13 0.509375 0.55 0.09062500000000001 0.05
30 0.4703125 0.3989583333333333 0.084375 0.04375
12 0.57578125 0.4739583333333333 0.1046875 0.07291666666666667
34 0.40078125000000003 0.6510416666666666 0.17343750000000002 0.46875
9 0.375 0.3854166666666667 0.08125 0.09583333333333333
15 0.2890625 0.403125 0.08125 0.07291666666666667
34 0.32421875 0.5020833333333333 0.1609375 0.14583333333333334
50 0.29765625 0.653125 0.0859375 0.08125
