34 0.6890625 0.509375 0.22187500000000002 0.33958333333333335
8 0.67734375 0.95 0.0859375 0.1
33 0.8070312500000001 0.8489583333333334 0.0890625 0.2604166666666667
35 0.7625000000000001 0.8260416666666667 0.053125000000000006 0.09375
26 0.7445312500000001 0.775 0.0484375 0.041666666666666664
5 0.63984375 0.7489583333333333 0.1328125 0.09791666666666667
32 0.49140625000000004 0.7791666666666667 0.11093750000000001 0.13333333333333333
28 0.49843750000000003 0.6416666666666666 0.046875 0.07083333333333333
27 0.503125 0.9395833333333333 0.11875000000000001 0.11666666666666667
30 0.30781250000000004 0.6114583333333333 0.1875 0.18541666666666667
11 0.2015625 0.8624999999999999 0.403125 0.26666666666666666
29 0.13828125 0.7458333333333333 0.1328125 0.08333333333333333
