34 0.90625 0.5489583333333333 0.1875 0.3854166666666667
26 0.98046875 0.8552083333333333 0.035937500000000004 0.052083333333333336
5 0.87421875 0.8041666666666667 0.1484375 0.125
32 0.7078125000000001 0.7979166666666666 0.109375 0.14166666666666666
28 0.72421875 0.6583333333333333 0.051562500000000004 0.07083333333333333
27 0.703125 0.9427083333333334 0.10625000000000001 0.11458333333333333
30 0.53671875 0.59375 0.1703125 0.1625
11 0.38203125000000004 0.8572916666666667 0.4453125 0.28125
29 0.37343750000000003 0.69375 0.11875000000000001 0.09166666666666666
5 0.23593750000000002 0.6729166666666666 0.1125 0.0625
2 0.16875 0.571875 0.053125000000000006 0.06458333333333333
26 0.1328125 0.65625 0.028125 0.041666666666666664
13 0.1125 0.8479166666666667 0.14375000000000002 0.10416666666666667
36 0.07968750000000001 0.7010416666666667 0.078125 0.09791666666666667
21 0.03125 0.65 0.0625 0.125
