34 0.52578125 0.5 0.2078125 0.31666666666666665
8 0.54296875 0.9416666666666667 0.07968750000000001 0.1125
33 0.66015625 0.8145833333333333 0.0734375 0.24583333333333332
35 0.61484375 0.796875 0.045312500000000006 0.08958333333333333
26 0.5984375000000001 0.753125 0.043750000000000004 0.03958333333333333
5 0.49921875000000004 0.740625 0.1265625 0.08125
32 0.35000000000000003 0.790625 0.11875000000000001 0.12291666666666666
28 0.35234375 0.65 0.051562500000000004 0.075
27 0.36953125000000003 0.9479166666666666 0.1203125 0.1
30 0.1453125 0.6520833333333333 0.209375 0.21666666666666667
11 0.1296875 0.884375 0.25625000000000003 0.22708333333333333
