34 0.44453125000000004 0.5010416666666666 0.21406250000000002 0.3020833333333333
8 0.47500000000000003 0.9427083333333334 0.078125 0.11041666666666666
33 0.58828125 0.80625 0.0671875 0.24583333333333332
35 0.5421875 0.790625 0.040625 0.08541666666666667
26 0.5265625 0.75 0.043750000000000004 0.0375
5 0.4265625 0.7479166666666667 0.12812500000000002 0.06666666666666667
32 0.27578125000000003 0.809375 0.1234375 0.12708333333333333
28 0.27578125000000003 0.6625 0.051562500000000004 0.075
27 0.29296875 0.9562499999999999 0.1078125 0.08333333333333333
30 0.08515625 0.6697916666666667 0.16718750000000002 0.21875
11 0.0890625 0.9020833333333333 0.178125 0.19583333333333333
