34 0.7757812500000001 0.5197916666666667 0.24531250000000002 0.35625
8 0.7468750000000001 0.953125 0.08750000000000001 0.09375
33 0.88984375 0.8697916666666666 0.1015625 0.2604166666666667
35 0.84140625 0.8489583333333334 0.051562500000000004 0.09375
26 0.821875 0.7958333333333333 0.046875 0.041666666666666664
5 0.71484375 0.7604166666666666 0.13593750000000002 0.10416666666666667
32 0.56171875 0.778125 0.1078125 0.13541666666666666
28 0.5734375 0.6416666666666666 0.046875 0.07083333333333333
27 0.571875 0.9385416666666666 0.1125 0.11875
30 0.38593750000000004 0.6010416666666667 0.178125 0.18125
11 0.2328125 0.8624999999999999 0.4625 0.275
29 0.22265625 0.7208333333333333 0.1328125 0.08333333333333333
5 0.0671875 0.7166666666666667 0.11875000000000001 0.075
