34 0.48515625 0.5010416666666666 0.2078125 0.3145833333333333
8 0.509375 0.9416666666666667 0.078125 0.1125
33 0.62265625 0.8104166666666667 0.0734375 0.24583333333333332
35 0.578125 0.79375 0.043750000000000004 0.0875
26 0.56171875 0.75 0.045312500000000006 0.041666666666666664
5 0.4625 0.7427083333333333 0.12812500000000002 0.08125
32 0.31328125 0.8010416666666667 0.1234375 0.12708333333333333
28 0.31484375000000003 0.65625 0.051562500000000004 0.075
27 0.33203125 0.9510416666666667 0.11406250000000001 0.08958333333333333
30 0.10625000000000001 0.6604166666666667 0.209375 0.21666666666666667
11 0.10859375 0.8927083333333333 0.2171875 0.21041666666666667
