32 0.8210937500000001 0.8270833333333333 0.11406250000000001 0.15833333333333333
28 0.8453125 0.68125 0.059375000000000004 0.075
27 0.7914062500000001 0.9583333333333334 0.07968750000000001 0.08333333333333333
30 0.6507812500000001 0.6020833333333333 0.1796875 0.15833333333333333
11 0.4921875 0.8583333333333333 0.44062500000000004 0.2625
29 0.48359375000000004 0.6864583333333333 0.11406250000000001 0.08958333333333333
5 0.353125 0.6489583333333333 0.10625000000000001 0.052083333333333336
2 0.29531250000000003 0.5489583333333333 0.043750000000000004 0.06041666666666667
26 0.25859375 0.628125 0.026562500000000003 0.035416666666666666
13 0.23515625 0.80625 0.1328125 0.075
36 0.209375 0.665625 0.06875 0.09375
21 0.15234375 0.6125 0.0765625 0.11666666666666667
31 0.0921875 0.7645833333333333 0.07500000000000001 0.07083333333333333
21 0.10625000000000001 0.54375 0.0625 0.10416666666666667
