34 0.8617187500000001 0.5364583333333334 0.2609375 0.3770833333333333
8 0.81953125 0.9708333333333333 0.0921875 0.058333333333333334
33 0.9554687500000001 0.884375 0.0859375 0.23124999999999998
35 0.9234375 0.8781249999999999 0.059375000000000004 0.09375
26 0.9046875000000001 0.821875 0.053125000000000006 0.052083333333333336
5 0.7921875 0.7802083333333333 0.140625 0.11458333333333333
32 0.634375 0.7864583333333334 0.109375 0.13958333333333334
28 0.64765625 0.6479166666666667 0.0484375 0.07083333333333333
27 0.6359375 0.9385416666666666 0.1125 0.11875
30 0.4609375 0.5989583333333334 0.178125 0.18125
11 0.30625 0.8604166666666666 0.4625 0.275
29 0.29765625 0.7083333333333334 0.1265625 0.0875
5 0.15078125 0.690625 0.1171875 0.07291666666666667
2 0.08359375000000001 0.5947916666666666 0.0578125 0.06875
26 0.04453125 0.684375 0.029687500000000002 0.03958333333333333
13 0.05078125 0.8770833333333333 0.1015625 0.09583333333333333
