32 0.8625 0.8375 0.11875000000000001 0.15833333333333333
28 0.8890625000000001 0.6947916666666667 0.059375000000000004 0.07708333333333334
30 0.690625 0.60625 0.178125 0.15833333333333333
11 0.52734375 0.859375 0.4421875 0.25625
29 0.5203125000000001 0.6864583333333333 0.1125 0.08958333333333333
5 0.390625 0.6447916666666667 0.10625000000000001 0.052083333333333336
2 0.33437500000000003 0.5447916666666667 0.046875 0.06041666666666667
26 0.29921875000000003 0.6197916666666666 0.026562500000000003 0.035416666666666666
13 0.2703125 0.7979166666666666 0.13125 0.075
36 0.2484375 0.6583333333333333 0.06875 0.09166666666666666
21 0.19609375 0.603125 0.0734375 0.11458333333333333
31 0.13593750000000002 0.7489583333333333 0.07500000000000001 0.06875
21 0.153125 0.5333333333333333 0.0625 0.10416666666666667
20 0.049218750000000006 0.5479166666666666 0.09843750000000001 0.3625
